1.7830593323193618005007e+01
1.7830593323193681953853e+01
1.7830593323193699717422e+01
1.7830593323193717480990e+01
1.7830593323193728139131e+01
1.7830593323193799193405e+01
1.7830593323193898669388e+01
1.7830593323194392496589e+01
1.7830593323195550681248e+01
1.7830593323197753363729e+01
1.7830593323204769973245e+01
1.7830593323211381573401e+01
1.7830593323237298619688e+01
1.7830593323254671389577e+01
1.7830593323321885179666e+01
1.7830593323366464630908e+01
1.7830593323497065938454e+01
1.7830593323635216762568e+01
1.7830593323828576757251e+01
1.7830593324161775115044e+01
1.7830593324385681341937e+01
1.7830593325016430128471e+01
1.7830593325349340716457e+01
1.7830593326338792792285e+01
1.7830593326824700994848e+01
1.7830593328134266783991e+01
1.7830593329051023232523e+01
1.7830593330454089340265e+01
1.7830593331809382107167e+01
1.7830593330760340364805e+01
1.7830593317155791766027e+01
1.7830593208993317233535e+01
1.7830592473624353289097e+01
1.7830587469183566184938e+01
1.7830552950975455672733e+01
1.7830373519336092158483e+01
1.7829794337756379007942e+01
1.7829480483439098748022e+01
1.7829508862255138978981e+01
1.7829509215940554156532e+01
1.7829507885487672069758e+01
1.7829506346540291872316e+01
1.7829504825973319981358e+01
1.7829503272888267417784e+01
1.7829501680097237681366e+01
1.7829499726181936125613e+01
1.7829496962355822375912e+01
1.7829491029956038516957e+01
1.7829476662915418216926e+01
1.7829432452487225191362e+01
1.7829270977119147545409e+01
1.7829029259062792789337e+01
1.7828899600372988487607e+01
1.7828702564465455537857e+01
1.7828606683641968544407e+01
1.7828305763232336289548e+01
1.7828173914513254061376e+01
1.7828062581200555314354e+01
1.7828009826281910221724e+01
1.7827990890826630021593e+01
1.7827975635841255552805e+01
