6.2844419434119345169165e+00
6.2844418185348747130092e+00
6.2844418924936471526621e+00
6.2844418502777790180858e+00
6.2844418638586851955097e+00
6.2844418696732553542006e+00
6.2844418545873530490553e+00
6.2844418727799506996234e+00
6.2844418556708845358116e+00
6.2844418699398536531930e+00
6.2844418593209505630170e+00
6.2844418665577359561780e+00
6.2844418622259512474670e+00
6.2844418644224822045885e+00
6.2844418637213079747994e+00
6.2844418635391035010684e+00
6.2844418641905530620306e+00
6.2844418633899996606829e+00
6.2844418641677100012544e+00
6.2844418635189569499744e+00
6.2844418640114918517270e+00
6.2844418636766903318858e+00
6.2844418638816348376963e+00
6.2844418637778671765659e+00
6.2844418638137335975102e+00
6.2844418638206933636070e+00
6.2844418637923871173712e+00
6.2844418638287633527284e+00
6.2844418637936829696855e+00
6.2844418638234351703886e+00
6.2844418638018355593999e+00
6.2844418638219767814235e+00
6.2844418638447621106025e+00
6.2844418640615744564570e+00
6.2844418654895353171241e+00
6.2844418730788556004541e+00
6.2844418985028287494288e+00
6.2844419308143084634821e+00
6.2844419587411115557529e+00
6.2844419870526886384710e+00
6.2844420152802866752495e+00
6.2844420436729189205494e+00
6.2844420717685114397000e+00
6.2844421004048953705023e+00
6.2844421281516860133820e+00
6.2844421574556355025720e+00
6.2844421840190998196363e+00
6.2844422154829340243509e+00
6.2844422386799019264458e+00
6.2844422770032144498487e+00
6.2844422924864700163994e+00
6.2844423461819536314010e+00
6.2844423540205323064356e+00
6.2844424053599068358267e+00
6.2844424243404422014692e+00
6.2844424635238720355801e+00
6.2844424947565107331116e+00
6.2844425259609799638838e+00
6.2844425583481591246482e+00
6.2844425888423760540036e+00
6.2844426205252545969415e+00
