1.2566370614294139745198e-03
2.6637381465147283226766e-04
1.7292393554734798982037e-04
1.9506815789797039774507e-04
3.2798129354352628108630e-05
1.3707292368089844239107e-04
1.1693676272250879574858e-06
7.9117775818546770072795e-05
2.4516451708789835747153e-06
3.7554059503284007066632e-05
7.7124777326093330200160e-06
1.4219881159700693557934e-05
9.2599527260938403451724e-06
3.8641241881227342860579e-06
7.6165656390506318495419e-06
5.0742777628754975629931e-07
4.9223733684843618539119e-06
4.4013092521150083293456e-09
2.6036164174013920684749e-06
2.2912796369877201602700e-07
1.1205750060314345398612e-06
4.0254343519557521886490e-07
3.7040984871106501893949e-07
3.9598718218417644451013e-07
7.7694864326139837088148e-08
2.8877495169608862970542e-07
3.6528068074050136293793e-09
1.6918664894382187860970e-07
4.4314605354975209345944e-09
8.0881862116334613446401e-08
1.5879630328181127147183e-08
3.0589507807810401360464e-08
1.9686595753221807813357e-08
8.1587952587534640150784e-09
1.6371645252379285308281e-08
9.8106628089101908033937e-10
1.0568551093459622904775e-08
2.8761015685357889484447e-11
5.5081622511955051407501e-09
6.0579553862346558342069e-10
2.2866278121145949609170e-09
9.9641338481853245424217e-10
6.9590854013272851053836e-10
9.4628885227804536920945e-10
1.1537591205647212328398e-10
6.6572496764277334253577e-10
2.9514311639625592666387e-13
3.7074126543548536744078e-10
2.6760336019118793483398e-11
1.6317680028701041139597e-10
5.7413460568851111245099e-11
5.2796385028878169378589e-11
6.0610855344632427257551e-11
9.6229103383522157831357e-12
4.5366288587275814003953e-11
8.8200678799267062916264e-14
2.6324652957258207965946e-11
1.7745189689076088109623e-12
1.1888816512261033892859e-11
4.2323503588033836032468e-12
3.8689007196142276557218e-12
