1.8828395967782602937746e+00
1.8828395967775837238634e+00
1.8828395967774997910027e+00
1.8828395967770086283366e+00
1.8828395967769635532818e+00
1.8828395967765232388302e+00
1.8828395967763507101722e+00
1.8828395967757076689963e+00
1.8828395967751105910537e+00
1.8828395967736784033519e+00
1.8828395967715150227662e+00
1.8828395967684914413809e+00
1.8828395967619544482119e+00
1.8828395967571069924418e+00
1.8828395967410400668740e+00
1.8828395967363427132568e+00
1.8828395967035427283065e+00
1.8828395967031787971990e+00
1.8828395966554529739057e+00
1.8828395967211277728381e+00
1.8828395973752511949328e+00
1.8828396037828627473942e+00
1.8828396601010621846939e+00
1.8828401530685088260952e+00
1.8828444617172654940163e+00
1.8828805084291395655072e+00
1.8830604026727282285236e+00
1.8833307836625330367042e+00
1.8833802132044532573474e+00
1.8833860070561929678234e+00
1.8833830534449351734594e+00
1.8833798841215201314014e+00
1.8833790112614361422771e+00
1.8833820341248419527602e+00
1.8833921504725075202202e+00
1.8834164426503408051872e+00
1.8834508599006662965536e+00
1.8834744899333795142837e+00
1.8834904880359573109416e+00
1.8835018621476848910135e+00
1.8835094071768900825248e+00
1.8835154316634741267222e+00
1.8835212527461031584153e+00
1.8835323387405085160395e+00
1.8835426104287333881615e+00
1.8835503793540144812368e+00
1.8835595103231692615253e+00
1.8835677314466894305411e+00
1.8835993289262684680097e+00
1.8836206843094929208604e+00
1.8836495565125990214739e+00
1.8836862387154660325450e+00
1.8837196383990832959654e+00
1.8838669163440107112706e+00
1.8838419921912075150061e+00
1.8839489195608980498520e+00
1.8839354432353965229652e+00
1.8841426384132093918566e+00
1.8840519527782877418076e+00
1.8841574347757412688509e+00
1.8840857582989369856108e+00
