4.4576570145109421616780e+01
4.4576570145109414511353e+01
4.4576570145109428722208e+01
4.4576570145109421616780e+01
4.4576570145109414511353e+01
4.4576570145109414511353e+01
4.4576570145109414511353e+01
4.4576570145109428722208e+01
4.4576570145109421616780e+01
4.4576570145109421616780e+01
4.4576570145109421616780e+01
4.4576570145109407405926e+01
4.4576570145109393195071e+01
4.4576570145109386089644e+01
4.4576570145109386089644e+01
4.4576570145109378984216e+01
4.4576570145109378984216e+01
4.4576570145109378984216e+01
4.4576570145109371878789e+01
4.4576570145109343457079e+01
4.4576570145109293719088e+01
4.4576570145109243981096e+01
4.4576570145109187137678e+01
4.4576570145109130294259e+01
4.4576570145109087661695e+01
4.4576570145109052134558e+01
4.4576570145109023712848e+01
4.4576570145109009501994e+01
4.4576570145109023712848e+01
4.4576570145109087661695e+01
4.4576570145109172926823e+01
4.4576570145109208453960e+01
4.4576570145109158715968e+01
4.4576570145109059239985e+01
4.4576570145109080556267e+01
4.4576570145109180032250e+01
4.4576570145109137399686e+01
4.4576570145109066345412e+01
4.4576570145109172926823e+01
4.4576570145109087661695e+01
4.4576570145109158715968e+01
4.4576570145109130294259e+01
4.4576570145109094767122e+01
4.4576570145109087661695e+01
4.4576570145109094767122e+01
4.4576570145109130294259e+01
4.4576570145109130294259e+01
4.4576570145109158715968e+01
4.4576570145109144505113e+01
4.4576570145109094767122e+01
4.4576570145109094767122e+01
4.4576570145109123188831e+01
4.4576570145109016607421e+01
4.4576570145109549514473e+01
4.4576570145112135890031e+01
4.4576570145022500923915e+01
4.4576570145719593085687e+01
4.4576570145426416047485e+01
4.4576570201601157350524e+01
4.4576569828715989274315e+01
4.4576571230475977358765e+01
4.4576574761356084763975e+01
4.4576586380569068523982e+01
4.4576626739987119663056e+01
4.4576612646352316460252e+01
4.4576633267622931100505e+01
4.4576804303734569145945e+01
4.4576723851201094817043e+01
4.4576608839125576366769e+01
4.4576860775117658874933e+01
4.4577522509641568149164e+01
4.4578257932998518242584e+01
4.4581174008343367631824e+01
4.4584449965275759097949e+01
4.4599810907759795952643e+01
4.4613946454630067250946e+01
4.4653789090503096304019e+01
4.4713969237731348016496e+01
4.4758996012502542782840e+01
4.4797543762186364801892e+01
4.4840202834523893216101e+01
4.4890444653392265195180e+01
4.4940158947018041146748e+01
4.4995238990329120554179e+01
4.5058008183687960013231e+01
4.5114807289234384768406e+01
4.5176341604936432361228e+01
4.5251932510250505004024e+01
4.5335531519510979592269e+01
4.5412022266803390380119e+01
4.5473440715598847816636e+01
4.5561475132159749534821e+01
4.5626446566268739957195e+01
4.5799240321668939657229e+01
4.5999715143521207494359e+01
4.6128367071410956157251e+01
4.6233501843872097936128e+01
4.6341455977615986228102e+01
4.6429262302012389795891e+01
4.6495554018145909935811e+01
4.6567101671234162552082e+01
