4.9087385212340242592217e-05
3.5887097873346509387029e-05
1.1029014272593038137283e-05
8.6936191637278714540285e-11
7.6004098555817659106800e-06
1.5095110231072481518882e-05
8.6756958406424498751351e-06
5.7312057914949953718394e-08
1.0852959313944308966529e-05
4.1338784134341852258970e-05
6.5733141327337937060912e-05
6.1332846097117540897642e-05
3.4248315926781793547620e-05
9.4816766014446638463457e-06
5.6094086902150227020203e-07
1.0934045460402510158047e-09
1.7654046530837358872329e-06
2.1708622772026395242057e-05
8.3366479450461809406689e-05
1.8360076695915099114984e-04
2.8274989266436028993723e-04
3.3605270229795133462430e-04
3.3288990554832274598382e-04
3.0286298996069766073166e-04
2.9100112800093129363649e-04
3.3971134344445400206347e-04
4.9630677702918054271242e-04
8.2044817668867995198029e-04
1.3597890334442936949993e-03
2.1069506535279949703543e-03
2.9887000057543101731727e-03
3.9164647886832425552339e-03
4.8689594279212418045932e-03
5.9515347821783755322134e-03
7.4087106417529795254762e-03
9.6087380658259943094768e-03
1.3018636899125458211701e-02
1.8158633239447299206892e-02
2.5526200987721601315394e-02
3.5531390826292384710339e-02
4.8530765687688215415108e-02
6.5022544333701054464214e-02
8.5980631685533021046908e-02
1.1323600635112711365604e-01
1.4981398723056760236005e-01
2.0018434543835833538949e-01
2.7043012817779343848201e-01
3.6838958165115470722029e-01
5.0391180136058277838629e-01
6.8947997389857174077576e-01
9.4148126392656916738844e-01
1.2821661249140094973598e+00
1.7416900585179673210945e+00
2.3584508192426105743777e+00
3.1741514041485854313862e+00
4.2179273313253053956373e+00
5.4734003877367207735460e+00
6.8301465194941544112339e+00
8.0485967516598861948296e+00
8.8092111944056288308502e+00
8.8944037894897256535387e+00
8.3780416335183840459422e+00
7.5861347664259000111997e+00
6.8525360176833496339555e+00
6.3396115228996494650460e+00
6.0311010479538813555678e+00
5.8119325796888947621710e+00
5.5593068446471747279247e+00
5.2145417056124392374272e+00
4.8133329083339360110472e+00
4.4646340108008919500548e+00
4.2940734916505052254365e+00
4.3859054147700291537149e+00
4.7558124437057855971034e+00
5.3613453017394405719642e+00
6.1231837708017096133517e+00
6.9289984631721051044906e+00
7.6270921972088796536582e+00
8.0496166331369618518465e+00
8.0728529260343417917056e+00
7.6812458183918961296399e+00
6.9869978792027058744907e+00
6.1866206925558921980723e+00
5.4659857056199054881063e+00
4.9373671289101670467403e+00
4.6544517479044014152123e+00
4.6043896949416840413960e+00
4.6764592736730472566364e+00
4.6988093302757700797656e+00
4.5524263371517541543199e+00
4.2694536194650929417094e+00
4.0227124816866188794506e+00
3.9782017217748957271795e+00
4.2422024467181520535064e+00
4.8833191233347870152670e+00
5.9030813947969980048924e+00
7.1694510519065923759285e+00
8.3897229007291720392914e+00
9.2139237027160181270347e+00
9.3948446587649083738825e+00
8.8619081662596492776629e+00
