8.4203801393629245097827e+00
8.4203800194935620737624e+00
8.4203799376387529207477e+00
8.4203799167982982254443e+00
8.4203799131187793136633e+00
8.4203798843447525968031e+00
8.4203798390754709402017e+00
8.4203798166017786996917e+00
8.4203798170643011644643e+00
8.4203797782311475828010e+00
8.4203796322533346341288e+00
8.4203793817472085692089e+00
8.4203791423945819616392e+00
8.4203789979152769973325e+00
8.4203789381641716005333e+00
8.4203789171484348941021e+00
8.4203788965416457301671e+00
8.4203788366800864650941e+00
8.4203786623795799926029e+00
8.4203782924447185820327e+00
8.4203777761224589681888e+00
8.4203774028460909306659e+00
8.4203773378263040427782e+00
8.4203773202635652239678e+00
8.4203771077041373871452e+00
8.4203618977416887503296e+00
8.4203345096674713232687e+00
8.4203001969874282650608e+00
8.4202589595684589340863e+00
8.4202120810539096140701e+00
8.4201442463010796046774e+00
8.4200701700784712500081e+00
8.4200069300066449073938e+00
8.4199556912254660545614e+00
8.4199128820084254698486e+00
8.4198630301108448037439e+00
8.4198103535393435947753e+00
8.4197640634048891428165e+00
8.4197119758064449257517e+00
8.4196582532352000072251e+00
8.4195898170124578996365e+00
8.4195110954374339229389e+00
8.4194172048703439514838e+00
8.4193029492981281691755e+00
8.4191658232712018872235e+00
8.4189714884808992678700e+00
8.4185791454695593216684e+00
8.4166635299125509561691e+00
8.4108765197903991861494e+00
8.3978676665577900450899e+00
8.3716621183744166501128e+00
8.3360442703596646651931e+00
8.2896184144125335535591e+00
8.2311353702722627190269e+00
8.1637550181365821089230e+00
8.0855663907264005985098e+00
8.0028124981550377015083e+00
7.9188738024070426391177e+00
7.8113505662510434035539e+00
7.7190633301075326500040e+00
7.6371352940662307062780e+00
7.5572729463509196179416e+00
7.4572481274004482898476e+00
7.3518292643140386033451e+00
7.2454890382782863866851e+00
7.1458811356149576354824e+00
7.0615090559023565575103e+00
6.9858980889791251200904e+00
6.9172460936473711967665e+00
6.8413125885026699890545e+00
6.7434290326109787017117e+00
6.6310549447474000928082e+00
6.5318530104692467119776e+00
6.4269596514403772857804e+00
6.3182207992697207998845e+00
6.2021595123404900107289e+00
6.1080459625843008808488e+00
6.0335928109830998522511e+00
5.9534987944765545009318e+00
5.8398543030578951018583e+00
5.6970700729881809110111e+00
5.5742321338254336993145e+00
5.4558119002335736524856e+00
5.3300046020017415315806e+00
5.2523344845120947255168e+00
5.1675966279092211408397e+00
5.0612352775905860013950e+00
4.9388978803664986827471e+00
4.8377409803336490767833e+00
4.7899608411363141513561e+00
4.7470972372227437929837e+00
4.7001309891641467331169e+00
4.6543509171582728711769e+00
4.6178989318340111225325e+00
4.5725742090657375271689e+00
4.5242430805148154959738e+00
4.4535480991852622878469e+00
4.3896080795015102182788e+00
4.3444228022069548700301e+00
4.2695246197969938251049e+00
4.1941169874046186905048e+00
