1.2566370614294174439668e-03
1.1209830240275382978038e-03
7.7740822625742397791043e-04
3.8078947639485046438787e-04
9.3054261407179167538660e-05
6.7036390814343819087959e-08
7.7339306225560316542661e-05
2.2006401784871839266353e-04
3.1358344076433056083278e-04
2.9878032940045510948771e-04
1.9510181041160551342235e-04
7.3801283906164670827084e-05
5.1800689945055725118780e-06
1.5418201769573922413608e-05
7.8140954798269237051994e-05
1.3945973820284656894374e-04
1.5583553530057228891752e-04
1.2026966499997836582136e-04
5.9396795221957611151439e-05
1.1944283682155570336099e-05
1.6861885596915970550198e-06
2.6146068082065999433261e-05
6.0884092633972339855906e-05
8.0320362125136317938898e-05
7.1863970218305706300424e-05
4.3962903938787642574466e-05
1.4464355012033682076813e-05
1.1419531685625943955899e-06
6.7013992719649233267766e-06
2.4081594871034449350947e-05
3.7653297202359822760595e-05
3.9455636272319649833235e-05
2.7985690529815352475384e-05
1.3072560310048158285995e-05
1.8729503957622471226144e-06
1.8739441678275149640780e-06
8.7636928378054908592544e-06
1.8016468544685270439460e-05
2.0816812227085345233125e-05
1.7535061093849533647411e-05
9.5762343419451081982536e-06
3.3776525981919762796704e-06
2.9614774215353248043177e-07
3.6176551695863331551079e-06
7.6400192862310286478914e-06
1.0979407378289103087076e-05
1.0182698087372118813418e-05
7.6997261007870845822424e-06
2.9239106951661311276168e-06
1.0235393512832195945031e-06
7.8186783558271439108580e-07
3.3001529021350193939042e-06
4.9296220472830134281920e-06
5.8408239705612774569834e-06
4.2143570349665489125279e-06
3.1277558590406558979079e-06
7.4592487311177271402663e-07
1.0909824826785949362310e-06
1.5339798424161525658009e-06
3.0553901108473864977190e-06
3.2026475827121476800579e-06
3.3782383932108319480106e-06
2.0317637107178147241502e-06
1.6409843384008530290004e-06
5.2771510495353282595615e-07
1.2301952800011832209247e-06
1.2238231702312794023423e-06
2.4598616535599879532237e-06
1.7745023935810495799487e-06
2.1137559948838316814328e-06
9.3492195360841069044864e-07
8.7464696416478937179200e-07
6.3636701132003057751067e-07
1.4179790086342319041599e-06
1.0645989273430084959531e-06
1.7642070211055859785612e-06
9.2120842833519077977436e-07
2.0937860113827851399478e-06
7.0268491616583833908382e-07
8.8296710367341623115463e-07
8.5815655055975699329551e-07
1.2642296071183775552549e-06
9.9037215344453535298050e-07
2.2565974042156287835911e-06
9.5208303407091214958760e-07
1.2481344916909148545943e-06
6.9785529814665228688923e-07
1.5988041957378549730989e-06
7.2458620065303417056820e-07
1.0081277973398430296265e-06
6.2574446512329765026245e-07
1.3635070622362456894733e-06
6.1845749210996070721987e-07
1.1362486038903059959627e-06
6.8128640259568667267753e-07
1.4731149691114364083970e-06
7.7393057327123875288035e-07
1.3165681055267829695145e-06
1.0569291310416673501990e-06
1.7383841312598200337398e-06
8.8912402419093308056819e-07
9.6895878161312039256962e-07
7.2237358378245531735992e-07
1.8085249459140604532471e-06
5.5284812011090984582435e-07
1.2299696678413938830278e-06
6.9103677367990256654573e-07
1.0076706892537375942075e-06
9.8343918284466148759990e-07
1.3373536376176853887019e-06
7.8621340320986703059420e-07
1.5282928861534735512785e-06
7.8793414199226985041708e-07
1.8429477138924406209441e-06
7.8879452809229082912480e-07
1.0630854497175212728234e-06
7.2789677463152965726918e-07
1.1526836304409489491801e-06
8.8793964772903515523926e-07
1.7503965629218276767756e-06
9.1986525012804133060948e-07
1.2225334419197570959829e-06
6.7334882321396448932871e-07
1.4745662354081437280326e-06
1.0404789921212229679193e-06
1.3960955402105463265893e-06
6.3625125936407314132423e-07
1.1915893347194670433395e-06
1.2818952671204557555322e-06
1.0848236585299559344228e-06
6.7989068358668797217300e-07
1.7654228297953795882288e-06
6.5615450267610051559371e-07
1.4856475552197371187347e-06
6.8759676239132265352071e-07
9.9598106016099892310288e-07
8.7551511199261376456151e-07
1.2608232509043003356075e-06
8.4704740673480417036372e-07
1.0788160821741925868766e-06
7.3400655904235424587857e-07
1.6717954973404594919915e-06
8.8400433695405268198780e-07
1.3630161909072093260269e-06
8.2830032555813032436637e-07
1.0939668439645032128627e-06
7.2757894204747141339345e-07
1.0251373623694551708523e-06
1.0042541354239440406468e-06
1.6498947713359716559596e-06
7.5561821286687322328805e-07
1.2061789397626853345463e-06
6.6428236227378350325711e-07
2.0634705440171241495342e-06
7.1183005103377847140020e-07
9.7389460060411491416736e-07
9.3717643844069395881363e-07
1.1775708865452459212013e-06
7.5988944715832302050052e-07
1.7832475724832779472864e-06
7.7906670776461412010390e-07
1.5957162892235619943272e-06
1.0233011114827479173670e-06
1.1786074661566771763798e-06
8.3816509818924304191110e-07
9.5866835769930184152213e-07
1.0401250034851613765697e-06
1.7044010058301163046120e-06
7.9003779257474831345553e-07
1.3362057883213389349297e-06
8.6521785590834655445638e-07
1.3433038938784815384325e-06
7.3316590287337355824496e-07
1.4830685236102907264492e-06
6.6437148271783928859808e-07
1.2072454318315602063964e-06
9.2863196336783379654947e-07
1.2644354539115394643525e-06
1.3489480492883906136050e-06
1.6723801452049173279818e-06
7.4851756695283233219681e-07
1.3349492174685973053841e-06
9.3925521548978104012604e-07
1.4665382156397818639410e-06
9.4591110045596233310436e-07
9.4639890082530357194970e-07
8.3938841668371321482693e-07
1.3279971072546153718601e-06
9.8137404595928790900774e-07
1.9213729482345235762756e-06
8.8093317996467330856719e-07
1.3310839410036832507059e-06
8.0387772413179549261674e-07
1.2456383483670822336542e-06
8.9923126538995990909793e-07
1.5212940993477157387376e-06
7.1777907721521037193586e-07
1.5874483576754677071160e-06
1.0256664722694446867672e-06
1.6214873712878123609575e-06
1.0008585547640434375467e-06
