F0
number of lines to read: 15
1.7526614409134350580644e+02, 0
-2.2107027941495844061137e+03, 1
1.3022075790409828186966e+04, 2
-4.7492165028096416790504e+04, 3
1.1975387181491334922612e+05, 4
-2.2074581740841601276770e+05, 5
3.0662797042072803014889e+05, 6
-3.2593292412188288290054e+05, 7
2.6632490711693646153435e+05, 8
-1.6642176387356413761154e+05, 9
7.8262691020566679071635e+04, 10
-2.6851042210523693938740e+04, 11
6.3517450266385476425057e+03, 12
-9.2709069299578050049604e+02, 13
6.2978795344272128886587e+01, 14
F1
number of lines to read: 15
6.2311113253827095093129e+01, -1
-7.6535187712141942029120e+02, 0
4.3926010233176157271373e+03, 1
-1.5621927492361803160748e+04, 2
3.8468359708319476339966e+04, 3
-6.9378468830846250057220e+04, 4
9.4483346381444949656725e+04, 5
-9.8667378682479233248159e+04, 6
7.9359578465378406690434e+04, 7
-4.8899542147740205109585e+04, 8
2.2711008927299637434771e+04, 9
-7.7059338194575275338138e+03, 10
1.8049167293030332075432e+03, 11
-2.6111668959160874692316e+02, 12
1.7597191281107264160255e+01, 13
F2
number of lines to read: 15
1.7604419714990161338619e+01, -2
-2.0160995049547054236427e+02, -1
1.0820303480723459870205e+03, 0
-3.6130558199013144076162e+03, 1
8.3959013044117727986304e+03, 2
-1.4372181223422767288866e+04, 3
1.8690674986186379101127e+04, 4
-1.8749903281267976126401e+04, 5
1.4566993982830010281759e+04, 6
-8.7122744777929801784921e+03, 7
3.9438897485117686301237e+03, 8
-1.3088505512809977062716e+03, 9
3.0071834735498538293541e+02, 10
-4.2778483595581150211729e+01, 11
2.8405278152584623185817e+00, 12
F3
number of lines to read: 15
2.8405562631786240856968e+00, -3
-2.5004006569917375912837e+01, -2
9.6635265620966791288993e+01, -1
-2.1038466726819012819760e+02, 0
2.6423986032411693258837e+02, 1
-1.3417646912367189315773e+02, 2
-1.5537586609744604970729e+02, 3
4.1191503584873117915777e+02, 4
-4.7113497034628954907021e+02, 5
3.5016896525129118344921e+02, 6
-1.8217693953249667515593e+02, 7
6.6571746633722213459805e+01, 8
-1.6410957895742608769751e+01, 9
2.4630062847087614841257e+00, 10
-1.7057161922287619737482e-01, 11
F4
number of lines to read: 15
-1.7056863100070307481815e-01, -4
5.3990707714088559399102e+00, -3
-4.2913383550575957769979e+01, -2
1.7425351084528509204574e+02, -1
-4.4323353100199415166571e+02, 0
7.7647866379734023212222e+02, 1
-9.8789325539519927588117e+02, 2
9.4225897282368975993450e+02, 3
-6.8571824240210798961925e+02, 4
3.8257881246293055710339e+02, 5
-1.6205884426195143532823e+02, 6
5.0653719269194631635855e+01, 7
-1.1038429435418956714443e+01, 8
1.4990745654518973228875e+00, 9
-9.5568815260403255917865e-02, 10
F5
number of lines to read: 15
-9.5568783322610623143234e-02, -5
1.2629629671083679731680e+00, -4
-4.6356481824236199784650e+00, -3
5.7037071117930271402230e-01, -2
4.3802318603227689663981e+01, -1
-1.5624074868881169209089e+02, 0
2.9815694910817023810523e+02, 1
-3.7290793800676095770541e+02, 2
3.2727361253605766933106e+02, 3
-2.0739629710341532131679e+02, 4
9.5585648485486018444135e+01, 5
-3.1607407511436836244911e+01, 6
7.1699074298563063578626e+00, 7
-1.0037037067327505557301e+00, 8
6.5542328234672458942001e-02, 9
F6
number of lines to read: 15
6.5542328060285648394512e-02, -6
-1.0787037040327389636474e+00, -5
8.1449074103998650997482e+00, -4
-3.4457407425900569819532e+01, -3
9.0035648237762217149793e+01, -2
-1.5302129679770922621174e+02, -1
1.7179861197517232085374e+02, 0
-1.2360793704735249320947e+02, 1
4.8856944563009200521719e+01, 2
-7.6574076696471149450218e-01, 3
-1.0572685181010388788536e+01, 4
6.1203703701845117990388e+00, 5
-1.7856481482551902484346e+00, 6
2.8796296299097651205656e-01, 7
-2.0568783071190782640869e-02, 8
C0
number of lines to read: 15
-2.0568783068826233112469e-02, -7
3.7407407407487108796929e-01, -6
-3.2384259259331136249216e+00, -5
1.7503703703746488429260e+01, -4
-6.2533796296491885868818e+01, -3
1.5180370370462640039477e+02, -2
-2.5596805555839060275503e+02, -1
3.0415873016318630561727e+02, 0
-2.5596805555941242005247e+02, 1
1.5180370370508433097712e+02, 2
-6.2533796296553340710034e+01, 3
1.7503703703749472708751e+01, 4
-3.2384259259325802737806e+00, 5
3.7407407407473536320452e-01, 6
-2.0568783068815741504887e-02, 7
B6
number of lines to read: 15
-2.0568783068791760687555e-02, -8
2.8796296296308854234525e-01, -7
-1.7856481481489669960183e+00, -6
6.1203703703734406715853e+00, -5
-1.0572685185191650347747e+01, -4
-7.6574074073874809354123e-01, -3
4.8856944444473668909268e+01, -2
-1.2360793650750517258530e+02, -1
1.7179861111037857313022e+02, 0
-1.5302129629599133409101e+02, 1
9.0035648148197779505608e+01, 2
-3.4457407407427204759642e+01, 3
8.1449074074114165000537e+00, 4
-1.0787037037041946607729e+00, 5
6.5542328042356545747538e-02, 6
B5
number of lines to read: 15
6.5542328042328137915895e-02, -9
-1.0037037037037119802108e+00, -8
7.1699074074075248574900e+00, -7
-3.1607407407408199873089e+01, -6
9.5585648148151392433647e+01, -5
-2.0739629629630488238945e+02, -4
3.2727361111112548996971e+02, -3
-3.7290793650794518043767e+02, -2
2.9815694444443136035261e+02, -1
-1.5624074074070341566767e+02, 0
4.3802314814774582885093e+01, 1
5.7037037038732452121081e-01, 2
-4.6356481481511107034521e+00, 3
1.2629629629632406206952e+00, 4
-9.5568783068795210011714e-02, 5
B4
number of lines to read: 15
-9.5568783068867679819647e-02, -10
1.4990740740754484594532e+00, -9
-1.1038425925936385496584e+01, -8
5.0653703703753102161045e+01, -7
-1.6205879629645798445381e+02, -6
3.8257870370409091265174e+02, -5
-6.8571805555625155648158e+02, -4
9.4225873015967727042153e+02, -3
-9.8789305555653186274867e+02, -2
7.7647870370445480148192e+02, -1
-4.4323379629674184343457e+02, 0
1.7425370370390157859219e+02, 1
-4.2913425925984320485895e+01, 2
5.3990740740838099043231e+00, 3
-1.7056878306938044742580e-01, 4
B3
number of lines to read: 15
-1.7056878307243092396384e-01, -11
2.4629629630175160492911e+00, -10
-1.6410648148528643730515e+01, -9
6.6570370372011367976484e+01, -8
-1.8217268519007456006875e+02, -7
3.5015925926990121297422e+02, -6
-4.7111805557298271196487e+02, -5
4.1189206351381648119059e+02, -4
-1.5535138890957841795171e+02, -3
-1.3419629628151187716867e+02, -2
2.6426064814046139872517e+02, -1
-2.1040740740466949887377e+02, 0
9.6644907406818830963857e+01, 1
-2.5003703703650131728864e+01, 2
2.8405423280437696043066e+00, 3
B2
number of lines to read: 15
2.8405423282118928973716e+00, -12
-4.2778703706238374593340e+01, -11
3.0071990742506153537761e+02, -10
-1.3088574074833775284787e+03, -9
3.9439106483739187751780e+03, -8
-8.7123212967868457781151e+03, -7
1.4567073611915750007029e+04, -6
-1.8750007937522270367481e+04, -5
1.8690781945435537636513e+04, -4
-1.4372265741492539746105e+04, -3
8.3959523152554520493140e+03, -2
-3.6130796298261207084579e+03, -1
1.0820393519157785249263e+03, 0
-2.0161203705070093405993e+02, 1
1.7604431218375822254529e+01, 2
B1
number of lines to read: 15
1.7604431223324134236918e+01, -13
-2.6122592603442450354123e+02, -12
1.8056865749263483849063e+03, -11
-7.7092963004104949504836e+03, -10
2.2721191217359733855119e+04, -9
-4.8922196329310965666082e+04, -8
7.9397857004468169179745e+04, -7
-9.8717441353299305774271e+04, -6
9.4534507033695030258968e+04, -5
-6.9419396369382608099841e+04, -4
3.8493841248817887390032e+04, -3
-1.5634096316643996033235e+04, -2
4.3969365804102199035697e+03, -1
-7.6642592714558327315899e+02, 0
6.2454431326662202650368e+01, 1
B0
number of lines to read: 15
6.2454430105524082250668e+01, -14
-9.1921202067887145403802e+02, -13
6.2964892398042838976835e+03, -12
-2.6611079156118845276069e+04, -11
7.7541000935231437324546e+04, -10
-1.6482946280848287278786e+05, -9
2.6366222725418425397947e+05, -8
-3.2249640219882491510361e+05, -7
3.0317681821436749305576e+05, -6
-2.1804991741031143465079e+05, -5
1.1813125853812103741802e+05, -4
-4.6756456568967565544881e+04, -3
1.2782669676717225229368e+04, -2
-2.1607786643278054725670e+03, -1
1.7039053918104210083584e+02, 0
