8.7711332655109011668948e-02
6.4534964015621573696357e-02
2.0852195054141119123781e-02
1.4298171285499609341196e-04
1.0769411516247657037426e-02
2.6441513188584959970218e-02
2.7889364368774309521637e-02
1.9973393172781014198724e-02
1.1288620568624618822895e-02
2.8242372810398422809663e-03
1.7250313780182849939665e-03
2.0906411051930414574107e-02
5.2863849383433879347560e-02
6.5278428159589119150752e-02
4.2541847909425722917831e-02
1.8021758380517824416067e-02
3.8381116325695865953982e-02
9.9258993572809817163005e-02
1.4278244235664686034859e-01
1.2686913445441186376605e-01
7.8044435848066570637904e-02
6.2133045355978543111686e-02
1.1125638593767003814428e-01
1.9105135578337631430124e-01
2.3799264345786305674402e-01
2.2262961832091440750325e-01
1.8191245812087006306079e-01
1.9443003790940752151251e-01
3.0681183825030633460784e-01
4.7392633693213059853377e-01
5.9010283069967739422168e-01
5.9848667577672332029692e-01
5.6712410015363368120944e-01
6.2932232144808430973626e-01
8.2978605530828897229867e-01
1.0561953652538782488790e+00
1.1525027972639232398677e+00
1.0900029885028021947591e+00
1.0021901263870074405560e+00
1.0397145331771615595073e+00
1.2012946127461885392762e+00
1.3337316678314923290571e+00
1.3010640583717059115543e+00
1.1278955083189747821137e+00
9.6854551192270277315544e-01
