1.7830593323208326239637e+01
1.7830593323208308476069e+01
1.7830593323208308476069e+01
1.7830593323208322686924e+01
1.7830593323208322686924e+01
1.7830593323208375977629e+01
1.7830593323208436373761e+01
1.7830593323208979938954e+01
1.7830593323209914302652e+01
1.7830593323213232537228e+01
1.7830593323219794399392e+01
1.7830593323231070712609e+01
1.7830593323259556370886e+01
1.7830593323283711271188e+01
1.7830593323372657010850e+01
1.7830593323401505045922e+01
1.7830593323618909806783e+01
1.7830593323630413493674e+01
1.7830593324067304905611e+01
1.7830593324226466478422e+01
1.7830593324940405608459e+01
1.7830593325184580066889e+01
1.7830593323966322572005e+01
1.7830593305194234687860e+01
1.7830593134791861587019e+01
1.7830591657161040330948e+01
1.7830578932270185532616e+01
1.7830469262237414795891e+01
1.7829712438760928705506e+01
1.7827849262350355274975e+01
1.7827522311649939723566e+01
1.7827457786535081396551e+01
1.7827473485922709528495e+01
1.7827490452908552498457e+01
1.7827496847040411154239e+01
1.7827480658964546478273e+01
1.7827420906359797925234e+01
1.7827266277381770720467e+01
1.7827095969362382277268e+01
1.7826988449704149530817e+01
1.7826915280022667786852e+01
1.7826860745567177701787e+01
1.7826825389769922480809e+01
1.7826787249966606907492e+01
1.7826762362012736673478e+01
1.7826703475762911921265e+01
1.7826652678821332642656e+01
1.7826619555760320423587e+01
1.7826539307270873990774e+01
1.7826531351373013478678e+01
1.7826345692681531573953e+01
1.7826267936371056777034e+01
1.7826086615936588941622e+01
1.7825763805432817576957e+01
1.7825750020375739524070e+01
1.7825359890352544312009e+01
1.7825452701506986130653e+01
1.7824797745432032769486e+01
1.7825014286178934241889e+01
1.7824713913498658968138e+01
1.7824926471471730593521e+01
