3.5450849471961221048844e+00
3.5450849471935748091767e+00
3.5450849471932577294808e+00
3.5450849471914080979218e+00
3.5450849471912380117544e+00
3.5450849471895806708233e+00
3.5450849471889300801308e+00
3.5450849471865093498479e+00
3.5450849471842604820893e+00
3.5450849471788670186356e+00
3.5450849471707210902593e+00
3.5450849471593355310972e+00
3.5450849471347161134815e+00
3.5450849471164569415293e+00
3.5450849470559289144944e+00
3.5450849470381293748744e+00
3.5450849469139691372277e+00
3.5450849469079055431564e+00
3.5450849466901561690690e+00
3.5450849466144433996817e+00
3.5450849462834974623604e+00
3.5450849460730413653664e+00
3.5450849456673640958115e+00
3.5450849455126123288551e+00
3.5450849474393506532977e+00
3.5450849677397395787182e+00
3.5450851506757001807557e+00
3.5450867509995496185127e+00
3.5451007434312566957146e+00
3.5452217685295197568962e+00
3.5457958211067728271360e+00
3.5465034880501540293096e+00
3.5469311120764679401418e+00
3.5469820962795943763979e+00
3.5469765316641401753373e+00
3.5469629794137413902888e+00
3.5469543480534171386864e+00
3.5469538124125499223283e+00
3.5469626552523574325448e+00
3.5469876112375913201902e+00
3.5470386978409824685343e+00
3.5470994302997040925618e+00
3.5471509790031796605092e+00
3.5472065224961757401445e+00
3.5472779381167871548541e+00
3.5473453241963186499675e+00
3.5473889631829824686804e+00
3.5474351715191811962313e+00
3.5474680931637170289150e+00
3.5475044707340126493023e+00
3.5475318792344205931499e+00
3.5475499673719133042482e+00
3.5476380482971943131076e+00
3.5476647673194579013511e+00
3.5477804142961213429430e+00
3.5478353415630059508601e+00
3.5478991354197644270130e+00
3.5482673874917658451977e+00
3.5482480181754190162735e+00
3.5486590622920259896489e+00
3.5486032454360842969265e+00
