6.2844419434190408324525e+00
6.2844419434246265865340e+00
6.2844419434339711116877e+00
6.2844419434306466598628e+00
6.2844419434023288673075e+00
6.2844419433515010808833e+00
6.2844419432958167348602e+00
6.2844419432576659190204e+00
6.2844419432528511038072e+00
6.2844419434943246116632e+00
6.2844419892965852625366e+00
6.2844421008147701712687e+00
6.2844424446414901552771e+00
6.2844428795405118393091e+00
6.2844435145276706933259e+00
6.2844445306597647160629e+00
6.2844452813325988316251e+00
6.2844461087696457113339e+00
6.2844472615039945750937e+00
6.2844483548628273794634e+00
6.2844498197199598621410e+00
6.2844511769347395357954e+00
6.2844527528899112311933e+00
6.2844542280629660524482e+00
6.2844556864952467734042e+00
6.2844571976219159026300e+00
6.2844584119628894569587e+00
6.2844600156630852083595e+00
6.2844610811494030500057e+00
6.2844627619503956594826e+00
6.2844638467047966301493e+00
6.2844654562140407350057e+00
6.2844666794086396777175e+00
6.2844685862973443946089e+00
6.2844692594123365836367e+00
6.2844712735765018152279e+00
6.2844722978372553612303e+00
6.2844742747021928863660e+00
6.2844749208262102868616e+00
6.2844764333927010113712e+00
6.2844777986093758315178e+00
6.2844799410582989906970e+00
6.2844808386618398188261e+00
6.2844831416458486472720e+00
6.2844840761729408029623e+00
6.2844854351135301939735e+00
6.2844866212150822804006e+00
6.2844887850994197719956e+00
6.2844893081739332529878e+00
6.2844910148820787298973e+00
6.2844920791344280885937e+00
6.2844941444002122565848e+00
6.2844952654008476855552e+00
6.2844969828971697367592e+00
6.2844978940274556222789e+00
6.2845000291187060881271e+00
6.2845004206637868904295e+00
6.2845026043888623235034e+00
6.2845034137300421761552e+00
6.2845049792548808298420e+00
6.2845059667033309480644e+00
6.2845079262284428978091e+00
6.2845090104441547751435e+00
6.2845107637403314626567e+00
6.2845116706598815881080e+00
6.2845136301394113331753e+00
6.2845143010268298411347e+00
6.2845162926828059823947e+00
6.2845169166395065118991e+00
6.2845188787321610845993e+00
6.2845195771019080055453e+00
6.2845212828780088187841e+00
6.2845226309527504326979e+00
6.2845244758546412455757e+00
6.2845251369576882183310e+00
6.2845273026911794289617e+00
6.2845281109118653617429e+00
6.2845307288907088505425e+00
6.2845305746620665487967e+00
6.2845321572942332011280e+00
6.2845334106333261559030e+00
6.2845348423304745466567e+00
6.2845362700131035538220e+00
6.2845387970343891126390e+00
6.2845387525660294514296e+00
6.2845406679439967945200e+00
6.2845419556227293256256e+00
6.2845440325051207253182e+00
6.2845439893066004088951e+00
6.2845453962080126686374e+00
6.2845465190025056045897e+00
6.2845486766199405437305e+00
6.2845495350438760340239e+00
6.2845513656497393739642e+00
6.2845520851559619757154e+00
6.2845542448185041095599e+00
6.2845548773352062355002e+00
6.2845570059979944943507e+00
6.2845579173405363704319e+00
6.2845598901950943115935e+00
6.2845606884025180249864e+00
6.2845622936619518483781e+00
6.2845637068897932664413e+00
6.2845659210806115169135e+00
6.2845661613436840653435e+00
6.2845684424972940718135e+00
6.2845694186163365557718e+00
6.2845713612694087402133e+00
6.2845728618601173209868e+00
6.2845742277630822769652e+00
6.2845748395027793975487e+00
6.2845770794742419340650e+00
6.2845776797496091248263e+00
6.2845799832525761630109e+00
6.2845803646673648046317e+00
6.2845822049919064511414e+00
6.2845833486682600721451e+00
6.2845850813525236944201e+00
6.2845862008336119686192e+00
6.2845883703888762994438e+00
6.2845889805940799988093e+00
6.2845904217974828398496e+00
6.2845911550024942116011e+00
6.2845931874354228341417e+00
6.2845943325491280262440e+00
6.2845959804408275672927e+00
6.2845968761179280548390e+00
6.2845989799797132846493e+00
6.2846003188517984838768e+00
6.2846014609643958692686e+00
6.2846025871136061979882e+00
6.2846049760731066413655e+00
6.2846054193679838917319e+00
6.2846076595637665462846e+00
6.2846083855810608298498e+00
6.2846099304872966584412e+00
6.2846114929939522752989e+00
6.2846132800965968101536e+00
6.2846141852088086565686e+00
6.2846158450484193025432e+00
6.2846170366962832432023e+00
6.2846194650410529547457e+00
6.2846201619309498553889e+00
6.2846217406499818025623e+00
6.2846227029097931904289e+00
6.2846243547162030651521e+00
6.2846255399619144199619e+00
6.2846273791016953325084e+00
6.2846286319307500534137e+00
6.2846309517436607094965e+00
6.2846317083880345322200e+00
6.2846334996524229055126e+00
6.2846346249389410942854e+00
6.2846370076829618511738e+00
6.2846371184476339522007e+00
6.2846387633935911765093e+00
6.2846405174180102193304e+00
6.2846421889031951479865e+00
6.2846432287720999099179e+00
6.2846456340717340438573e+00
6.2846461071180401702918e+00
6.2846484701406577499938e+00
6.2846497427670566793267e+00
6.2846511776377615987599e+00
6.2846520025620886684692e+00
6.2846535718488185651154e+00
6.2846552519140148618249e+00
6.2846575408910441140620e+00
6.2846578609948045013311e+00
6.2846599270549461380142e+00
6.2846610656663104421682e+00
6.2846629375191636057707e+00
6.2846642184240586459509e+00
6.2846660356562722427043e+00
6.2846670739866219435044e+00
6.2846687280647062223693e+00
6.2846699041900855320364e+00
6.2846718384931801182347e+00
6.2846731932628392414131e+00
6.2846746321376993904551e+00
6.2846753903693279852405e+00
6.2846777146001198133263e+00
6.2846789566977561136696e+00
6.2846804989371785055141e+00
6.2846815378726130774112e+00
6.2846828533652612236438e+00
6.2846841286323442687944e+00
6.2846862376146663820009e+00
6.2846869735942245682736e+00
6.2846893259266662923324e+00
6.2846899786900207729445e+00
6.2846917522228187280575e+00
6.2846931776701060456958e+00
6.2846941939835403445613e+00
6.2846954838866819770260e+00
6.2846971314814199516263e+00
6.2846978652950022947721e+00
6.2847003025743992665753e+00
6.2847009325145002378576e+00
6.2847027202202854212487e+00
6.2847035633594563464044e+00
