1.2566370614326604737698e+01
1.2566370614326606514055e+01
1.2566370614326606514055e+01
1.2566370614326604737698e+01
1.2566370614326604737698e+01
1.2566370614326604737698e+01
1.2566370614326604737698e+01
1.2566370614326604737698e+01
1.2566370614326606514055e+01
1.2566370614326604737698e+01
1.2566370614326604737698e+01
1.2566370614326604737698e+01
1.2566370614326606514055e+01
1.2566370614326604737698e+01
1.2566370614326604737698e+01
1.2566370614326604737698e+01
1.2566370614326604737698e+01
1.2566370614326604737698e+01
1.2566370614326602961341e+01
1.2566370614326606514055e+01
1.2566370614326604737698e+01
1.2566370614326604737698e+01
1.2566370614326604737698e+01
1.2566370614326604737698e+01
1.2566370614326606514055e+01
1.2566370614326604737698e+01
1.2566370614326604737698e+01
1.2566370614326604737698e+01
1.2566370614326604737698e+01
1.2566370614326604737698e+01
1.2566370614326604737698e+01
1.2566370614326604737698e+01
1.2566370614326604737698e+01
1.2566370614326606514055e+01
1.2566370614326604737698e+01
1.2566370614326604737698e+01
1.2566370614326604737698e+01
1.2566370614326604737698e+01
1.2566370614326604737698e+01
1.2566370614326604737698e+01
1.2566370614326606514055e+01
1.2566370614326604737698e+01
1.2566370614326604737698e+01
1.2566370614326604737698e+01
1.2566370614326604737698e+01
1.2566370614326602961341e+01
1.2566370614326606514055e+01
1.2566370614326604737698e+01
1.2566370614326604737698e+01
1.2566370614326604737698e+01
1.2566370614326604737698e+01
1.2566370614326606514055e+01
1.2566370614326604737698e+01
1.2566370614326604737698e+01
1.2566370614326604737698e+01
1.2566370614326604737698e+01
1.2566370614326606514055e+01
1.2566370614326604737698e+01
1.2566370614326606514055e+01
1.2566370614326606514055e+01
1.2566370614326604737698e+01
