6.2844419434119380696302e+00
6.2848750586204324974915e+00
6.2846857807770417636561e+00
6.2847586170348277434528e+00
6.2847531340580093939252e+00
6.2847300260883560696357e+00
6.2847727145710603480211e+00
6.2847277481672279009217e+00
6.2847730605566729522593e+00
6.2847346989508183767725e+00
6.2847672942570715903798e+00
6.2847427832928470792240e+00
6.2847613828672317382029e+00
6.2847489195303047893049e+00
6.2847572872611090488704e+00
6.2847526228086874056089e+00
6.2847550791811661596853e+00
6.2847544358256186569633e+00
6.2847541941542841570367e+00
6.2847550930448052852739e+00
6.2847540338696594730550e+00
6.2847551784643167493982e+00
6.2847541732749396814484e+00
6.2847550543431349723278e+00
6.2847543760458348671705e+00
6.2847549019979185302986e+00
6.2847545416454924094296e+00
6.2847547892937107860689e+00
6.2847546494752339896195e+00
6.2847547536477215146533e+00
6.2847548762055147619776e+00
6.2847551906596770265878e+00
6.2847556179371641960074e+00
6.2847559646543649236605e+00
6.2847563692533157109210e+00
6.2847567098327390411328e+00
6.2847571008410607618089e+00
6.2847574499487723898028e+00
6.2847578305118227959269e+00
6.2847581719086020868303e+00
6.2847585119256246244390e+00
6.2847588372477272145034e+00
6.2847591732860283997297e+00
6.2847595030769145552085e+00
6.2847598147238317167762e+00
6.2847601140715587675345e+00
6.2847604171567459374614e+00
6.2847607445754611887878e+00
6.2847610772493869291111e+00
6.2847613834143301048130e+00
6.2847616616516761567368e+00
6.2847619671574710409345e+00
6.2847623291722909399937e+00
6.2847626949375303695433e+00
6.2847629861597242850735e+00
6.2847632185482185107617e+00
6.2847635256456628738420e+00
6.2847639600011016014491e+00
6.2847643743572652041962e+00
6.2847645902995887823295e+00
6.2847647714672243424161e+00
