3.5450849471961243253304e+00
3.5450849471961021208699e+00
3.5450849471960945713533e+00
3.5450849471960812486770e+00
3.5450849471960759196065e+00
3.5450849471960665937331e+00
3.5450849471960594883058e+00
3.5450849471960479419863e+00
3.5450849471960266257042e+00
3.5450849471960035330653e+00
3.5450849471959386960407e+00
3.5450849471958920666737e+00
3.5450849471957237568631e+00
3.5450849471956233927017e+00
3.5450849471952690095122e+00
3.5450849471950496294426e+00
3.5450849471944576585258e+00
3.5450849471938572499141e+00
3.5450849471930676592990e+00
3.5450849471917549315947e+00
3.5450849471909156029881e+00
3.5450849471886098918105e+00
3.5450849471874286145123e+00
3.5450849471840069071504e+00
3.5450849471823602243603e+00
3.5450849471780285782074e+00
3.5450849471750225383460e+00
3.5450849471703826942814e+00
3.5450849471650096589315e+00
3.5450849471608556484625e+00
3.5450849471528225187456e+00
3.5450849471488372621764e+00
3.5450849471385224020992e+00
3.5450849471339376250967e+00
3.5450849471223571107714e+00
3.5450849471163734527579e+00
3.5450849471051659733689e+00
3.5450849470957441766927e+00
3.5450849470887502157268e+00
3.5450849470848790900845e+00
3.5450849471204879392872e+00
3.5450849472790819660872e+00
3.5450849479888306703401e+00
3.5450849508861979053620e+00
3.5450849627035920796914e+00
3.5450850105941356105177e+00
3.5450852045442946547382e+00
3.5450859895724255999028e+00
3.5450891663721151303434e+00
3.5451020207269405837280e+00
3.5451385151109899851463e+00
3.5451526086853437647051e+00
3.5451579636693906216749e+00
3.5451615465939627647174e+00
3.5451643167237389953073e+00
3.5451666414135889482395e+00
3.5451687071096009695736e+00
3.5451706104004365727178e+00
3.5451724015632382069896e+00
3.5451741078471226131796e+00
3.5451757460516271081019e+00
