1.2566370614291635238180e-03
2.6637381465000915933480e-04
1.7292393554620423784356e-04
1.9506815792527556867320e-04
3.2798129279526415174543e-05
1.3707292333749705542066e-04
1.1693676429034823109474e-06
7.9117775497348339264377e-05
2.4516450416455959895260e-06
3.7554073552923680030455e-05
7.7130949428507247100538e-06
1.4220894944116197624955e-05
9.2617888063326267049152e-06
3.8673592258387949399320e-06
7.6208553722209464897008e-06
5.1146106558119239851183e-07
4.9263529226579430816469e-06
9.8326801418205395440256e-09
2.6106577168809851831224e-06
2.3604821533249450785311e-07
1.1267253718981644832831e-06
4.0948999372528908418176e-07
3.7922667236766114872437e-07
4.0542260054164458342324e-07
8.6353367000833679197961e-08
2.9742711746389120692436e-07
1.3803579290648660927141e-08
1.8054890540942087636405e-07
1.5559652175467652763132e-08
9.1610707880204869891476e-08
2.7436572964961928571218e-08
4.3459020581833673325037e-08
3.2940344310983441211129e-08
2.1106869625915945584741e-08
2.9611844328763696094644e-08
1.5265708260344085124250e-08
2.5604279324401758789715e-08
1.5087081888330697741720e-08
2.0669208253863607481691e-08
1.6339268650649229614931e-08
1.8953988053608981582368e-08
1.8027750375124079193091e-08
1.7602093491316455872907e-08
1.8618748365746406527777e-08
1.8243921422344308152112e-08
1.9245551575759262130728e-08
1.9146677725509526297250e-08
1.9520480652466110566795e-08
1.9734393542893041631204e-08
2.0599250163669057904650e-08
2.0728559821050954313633e-08
2.1045715200391806203356e-08
2.1523709171848543665764e-08
2.1968801734835226908521e-08
2.2778850665776625136781e-08
2.7935527801277025751503e-08
2.9368263220404404825015e-08
4.9716881358531496663850e-08
3.3662169495181653113786e-08
4.0828448212668212168040e-08
6.0118838651583607062729e-08
