3.5450849471953116420764e+00
3.5450849471906549226219e+00
3.5450849471892551534324e+00
3.5450849471861434203390e+00
3.5450849471847414307035e+00
3.5450849471813010715948e+00
3.5450849471783834054861e+00
3.5450849471831236137120e+00
3.5450849571538398663506e+00
3.5450921567020596825159e+00
3.5455029439664111912123e+00
3.5459386822504184166860e+00
3.5464514153492676662438e+00
3.5467691254373514553322e+00
3.5470452309605962071259e+00
3.5472873048806707885205e+00
3.5474959862780539587845e+00
3.5476774054353676923768e+00
3.5478382640124492830580e+00
3.5479843718866037605153e+00
3.5481198623265441938202e+00
3.5482466687468208199618e+00
3.5483671785829096201326e+00
3.5484826693416722243057e+00
3.5485948406657930043195e+00
3.5487039275713443409188e+00
3.5488107856566397657616e+00
3.5489159905994127619522e+00
3.5490201129592584550210e+00
3.5491234790299674983771e+00
3.5492261911922664552321e+00
3.5493284845197248245086e+00
3.5494303393112232036799e+00
3.5495319416670962908711e+00
3.5496331843538500017132e+00
3.5497342887280471934730e+00
3.5498352864143667417807e+00
3.5499362495059449962298e+00
3.5500371666142931381671e+00
3.5501380293480448990806e+00
3.5502389416991806392332e+00
3.5503398094339302382139e+00
3.5504406586293777436936e+00
3.5505414024018926433257e+00
3.5506421353494319603783e+00
3.5507428765602586651084e+00
3.5508436268522798329172e+00
3.5509443556104365313786e+00
3.5510450998734430783088e+00
3.5511458500854642394984e+00
3.5512465936470531957525e+00
3.5513472804520458403488e+00
3.5514479051114204999351e+00
3.5515485005876863411345e+00
3.5516490990847970898869e+00
3.5517496870107363449165e+00
3.5518501994907563101833e+00
3.5519503556158822377142e+00
3.5520500985845222530202e+00
3.5521498887447018333319e+00
3.5522493026247095038173e+00
