1.2566370614326540788852e+01
1.2566370614325185428584e+01
1.2566370614325208521223e+01
1.2566370614324897658776e+01
1.2566370614325364840624e+01
1.2566370614325331089844e+01
1.2566370614325400367761e+01
1.2566370614325268917355e+01
1.2566370614325467869321e+01
1.2566370614325247601073e+01
1.2566370614325531818167e+01
1.2566370614325009569257e+01
1.2566370614326373811309e+01
1.2566370614324796406436e+01
1.2566370614325593990657e+01
1.2566370614325062859962e+01
1.2566370614325336418915e+01
1.2566370614325778731768e+01
1.2566370614325425236757e+01
1.2566370614326091370572e+01
1.2566370614324650745175e+01
1.2566370614326247689974e+01
1.2566370614325139243306e+01
1.2566370614325848009685e+01
1.2566370614325283128210e+01
1.2566370614325164112302e+01
1.2566370614325331089844e+01
1.2566370614325064636319e+01
1.2566370614325787613552e+01
1.2566370614324963383979e+01
1.2566370614325972354663e+01
1.2566370614325389709620e+01
1.2566370614325878207751e+01
1.2566370614325576227088e+01
1.2566370614325496291031e+01
1.2566370614325309773562e+01
1.2566370614325562016234e+01
1.2566370614325805377121e+01
1.2566370614325386156906e+01
1.2566370614325858667826e+01
1.2566370614325670374001e+01
1.2566370614325578003445e+01
1.2566370614325867549610e+01
1.2566370614325286680923e+01
1.2566370614326084265144e+01
1.2566370614325103716169e+01
1.2566370614325553134449e+01
1.2566370614325212073936e+01
1.2566370614325469645678e+01
1.2566370614325521160026e+01
1.2566370614325865773253e+01
1.2566370614325627741437e+01
1.2566370614325720111992e+01
1.2566370614325860444183e+01
1.2566370614325521160026e+01
1.2566370614325688137569e+01
1.2566370614325057530891e+01
1.2566370614325911958531e+01
1.2566370614325535370881e+01
1.2566370614325531818167e+01
1.2566370614325654386789e+01
