6.2844419433835465582661e+00
6.2844418185067274507105e+00
6.2844418924654279479114e+00
6.2844418502496859346707e+00
6.2844418638307661950648e+00
6.2844418696452954975484e+00
6.2844418545595432945561e+00
6.2844418727522128875762e+00
6.2844418556427701361144e+00
6.2844418699140325301755e+00
6.2844418577691882887848e+00
6.2844418635120735672217e+00
6.2844418588829737970514e+00
6.2844418626078120126977e+00
6.2844418639077517241276e+00
6.2844418657743794653925e+00
6.2844418682392912955947e+00
6.2844418694322019547371e+00
6.2844418726412731857067e+00
6.2844418746712751300265e+00
6.2844418778752197951576e+00
6.2844418803984352095426e+00
6.2844418838815530037323e+00
6.2844418874377314665480e+00
6.2844418913817357008611e+00
6.2844418954903522589461e+00
6.2844419000266293906520e+00
6.2844419052532662917088e+00
6.2844419108162803411233e+00
6.2844419165909881641596e+00
6.2844419224916281407900e+00
6.2844419290755624274425e+00
6.2844419364042582998309e+00
6.2844419444308705635649e+00
6.2844419530109822957797e+00
6.2844419619862126324961e+00
6.2844419714455783676499e+00
6.2844419817508567760456e+00
6.2844419932434689712863e+00
6.2844420058792156424943e+00
6.2844420191397221131524e+00
6.2844420329201984287693e+00
6.2844420482006588812851e+00
6.2844420653025263590052e+00
6.2844420834209788750968e+00
6.2844421022425791534260e+00
6.2844421225927238339182e+00
6.2844421448890042114499e+00
6.2844421688936327186070e+00
6.2844421941057548863796e+00
6.2844422212917052661396e+00
6.2844422511929600716485e+00
6.2844422841962703785157e+00
6.2844423202266428418739e+00
6.2844423592485227914040e+00
6.2844423996811169530474e+00
6.2844424397178038077527e+00
6.2844424793941513485152e+00
6.2844425206798391059237e+00
6.2844425670267636263588e+00
6.2844426188938289357111e+00
