1.7830593323163714813973e+01
1.7830593323164119823332e+01
1.7830593323164638519529e+01
1.7830593323164702468375e+01
1.7830593323164620755961e+01
1.7830593323164258379165e+01
1.7830593323164428909422e+01
1.7830593323148335116457e+01
1.7830593310483649815978e+01
1.7830583957147446483305e+01
1.7829962192705348655863e+01
1.7829353324302125827217e+01
1.7828528074707385542297e+01
1.7828181280154971943830e+01
1.7827863350054066415851e+01
1.7827566981620439179324e+01
1.7827309817488679044573e+01
1.7827091977819666368532e+01
1.7826899918837607827982e+01
1.7826722245841441605307e+01
1.7826555154328602270652e+01
1.7826399479814277526657e+01
1.7826252808357153867291e+01
1.7826110830423051112348e+01
1.7825969725757957462520e+01
1.7825831008984270198425e+01
1.7825695726109557881500e+01
1.7825562347491654691112e+01
1.7825428582698872759238e+01
1.7825294583650343582804e+01
1.7825161858603660647304e+01
1.7825030132140572192156e+01
1.7824898488250820349776e+01
1.7824766583487594573398e+01
1.7824635465571418535546e+01
1.7824504920997643608871e+01
1.7824374499371621993760e+01
1.7824244064668750553437e+01
1.7824114062467423025282e+01
1.7823984591007803857110e+01
1.7823855206324825672937e+01
1.7823726117604078211798e+01
1.7823597340101368757814e+01
1.7823468995370848944049e+01
1.7823340727109155068320e+01
1.7823212621562777968620e+01
1.7823084748382267861189e+01
1.7822957110598263597012e+01
1.7822829593027172734310e+01
1.7822702211613421496850e+01
1.7822575030677842988780e+01
1.7822448003104835123622e+01
1.7822321134331055247912e+01
1.7822194387494860734478e+01
1.7822067711933410549818e+01
1.7821941137987415970656e+01
1.7821814890293669719767e+01
1.7821689239356228284805e+01
1.7821564589153620516981e+01
1.7821440191191079804867e+01
1.7821316145727813307076e+01
