3.5450849471961274339549e+00
3.5450849471961065617620e+00
3.5450849471960967917994e+00
3.5450849471961038972267e+00
3.5450849471961172199030e+00
3.5450849471961141112786e+00
3.5450849471961189962599e+00
3.5450849471961141112786e+00
3.5450849471961092262973e+00
3.5450849471961132231002e+00
3.5450849471960976799778e+00
3.5450849471961163317246e+00
3.5450849471961087822081e+00
3.5450849471961212167059e+00
3.5450849471961118908325e+00
3.5450849471960954595318e+00
3.5450849471961154435462e+00
3.5450849471961007886023e+00
3.5450849471961243253304e+00
3.5450849471961078940296e+00
3.5450849471961110026541e+00
3.5450849471960932390857e+00
3.5450849471961070058512e+00
3.5450849471961087822081e+00
3.5450849471961278780441e+00
3.5450849471961030090483e+00
3.5450849471961025649591e+00
3.5450849471961256575980e+00
3.5450849471961132231002e+00
3.5450849471961132231002e+00
3.5450849471961127790109e+00
3.5450849471961127790109e+00
3.5450849471961141112786e+00
3.5450849471961154435462e+00
3.5450849471961127790109e+00
3.5450849471961016767807e+00
3.5450849471961194403491e+00
3.5450849471961070058512e+00
3.5450849471961127790109e+00
3.5450849471961327630254e+00
3.5450849471961070058512e+00
3.5450849471961327630254e+00
3.5450849471961110026541e+00
3.5450849471961132231002e+00
3.5450849471960994563347e+00
3.5450849471961092262973e+00
3.5450849471961025649591e+00
3.5450849471961092262973e+00
3.5450849471961070058512e+00
3.5450849471961127790109e+00
3.5450849471961154435462e+00
3.5450849471961149994570e+00
3.5450849471961181080815e+00
3.5450849471961154435462e+00
3.5450849471961127790109e+00
3.5450849471961132231002e+00
3.5450849471961296544009e+00
3.5450849471961216607951e+00
3.5450849471961274339549e+00
3.5450849471961070058512e+00
3.5450849471961047854052e+00
3.5450849471961127790109e+00
3.5450849471961194403491e+00
3.5450849471961194403491e+00
3.5450849471961194403491e+00
3.5450849471961092262973e+00
3.5450849471961127790109e+00
3.5450849471961110026541e+00
3.5450849471961007886023e+00
3.5450849471961007886023e+00
3.5450849471961216607951e+00
3.5450849471961007886023e+00
3.5450849471961038972267e+00
3.5450849471961092262973e+00
3.5450849471961212167059e+00
3.5450849471961256575980e+00
3.5450849471961016767807e+00
3.5450849471961007886023e+00
3.5450849471961070058512e+00
3.5450849471961065617620e+00
3.5450849471961154435462e+00
3.5450849471961172199030e+00
3.5450849471961149994570e+00
3.5450849471961118908325e+00
3.5450849471961047854052e+00
3.5450849471961118908325e+00
3.5450849471961149994570e+00
3.5450849471960985681562e+00
3.5450849471961056735836e+00
3.5450849471960883541044e+00
3.5450849471961336512038e+00
3.5450849471961092262973e+00
3.5450849471961127790109e+00
3.5450849471961101144757e+00
3.5450849471961141112786e+00
3.5450849471961087822081e+00
3.5450849471961110026541e+00
3.5450849471961127790109e+00
3.5450849471960954595318e+00
3.5450849471961212167059e+00
3.5450849471961380920959e+00
3.5450849471961163317246e+00
3.5450849471961149994570e+00
3.5450849471961265457765e+00
3.5450849471961163317246e+00
3.5450849471961003445131e+00
3.5450849471961216607951e+00
3.5450849471961265457765e+00
3.5450849471961265457765e+00
3.5450849471961030090483e+00
3.5450849471961047854052e+00
3.5450849471961287662225e+00
3.5450849471961118908325e+00
3.5450849471961181080815e+00
3.5450849471961070058512e+00
3.5450849471961234371520e+00
3.5450849471961243253304e+00
3.5450849471961007886023e+00
3.5450849471961118908325e+00
3.5450849471961132231002e+00
3.5450849471961110026541e+00
3.5450849471961003445131e+00
3.5450849471961078940296e+00
3.5450849471960954595318e+00
3.5450849471961030090483e+00
3.5450849471961038972267e+00
3.5450849471961181080815e+00
3.5450849471961118908325e+00
3.5450849471961163317246e+00
3.5450849471960976799778e+00
3.5450849471961181080815e+00
3.5450849471961070058512e+00
3.5450849471961078940296e+00
3.5450849471961163317246e+00
3.5450849471961265457765e+00
3.5450849471961038972267e+00
3.5450849471961163317246e+00
3.5450849471961256575980e+00
3.5450849471961101144757e+00
3.5450849471961038972267e+00
3.5450849471961132231002e+00
3.5450849471961181080815e+00
3.5450849471961278780441e+00
3.5450849471960985681562e+00
3.5450849471961154435462e+00
3.5450849471961149994570e+00
3.5450849471961101144757e+00
3.5450849471961212167059e+00
3.5450849471961189962599e+00
3.5450849471961212167059e+00
3.5450849471961181080815e+00
3.5450849471961189962599e+00
3.5450849471961212167059e+00
3.5450849471961047854052e+00
3.5450849471961092262973e+00
3.5450849471961243253304e+00
3.5450849471961234371520e+00
3.5450849471961172199030e+00
3.5450849471961243253304e+00
3.5450849471961092262973e+00
3.5450849471961154435462e+00
3.5450849471961154435462e+00
3.5450849471960861336584e+00
3.5450849471961078940296e+00
3.5450849471961127790109e+00
3.5450849471961172199030e+00
3.5450849471961092262973e+00
3.5450849471961127790109e+00
3.5450849471961141112786e+00
3.5450849471961181080815e+00
3.5450849471961243253304e+00
3.5450849471961265457765e+00
3.5450849471961163317246e+00
3.5450849471961070058512e+00
3.5450849471961007886023e+00
3.5450849471961007886023e+00
3.5450849471961252135088e+00
3.5450849471961203285275e+00
3.5450849471961154435462e+00
3.5450849471961047854052e+00
3.5450849471961256575980e+00
3.5450849471961038972267e+00
3.5450849471961265457765e+00
3.5450849471961118908325e+00
3.5450849471961007886023e+00
3.5450849471961141112786e+00
3.5450849471961101144757e+00
3.5450849471961154435462e+00
3.5450849471961056735836e+00
3.5450849471961127790109e+00
3.5450849471961110026541e+00
3.5450849471961070058512e+00
3.5450849471961154435462e+00
3.5450849471961078940296e+00
3.5450849471960994563347e+00
3.5450849471961118908325e+00
3.5450849471961070058512e+00
3.5450849471961078940296e+00
3.5450849471961007886023e+00
3.5450849471961181080815e+00
3.5450849471961154435462e+00
3.5450849471961154435462e+00
3.5450849471961203285275e+00
3.5450849471961296544009e+00
3.5450849471961172199030e+00
3.5450849471961110026541e+00
3.5450849471961047854052e+00
3.5450849471961056735836e+00
3.5450849471961127790109e+00
3.5450849471961065617620e+00
3.5450849471960976799778e+00
3.5450849471961132231002e+00
3.5450849471961087822081e+00
3.5450849471961154435462e+00
3.5450849471961132231002e+00
3.5450849471961025649591e+00
3.5450849471961252135088e+00
3.5450849471961101144757e+00
3.5450849471961132231002e+00
3.5450849471961070058512e+00
3.5450849471961110026541e+00
3.5450849471961070058512e+00
3.5450849471961318748470e+00
3.5450849471961212167059e+00
3.5450849471961154435462e+00
3.5450849471961149994570e+00
3.5450849471961225489736e+00
3.5450849471961047854052e+00
3.5450849471961234371520e+00
3.5450849471961087822081e+00
3.5450849471961154435462e+00
3.5450849471961070058512e+00
3.5450849471961078940296e+00
3.5450849471961065617620e+00
3.5450849471961038972267e+00
3.5450849471961203285275e+00
3.5450849471960954595318e+00
3.5450849471961065617620e+00
3.5450849471961087822081e+00
3.5450849471961030090483e+00
3.5450849471961243253304e+00
3.5450849471961132231002e+00
3.5450849471961252135088e+00
3.5450849471961212167059e+00
3.5450849471961189962599e+00
3.5450849471961056735836e+00
3.5450849471961092262973e+00
3.5450849471961003445131e+00
3.5450849471961181080815e+00
3.5450849471961256575980e+00
3.5450849471961141112786e+00
3.5450849471961274339549e+00
3.5450849471961225489736e+00
3.5450849471961278780441e+00
3.5450849471961092262973e+00
3.5450849471961189962599e+00
3.5450849471961149994570e+00
3.5450849471960967917994e+00
3.5450849471961118908325e+00
3.5450849471961127790109e+00
3.5450849471961038972267e+00
3.5450849471961038972267e+00
3.5450849471961225489736e+00
3.5450849471961181080815e+00
3.5450849471961118908325e+00
3.5450849471961141112786e+00
3.5450849471961038972267e+00
3.5450849471961181080815e+00
3.5450849471961127790109e+00
3.5450849471961065617620e+00
3.5450849471961172199030e+00
3.5450849471961212167059e+00
3.5450849471961149994570e+00
3.5450849471961216607951e+00
3.5450849471961030090483e+00
3.5450849471961127790109e+00
3.5450849471961181080815e+00
3.5450849471961172199030e+00
3.5450849471961007886023e+00
3.5450849471961225489736e+00
3.5450849471961154435462e+00
3.5450849471961163317246e+00
3.5450849471961181080815e+00
3.5450849471961078940296e+00
3.5450849471961141112786e+00
3.5450849471961132231002e+00
3.5450849471961212167059e+00
3.5450849471961078940296e+00
3.5450849471961154435462e+00
3.5450849471961065617620e+00
3.5450849471961030090483e+00
3.5450849471961092262973e+00
3.5450849471960923509073e+00
3.5450849471961101144757e+00
3.5450849471961132231002e+00
3.5450849471961216607951e+00
3.5450849471961092262973e+00
3.5450849471961212167059e+00
3.5450849471961092262973e+00
3.5450849471961078940296e+00
3.5450849471961163317246e+00
3.5450849471961154435462e+00
3.5450849471961132231002e+00
3.5450849471961078940296e+00
3.5450849471961016767807e+00
3.5450849471961203285275e+00
3.5450849471961189962599e+00
3.5450849471961070058512e+00
3.5450849471961132231002e+00
3.5450849471961154435462e+00
3.5450849471961025649591e+00
3.5450849471960945713533e+00
3.5450849471961181080815e+00
3.5450849471961154435462e+00
3.5450849471961030090483e+00
3.5450849471961154435462e+00
3.5450849471961078940296e+00
3.5450849471961025649591e+00
3.5450849471961243253304e+00
3.5450849471961212167059e+00
3.5450849471961154435462e+00
3.5450849471961070058512e+00
3.5450849471961274339549e+00
3.5450849471961038972267e+00
3.5450849471961087822081e+00
3.5450849471961172199030e+00
3.5450849471961047854052e+00
3.5450849471961189962599e+00
3.5450849471961030090483e+00
3.5450849471961212167059e+00
3.5450849471961154435462e+00
3.5450849471961189962599e+00
3.5450849471960976799778e+00
3.5450849471961181080815e+00
3.5450849471961110026541e+00
3.5450849471961070058512e+00
3.5450849471960976799778e+00
3.5450849471961118908325e+00
3.5450849471961234371520e+00
3.5450849471961181080815e+00
3.5450849471960954595318e+00
3.5450849471961127790109e+00
3.5450849471961038972267e+00
3.5450849471961030090483e+00
3.5450849471961189962599e+00
3.5450849471961016767807e+00
3.5450849471960963477102e+00
3.5450849471961087822081e+00
3.5450849471961092262973e+00
3.5450849471961181080815e+00
3.5450849471961127790109e+00
3.5450849471960985681562e+00
3.5450849471961038972267e+00
3.5450849471961016767807e+00
3.5450849471960941272641e+00
3.5450849471961154435462e+00
3.5450849471961141112786e+00
3.5450849471961087822081e+00
3.5450849471961149994570e+00
3.5450849471961243253304e+00
3.5450849471961078940296e+00
3.5450849471961243253304e+00
3.5450849471961327630254e+00
3.5450849471961078940296e+00
3.5450849471961243253304e+00
3.5450849471961243253304e+00
3.5450849471961265457765e+00
3.5450849471961092262973e+00
3.5450849471961149994570e+00
3.5450849471961087822081e+00
3.5450849471961132231002e+00
3.5450849471961194403491e+00
3.5450849471961007886023e+00
3.5450849471961172199030e+00
3.5450849471961252135088e+00
3.5450849471961189962599e+00
3.5450849471961070058512e+00
3.5450849471961141112786e+00
3.5450849471961038972267e+00
3.5450849471961163317246e+00
3.5450849471961181080815e+00
3.5450849471961056735836e+00
3.5450849471961092262973e+00
3.5450849471961274339549e+00
3.5450849471961181080815e+00
3.5450849471961154435462e+00
3.5450849471961141112786e+00
3.5450849471960954595318e+00
3.5450849471961318748470e+00
3.5450849471961078940296e+00
3.5450849471961252135088e+00
3.5450849471961118908325e+00
3.5450849471961038972267e+00
3.5450849471961030090483e+00
3.5450849471960976799778e+00
3.5450849471961118908325e+00
3.5450849471961025649591e+00
3.5450849471961092262973e+00
3.5450849471961127790109e+00
3.5450849471961070058512e+00
3.5450849471961127790109e+00
3.5450849471961025649591e+00
3.5450849471961194403491e+00
3.5450849471961056735836e+00
3.5450849471961078940296e+00
3.5450849471961056735836e+00
3.5450849471960954595318e+00
3.5450849471961087822081e+00
3.5450849471961420888988e+00
3.5450849471961127790109e+00
3.5450849471961087822081e+00
3.5450849471961252135088e+00
3.5450849471961327630254e+00
3.5450849471961154435462e+00
3.5450849471961078940296e+00
3.5450849471961092262973e+00
3.5450849471961154435462e+00
3.5450849471961127790109e+00
3.5450849471961172199030e+00
3.5450849471961118908325e+00
3.5450849471961092262973e+00
3.5450849471961163317246e+00
3.5450849471961154435462e+00
3.5450849471961070058512e+00
3.5450849471961030090483e+00
3.5450849471961025649591e+00
3.5450849471961025649591e+00
3.5450849471961154435462e+00
3.5450849471961149994570e+00
3.5450849471961181080815e+00
3.5450849471960892422828e+00
3.5450849471961070058512e+00
3.5450849471961101144757e+00
3.5450849471961212167059e+00
3.5450849471961007886023e+00
3.5450849471961070058512e+00
3.5450849471961087822081e+00
3.5450849471961030090483e+00
3.5450849471961047854052e+00
3.5450849471961243253304e+00
3.5450849471960985681562e+00
3.5450849471961278780441e+00
3.5450849471961003445131e+00
3.5450849471961101144757e+00
3.5450849471961070058512e+00
3.5450849471961149994570e+00
3.5450849471961070058512e+00
3.5450849471961154435462e+00
3.5450849471961172199030e+00
3.5450849471960985681562e+00
3.5450849471961092262973e+00
3.5450849471961030090483e+00
3.5450849471961141112786e+00
3.5450849471961132231002e+00
3.5450849471961007886023e+00
3.5450849471961181080815e+00
3.5450849471961132231002e+00
3.5450849471961154435462e+00
3.5450849471961189962599e+00
3.5450849471961216607951e+00
3.5450849471961154435462e+00
3.5450849471961172199030e+00
3.5450849471961078940296e+00
3.5450849471961110026541e+00
3.5450849471961007886023e+00
3.5450849471961047854052e+00
3.5450849471961194403491e+00
3.5450849471961172199030e+00
3.5450849471961234371520e+00
3.5450849471961078940296e+00
3.5450849471961127790109e+00
3.5450849471961087822081e+00
3.5450849471961110026541e+00
3.5450849471961234371520e+00
3.5450849471961225489736e+00
3.5450849471961127790109e+00
3.5450849471961141112786e+00
3.5450849471961336512038e+00
3.5450849471961127790109e+00
3.5450849471961154435462e+00
3.5450849471961189962599e+00
3.5450849471961030090483e+00
3.5450849471961007886023e+00
3.5450849471961056735836e+00
3.5450849471961056735836e+00
3.5450849471961047854052e+00
3.5450849471960994563347e+00
3.5450849471960905745505e+00
3.5450849471961101144757e+00
3.5450849471961163317246e+00
3.5450849471961127790109e+00
3.5450849471961078940296e+00
3.5450849471961038972267e+00
3.5450849471961154435462e+00
3.5450849471961070058512e+00
3.5450849471960941272641e+00
3.5450849471961314307578e+00
3.5450849471961065617620e+00
3.5450849471961016767807e+00
3.5450849471961092262973e+00
3.5450849471961092262973e+00
3.5450849471961149994570e+00
3.5450849471961030090483e+00
3.5450849471961127790109e+00
3.5450849471961087822081e+00
3.5450849471961154435462e+00
3.5450849471961092262973e+00
3.5450849471961070058512e+00
3.5450849471960994563347e+00
3.5450849471961003445131e+00
3.5450849471961172199030e+00
3.5450849471961110026541e+00
3.5450849471961092262973e+00
3.5450849471961265457765e+00
3.5450849471961314307578e+00
3.5450849471961154435462e+00
3.5450849471961118908325e+00
3.5450849471961092262973e+00
3.5450849471961038972267e+00
3.5450849471961194403491e+00
3.5450849471961065617620e+00
3.5450849471961110026541e+00
3.5450849471961149994570e+00
3.5450849471961056735836e+00
3.5450849471961056735836e+00
3.5450849471961141112786e+00
3.5450849471961038972267e+00
3.5450849471961163317246e+00
3.5450849471961092262973e+00
3.5450849471961212167059e+00
3.5450849471961110026541e+00
3.5450849471961016767807e+00
3.5450849471961141112786e+00
3.5450849471961225489736e+00
3.5450849471961127790109e+00
3.5450849471961092262973e+00
3.5450849471961149994570e+00
3.5450849471961163317246e+00
3.5450849471961234371520e+00
3.5450849471961127790109e+00
3.5450849471961265457765e+00
3.5450849471961047854052e+00
3.5450849471961092262973e+00
3.5450849471961154435462e+00
3.5450849471961087822081e+00
3.5450849471961172199030e+00
3.5450849471961118908325e+00
3.5450849471961203285275e+00
3.5450849471961189962599e+00
3.5450849471960901304612e+00
3.5450849471961154435462e+00
3.5450849471961056735836e+00
3.5450849471960963477102e+00
3.5450849471961110026541e+00
3.5450849471961025649591e+00
3.5450849471961181080815e+00
3.5450849471961101144757e+00
3.5450849471961070058512e+00
3.5450849471961070058512e+00
3.5450849471961110026541e+00
3.5450849471961110026541e+00
3.5450849471961243253304e+00
3.5450849471961127790109e+00
3.5450849471961127790109e+00
3.5450849471961127790109e+00
3.5450849471961118908325e+00
3.5450849471961189962599e+00
3.5450849471961092262973e+00
3.5450849471961092262973e+00
3.5450849471961203285275e+00
3.5450849471961243253304e+00
3.5450849471961007886023e+00
3.5450849471961141112786e+00
3.5450849471961016767807e+00
3.5450849471961287662225e+00
3.5450849471961154435462e+00
3.5450849471961172199030e+00
3.5450849471961194403491e+00
3.5450849471961149994570e+00
3.5450849471961127790109e+00
3.5450849471961189962599e+00
3.5450849471960954595318e+00
3.5450849471960954595318e+00
3.5450849471961110026541e+00
3.5450849471961181080815e+00
3.5450849471961154435462e+00
3.5450849471961127790109e+00
3.5450849471961092262973e+00
3.5450849471961016767807e+00
3.5450849471961087822081e+00
3.5450849471961243253304e+00
3.5450849471961181080815e+00
3.5450849471961038972267e+00
3.5450849471961118908325e+00
3.5450849471961078940296e+00
3.5450849471961038972267e+00
3.5450849471961132231002e+00
3.5450849471961065617620e+00
3.5450849471961194403491e+00
3.5450849471961212167059e+00
3.5450849471960901304612e+00
