Starting 1D1V Vlasov-Poisson simulation

advection solver: LTE order 8

will step through 2-dimensional solution in variables: ['x', 'vx']

high order correction method on x: FOURIER
high order correction method on vx: FD


simulation has started, status updates are broadcasted after each timestep
time step 1 of 44 completed in 3.86223 seconds
[[  5.12777525e-15   5.54996065e-15   8.38778581e-15 ...,   8.18100003e-15
    4.95786508e-15   5.12777525e-15]
 [  5.19824382e-15   5.45035101e-15   8.20606662e-15 ...,   8.37037190e-15
    5.06212554e-15   5.19824382e-15]
 [  5.26659308e-15   5.35889369e-15   8.03393168e-15 ...,   8.56902803e-15
    5.18536833e-15   5.26659308e-15]
 ..., 
 [  5.01868579e-15   5.77411255e-15   8.77957317e-15 ...,   7.83115380e-15
    4.77450844e-15   5.01868579e-15]
 [  5.06677161e-15   5.65794074e-15   8.57898822e-15 ...,   8.00126623e-15
    4.86331292e-15   5.06677161e-15]
 [  5.12777525e-15   5.54996065e-15   8.38778581e-15 ...,   8.18100003e-15
    4.95786508e-15   5.12777525e-15]]
[[ 0.06066942  0.06066942  0.06066942 ...,  0.06066942  0.06066942
   0.06066942]
 [ 0.06066942  0.06066942  0.06066942 ...,  0.06066942  0.06066942
   0.06066942]
 [ 0.06066942  0.06066942  0.06066942 ...,  0.06066942  0.06066942
   0.06066942]
 ..., 
 [ 0.06066942  0.06066942  0.06066942 ...,  0.06066942  0.06066942
   0.06066942]
 [ 0.06066942  0.06066942  0.06066942 ...,  0.06066942  0.06066942
   0.06066942]
 [ 0.06066942  0.06066942  0.06066942 ...,  0.06066942  0.06066942
   0.06066942]]
time step 2 of 44 completed in 3.9653 seconds
[[  6.87347824e-15   4.85003766e-15   5.54286599e-15 ...,   5.27428906e-15
    4.98097264e-15   6.87347824e-15]
 [  6.95061071e-15   4.88150259e-15   5.49568939e-15 ...,   5.31235733e-15
    4.92048228e-15   6.95061071e-15]
 [  7.01998746e-15   4.91323943e-15   5.45830748e-15 ...,   5.36167409e-15
    4.85951637e-15   7.01998746e-15]
 ..., 
 [  6.69700073e-15   4.79117976e-15   5.66859600e-15 ...,   5.23039019e-15
    5.09488622e-15   6.69700073e-15]
 [  6.78826909e-15   4.81935249e-15   5.60031846e-15 ...,   5.24711386e-15
    5.03858582e-15   6.78826909e-15]
 [  6.87347824e-15   4.85003766e-15   5.54286599e-15 ...,   5.27428906e-15
    4.98097264e-15   6.87347824e-15]]
[[ 0.06066942  0.06066942  0.06066942 ...,  0.06066942  0.06066942
   0.06066942]
 [ 0.06066942  0.06066942  0.06066942 ...,  0.06066942  0.06066942
   0.06066942]
 [ 0.06066942  0.06066942  0.06066942 ...,  0.06066942  0.06066942
   0.06066942]
 ..., 
 [ 0.06066942  0.06066942  0.06066942 ...,  0.06066942  0.06066942
   0.06066942]
 [ 0.06066942  0.06066942  0.06066942 ...,  0.06066942  0.06066942
   0.06066942]
 [ 0.06066942  0.06066942  0.06066942 ...,  0.06066942  0.06066942
   0.06066942]]
time step 3 of 44 completed in 3.89873 seconds
[[  7.35271430e-15   5.30287660e-15   6.28952071e-15 ...,   6.52470994e-15
    5.68681283e-15   7.35271430e-15]
 [  7.33834333e-15   5.34209237e-15   6.43291502e-15 ...,   6.38046881e-15
    5.67306533e-15   7.33834333e-15]
 [  7.31853553e-15   5.38442982e-15   6.58861812e-15 ...,   6.25169750e-15
    5.66110181e-15   7.31853553e-15]
 ..., 
 [  7.36480742e-15   5.23319217e-15   6.03817445e-15 ...,   6.85905331e-15
    5.73157655e-15   7.36480742e-15]
 [  7.36314453e-15   5.26931452e-15   6.15858239e-15 ...,   6.68345176e-15
    5.70570083e-15   7.36314453e-15]
 [  7.35271430e-15   5.30287660e-15   6.28952071e-15 ...,   6.52470994e-15
    5.68681283e-15   7.35271430e-15]]
[[ 0.06066942  0.06066942  0.06066942 ...,  0.06066942  0.06066942
   0.06066942]
 [ 0.06066942  0.06066942  0.06066942 ...,  0.06066942  0.06066942
   0.06066942]
 [ 0.06066942  0.06066942  0.06066942 ...,  0.06066942  0.06066942
   0.06066942]
 ..., 
 [ 0.06066942  0.06066942  0.06066942 ...,  0.06066942  0.06066942
   0.06066942]
 [ 0.06066942  0.06066942  0.06066942 ...,  0.06066942  0.06066942
   0.06066942]
 [ 0.06066942  0.06066942  0.06066942 ...,  0.06066942  0.06066942
   0.06066942]]
time step 4 of 44 completed in 3.85193 seconds
[[  7.32458278e-15   8.81954836e-15   1.30764185e-14 ...,   1.45287211e-14
    9.08384859e-15   7.32458278e-15]
 [  7.39153267e-15   9.13815859e-15   1.35885224e-14 ...,   1.39872391e-14
    8.75694323e-15   7.39153267e-15]
 [  7.47033737e-15   9.46572462e-15   1.41111034e-14 ...,   1.34563607e-14
    8.44444638e-15   7.47033737e-15]
 ..., 
 [  7.17700322e-15   8.21110621e-15   1.20898365e-14 ...,   1.56350741e-14
    9.78388232e-15   7.17700322e-15]
 [  7.25329097e-15   8.50868244e-15   1.25765625e-14 ...,   1.50788642e-14
    9.42826099e-15   7.25329097e-15]
 [  7.32458278e-15   8.81954836e-15   1.30764185e-14 ...,   1.45287211e-14
    9.08384859e-15   7.32458278e-15]]
[[ 0.06066942  0.06066942  0.06066942 ...,  0.06066942  0.06066942
   0.06066942]
 [ 0.06066942  0.06066942  0.06066942 ...,  0.06066942  0.06066942
   0.06066942]
 [ 0.06066942  0.06066942  0.06066942 ...,  0.06066942  0.06066942
   0.06066942]
 ..., 
 [ 0.06066942  0.06066942  0.06066942 ...,  0.06066942  0.06066942
   0.06066942]
 [ 0.06066942  0.06066942  0.06066942 ...,  0.06066942  0.06066942
   0.06066942]
 [ 0.06066942  0.06066942  0.06066942 ...,  0.06066942  0.06066942
   0.06066942]]
10% done :         n = 4 of 44
time step 5 of 44 completed in 3.91271 seconds
[[  1.07006506e-14   1.62526875e-14   2.47095629e-14 ...,   2.69575417e-14
    1.75801659e-14   1.07006506e-14]
 [  1.08256902e-14   1.64815204e-14   2.50858725e-14 ...,   2.67024632e-14
    1.74282635e-14   1.08256902e-14]
 [  1.09266327e-14   1.66757361e-14   2.54105274e-14 ...,   2.63850650e-14
    1.72351659e-14   1.09266327e-14]
 ..., 
 [  1.03963132e-14   1.57001247e-14   2.38162794e-14 ...,   2.72706486e-14
    1.77519874e-14   1.03963132e-14]
 [  1.05562930e-14   1.59914905e-14   2.42849842e-14 ...,   2.71476487e-14
    1.76877170e-14   1.05562930e-14]
 [  1.07006506e-14   1.62526875e-14   2.47095629e-14 ...,   2.69575417e-14
    1.75801659e-14   1.07006506e-14]]
[[ 0.06066942  0.06066942  0.06066942 ...,  0.06066942  0.06066942
   0.06066942]
 [ 0.06066942  0.06066942  0.06066942 ...,  0.06066942  0.06066942
   0.06066942]
 [ 0.06066942  0.06066942  0.06066942 ...,  0.06066942  0.06066942
   0.06066942]
 ..., 
 [ 0.06066942  0.06066942  0.06066942 ...,  0.06066942  0.06066942
   0.06066942]
 [ 0.06066942  0.06066942  0.06066942 ...,  0.06066942  0.06066942
   0.06066942]
 [ 0.06066942  0.06066942  0.06066942 ...,  0.06066942  0.06066942
   0.06066942]]
time step 6 of 44 completed in 3.98546 seconds
[[  9.23337181e-15   1.45034280e-14   2.26454700e-14 ...,   2.08493994e-14
    1.32973143e-14   9.23337181e-15]
 [  9.01993384e-15   1.41710034e-14   2.21453417e-14 ...,   2.14752821e-14
    1.36878801e-14   9.01993384e-15]
 [  8.79519208e-15   1.38184671e-14   2.16122826e-14 ...,   2.20768125e-14
    1.40632298e-14   8.79519208e-15]
 ..., 
 [  9.63395569e-15   1.50991044e-14   2.35310213e-14 ...,   1.95435285e-14
    1.24654935e-14   9.63395569e-15]
 [  9.44153556e-15   1.48137850e-14   2.31085832e-14 ...,   2.02039629e-14
    1.28865675e-14   9.44153556e-15]
 [  9.23337181e-15   1.45034280e-14   2.26454700e-14 ...,   2.08493994e-14
    1.32973143e-14   9.23337181e-15]]
[[ 0.06066942  0.06066942  0.06066942 ...,  0.06066942  0.06066942
   0.06066942]
 [ 0.06066942  0.06066942  0.06066942 ...,  0.06066942  0.06066942
   0.06066942]
 [ 0.06066942  0.06066942  0.06066942 ...,  0.06066942  0.06066942
   0.06066942]
 ..., 
 [ 0.06066942  0.06066942  0.06066942 ...,  0.06066942  0.06066942
   0.06066942]
 [ 0.06066942  0.06066942  0.06066942 ...,  0.06066942  0.06066942
   0.06066942]
 [ 0.06066942  0.06066942  0.06066942 ...,  0.06066942  0.06066942
   0.06066942]]
time step 7 of 44 completed in 3.85378 seconds
[[  4.95034239e-15   7.31066909e-15   1.15712429e-14 ...,   8.86768259e-15
    5.61566252e-15   4.95034239e-15]
 [  4.86291488e-15   7.05922247e-15   1.11642835e-14 ...,   9.17225910e-15
    5.79133959e-15   4.86291488e-15]
 [  4.79483841e-15   6.81733214e-15   1.07685518e-14 ...,   9.48979381e-15
    5.98434215e-15   4.79483841e-15]
 ..., 
 [  5.17360150e-15   7.83870896e-15   1.24154247e-14 ...,   8.29913334e-15
    5.30602863e-15   5.17360150e-15]
 [  5.05383459e-15   7.57103399e-15   1.19886944e-14 ...,   8.57656992e-15
    5.45281423e-15   5.05383459e-15]
 [  4.95034239e-15   7.31066909e-15   1.15712429e-14 ...,   8.86768259e-15
    5.61566252e-15   4.95034239e-15]]
[[ 0.06066942  0.06066942  0.06066942 ...,  0.06066942  0.06066942
   0.06066942]
 [ 0.06066942  0.06066942  0.06066942 ...,  0.06066942  0.06066942
   0.06066942]
 [ 0.06066942  0.06066942  0.06066942 ...,  0.06066942  0.06066942
   0.06066942]
 ..., 
 [ 0.06066942  0.06066942  0.06066942 ...,  0.06066942  0.06066942
   0.06066942]
 [ 0.06066942  0.06066942  0.06066942 ...,  0.06066942  0.06066942
   0.06066942]
 [ 0.06066942  0.06066942  0.06066942 ...,  0.06066942  0.06066942
   0.06066942]]
time step 8 of 44 completed in 3.85556 seconds
[[  5.82793296e-15   5.11964519e-15   7.05324470e-15 ...,   5.93275674e-15
    5.21558730e-15   5.82793296e-15]
 [  5.91858449e-15   5.12584358e-15   6.98012756e-15 ...,   5.88191821e-15
    5.18491047e-15   5.91858449e-15]
 [  6.00968095e-15   5.13825282e-15   6.91705837e-15 ...,   5.83849219e-15
    5.15512695e-15   6.00968095e-15]
 ..., 
 [  5.63894482e-15   5.12721375e-15   7.23120233e-15 ...,   6.06002716e-15
    5.29439158e-15   5.63894482e-15]
 [  5.73410513e-15   5.11937197e-15   7.13692165e-15 ...,   5.99078664e-15
    5.25236044e-15   5.73410513e-15]
 [  5.82793296e-15   5.11964519e-15   7.05324470e-15 ...,   5.93275674e-15
    5.21558730e-15   5.82793296e-15]]
[[ 0.06066942  0.06066942  0.06066942 ...,  0.06066942  0.06066942
   0.06066942]
 [ 0.06066942  0.06066942  0.06066942 ...,  0.06066942  0.06066942
   0.06066942]
 [ 0.06066942  0.06066942  0.06066942 ...,  0.06066942  0.06066942
   0.06066942]
 ..., 
 [ 0.06066942  0.06066942  0.06066942 ...,  0.06066942  0.06066942
   0.06066942]
 [ 0.06066942  0.06066942  0.06066942 ...,  0.06066942  0.06066942
   0.06066942]
 [ 0.06066942  0.06066942  0.06066942 ...,  0.06066942  0.06066942
   0.06066942]]
time step 9 of 44 completed in 4.76448 seconds
[[  7.37513454e-15   6.75371630e-15   8.72889980e-15 ...,   9.52034059e-15
    6.89378303e-15   7.37513454e-15]
 [  7.44132720e-15   6.87761314e-15   8.89369113e-15 ...,   9.18143722e-15
    6.75919512e-15   7.44132720e-15]
 [  7.50514290e-15   7.00239949e-15   9.06500608e-15 ...,   8.86087557e-15
    6.64244423e-15   7.50514290e-15]
 ..., 
 [  7.22026232e-15   6.51497365e-15   8.42443703e-15 ...,   1.02567943e-14
    7.21530896e-15   7.22026232e-15]
 [  7.29936608e-15   6.63154004e-15   8.57241795e-15 ...,   9.87875897e-15
    7.04395622e-15   7.29936608e-15]
 [  7.37513454e-15   6.75371630e-15   8.72889980e-15 ...,   9.52034059e-15
    6.89378303e-15   7.37513454e-15]]
[[ 0.06066942  0.06066942  0.06066942 ...,  0.06066942  0.06066942
   0.06066942]
 [ 0.06066942  0.06066942  0.06066942 ...,  0.06066942  0.06066942
   0.06066942]
 [ 0.06066942  0.06066942  0.06066942 ...,  0.06066942  0.06066942
   0.06066942]
 ..., 
 [ 0.06066942  0.06066942  0.06066942 ...,  0.06066942  0.06066942
   0.06066942]
 [ 0.06066942  0.06066942  0.06066942 ...,  0.06066942  0.06066942
   0.06066942]
 [ 0.06066942  0.06066942  0.06066942 ...,  0.06066942  0.06066942
   0.06066942]]
time step 10 of 44 completed in 4.04238 seconds
[[  7.14719774e-15   9.61962839e-15   1.37340760e-14 ...,   1.96105753e-14
    1.16318629e-14   7.14719774e-15]
 [  7.03995786e-15   9.67235456e-15   1.39162361e-14 ...,   1.92089724e-14
    1.14845760e-14   7.03995786e-15]
 [  6.93076761e-15   9.71502781e-15   1.40883859e-14 ...,   1.87855907e-14
    1.13248716e-14   6.93076761e-15]
 ..., 
 [  7.34323667e-15   9.48161495e-15   1.33443626e-14 ...,   2.03387316e-14
    1.18847141e-14   7.34323667e-15]
 [  7.24695015e-15   9.55526991e-15   1.35431506e-14 ...,   1.99877370e-14
    1.17637177e-14   7.24695015e-15]
 [  7.14719774e-15   9.61962839e-15   1.37340760e-14 ...,   1.96105753e-14
    1.16318629e-14   7.14719774e-15]]
[[ 0.06066942  0.06066942  0.06066942 ...,  0.06066942  0.06066942
   0.06066942]
 [ 0.06066942  0.06066942  0.06066942 ...,  0.06066942  0.06066942
   0.06066942]
 [ 0.06066942  0.06066942  0.06066942 ...,  0.06066942  0.06066942
   0.06066942]
 ..., 
 [ 0.06066942  0.06066942  0.06066942 ...,  0.06066942  0.06066942
   0.06066942]
 [ 0.06066942  0.06066942  0.06066942 ...,  0.06066942  0.06066942
   0.06066942]
 [ 0.06066942  0.06066942  0.06066942 ...,  0.06066942  0.06066942
   0.06066942]]
time step 11 of 44 completed in 4.59574 seconds
[[  6.39743171e-15   7.89872476e-15   1.27207592e-14 ...,   1.96331247e-14
    1.10861154e-14   6.39743171e-15]
 [  6.47648895e-15   7.79963906e-15   1.25630701e-14 ...,   2.02165597e-14
    1.14086568e-14   6.47648895e-15]
 [  6.56249291e-15   7.72406949e-15   1.24084795e-14 ...,   2.07813336e-14
    1.17318423e-14   6.56249291e-15]
 ..., 
 [  6.26852143e-15   8.09720879e-15   1.30219225e-14 ...,   1.84126404e-14
    1.04244257e-14   6.26852143e-15]
 [  6.32947560e-15   8.00080728e-15   1.28736589e-14 ...,   1.90311385e-14
    1.07534213e-14   6.32947560e-15]
 [  6.39743171e-15   7.89872476e-15   1.27207592e-14 ...,   1.96331247e-14
    1.10861154e-14   6.39743171e-15]]
[[ 0.06066942  0.06066942  0.06066942 ...,  0.06066942  0.06066942
   0.06066942]
 [ 0.06066942  0.06066942  0.06066942 ...,  0.06066942  0.06066942
   0.06066942]
 [ 0.06066942  0.06066942  0.06066942 ...,  0.06066942  0.06066942
   0.06066942]
 ..., 
 [ 0.06066942  0.06066942  0.06066942 ...,  0.06066942  0.06066942
   0.06066942]
 [ 0.06066942  0.06066942  0.06066942 ...,  0.06066942  0.06066942
   0.06066942]
 [ 0.06066942  0.06066942  0.06066942 ...,  0.06066942  0.06066942
   0.06066942]]
25% done :         n = 11 of 44
time step 12 of 44 completed in 4.90827 seconds
[[  8.96074661e-15   5.77299222e-15   6.92747146e-15 ...,   8.19652284e-15
    6.64370522e-15   8.96074661e-15]
 [  9.01561569e-15   5.71448537e-15   6.79968794e-15 ...,   8.68204602e-15
    6.73290252e-15   9.01561569e-15]
 [  9.06875244e-15   5.65509174e-15   6.68202000e-15 ...,   9.20865411e-15
    6.85888051e-15   9.06875244e-15]
 ..., 
 [  8.83761507e-15   5.89049406e-15   7.21497928e-15 ...,   7.34106992e-15
    6.56645301e-15   8.83761507e-15]
 [  8.90063229e-15   5.83121874e-15   7.06603753e-15 ...,   7.75002264e-15
    6.59047601e-15   8.90063229e-15]
 [  8.96074661e-15   5.77299222e-15   6.92747146e-15 ...,   8.19652284e-15
    6.64370522e-15   8.96074661e-15]]
[[ 0.06066942  0.06066942  0.06066942 ...,  0.06066942  0.06066942
   0.06066942]
 [ 0.06066942  0.06066942  0.06066942 ...,  0.06066942  0.06066942
   0.06066942]
 [ 0.06066942  0.06066942  0.06066942 ...,  0.06066942  0.06066942
   0.06066942]
 ..., 
 [ 0.06066942  0.06066942  0.06066942 ...,  0.06066942  0.06066942
   0.06066942]
 [ 0.06066942  0.06066942  0.06066942 ...,  0.06066942  0.06066942
   0.06066942]
 [ 0.06066942  0.06066942  0.06066942 ...,  0.06066942  0.06066942
   0.06066942]]
time step 13 of 44 completed in 4.87582 seconds
[[  1.02170648e-14   7.18366604e-15   5.07102626e-15 ...,   5.19269804e-15
    7.40810141e-15   1.02170648e-14]
 [  1.02150646e-14   7.19857376e-15   5.09178648e-15 ...,   5.09779058e-15
    7.28114221e-15   1.02150646e-14]
 [  1.02019219e-14   7.19643078e-15   5.11591502e-15 ...,   5.01922263e-15
    7.13606279e-15   1.02019219e-14]
 ..., 
 [  1.01886830e-14   7.11292527e-15   5.03997037e-15 ...,   5.41057374e-15
    7.58909849e-15   1.01886830e-14]
 [  1.02090129e-14   7.15580348e-15   5.05378939e-15 ...,   5.29879937e-15
    7.50843179e-15   1.02090129e-14]
 [  1.02170648e-14   7.18366604e-15   5.07102626e-15 ...,   5.19269804e-15
    7.40810141e-15   1.02170648e-14]]
[[ 0.06066942  0.06066942  0.06066942 ...,  0.06066942  0.06066942
   0.06066942]
 [ 0.06066942  0.06066942  0.06066942 ...,  0.06066942  0.06066942
   0.06066942]
 [ 0.06066942  0.06066942  0.06066942 ...,  0.06066942  0.06066942
   0.06066942]
 ..., 
 [ 0.06066942  0.06066942  0.06066942 ...,  0.06066942  0.06066942
   0.06066942]
 [ 0.06066942  0.06066942  0.06066942 ...,  0.06066942  0.06066942
   0.06066942]
 [ 0.06066942  0.06066942  0.06066942 ...,  0.06066942  0.06066942
   0.06066942]]
time step 14 of 44 completed in 4.97175 seconds
[[  9.03510194e-15   7.93468615e-15   6.70211851e-15 ...,   6.59777161e-15
    8.49371933e-15   9.03510194e-15]
 [  8.97487512e-15   7.92833551e-15   6.87057211e-15 ...,   6.55440778e-15
    8.40789282e-15   8.97487512e-15]
 [  8.94012711e-15   7.92220638e-15   7.05379250e-15 ...,   6.48300413e-15
    8.33623190e-15   8.94012711e-15]
 ..., 
 [  9.14257119e-15   7.94720957e-15   6.40780513e-15 ...,   6.66486553e-15
    8.58561655e-15   9.14257119e-15]
 [  9.09531560e-15   7.94029314e-15   6.54802299e-15 ...,   6.62601250e-15
    8.57202567e-15   9.09531560e-15]
 [  9.03510194e-15   7.93468615e-15   6.70211851e-15 ...,   6.59777161e-15
    8.49371933e-15   9.03510194e-15]]
[[ 0.06066942  0.06066942  0.06066942 ...,  0.06066942  0.06066942
   0.06066942]
 [ 0.06066942  0.06066942  0.06066942 ...,  0.06066942  0.06066942
   0.06066942]
 [ 0.06066942  0.06066942  0.06066942 ...,  0.06066942  0.06066942
   0.06066942]
 ..., 
 [ 0.06066942  0.06066942  0.06066942 ...,  0.06066942  0.06066942
   0.06066942]
 [ 0.06066942  0.06066942  0.06066942 ...,  0.06066942  0.06066942
   0.06066942]
 [ 0.06066942  0.06066942  0.06066942 ...,  0.06066942  0.06066942
   0.06066942]]
time step 15 of 44 completed in 5.82736 seconds
[[  8.23140558e-15   1.00749049e-14   1.35785664e-14 ...,   7.77412729e-15
    8.09740284e-15   8.23140558e-15]
 [  8.22064874e-15   1.02823137e-14   1.39698253e-14 ...,   7.63877940e-15
    8.09154732e-15   8.22064874e-15]
 [  8.22211154e-15   1.04852379e-14   1.43617965e-14 ...,   7.50726220e-15
    8.09528799e-15   8.22211154e-15]
 ..., 
 [  8.31906522e-15   9.70567178e-15   1.28132263e-14 ...,   8.11537899e-15
    8.11211060e-15   8.31906522e-15]
 [  8.24643498e-15   9.86323738e-15   1.31908538e-14 ...,   7.92402185e-15
    8.11277839e-15   8.24643498e-15]
 [  8.23140558e-15   1.00749049e-14   1.35785664e-14 ...,   7.77412729e-15
    8.09740284e-15   8.23140558e-15]]
[[ 0.06066942  0.06066942  0.06066942 ...,  0.06066942  0.06066942
   0.06066942]
 [ 0.06066942  0.06066942  0.06066942 ...,  0.06066942  0.06066942
   0.06066942]
 [ 0.06066942  0.06066942  0.06066942 ...,  0.06066942  0.06066942
   0.06066942]
 ..., 
 [ 0.06066942  0.06066942  0.06066942 ...,  0.06066942  0.06066942
   0.06066942]
 [ 0.06066942  0.06066942  0.06066942 ...,  0.06066942  0.06066942
   0.06066942]
 [ 0.06066942  0.06066942  0.06066942 ...,  0.06066942  0.06066942
   0.06066942]]
time step 16 of 44 completed in 4.73537 seconds
[[  9.23978471e-15   1.45508713e-14   2.24941024e-14 ...,   1.39841951e-14
    6.94590476e-15   9.23978471e-15]
 [  9.09389949e-15   1.43796736e-14   2.23316307e-14 ...,   1.31679595e-14
    6.91775933e-15   9.09389949e-15]
 [  8.93173646e-15   1.41783175e-14   2.21248651e-14 ...,   1.23940821e-14
    6.93158988e-15   8.93173646e-15]
 ..., 
 [  9.46649773e-15   1.48009443e-14   2.26820622e-14 ...,   1.57374045e-14
    7.15482719e-15   9.46649773e-15]
 [  9.36494110e-15   1.46909015e-14   2.26112593e-14 ...,   1.48681854e-14
    7.03792487e-15   9.36494110e-15]
 [  9.23978471e-15   1.45508713e-14   2.24941024e-14 ...,   1.39841951e-14
    6.94590476e-15   9.23978471e-15]]
[[ 0.06066942  0.06066942  0.06066942 ...,  0.06066942  0.06066942
   0.06066942]
 [ 0.06066942  0.06066942  0.06066942 ...,  0.06066942  0.06066942
   0.06066942]
 [ 0.06066942  0.06066942  0.06066942 ...,  0.06066942  0.06066942
   0.06066942]
 ..., 
 [ 0.06066942  0.06066942  0.06066942 ...,  0.06066942  0.06066942
   0.06066942]
 [ 0.06066942  0.06066942  0.06066942 ...,  0.06066942  0.06066942
   0.06066942]
 [ 0.06066942  0.06066942  0.06066942 ...,  0.06066942  0.06066942
   0.06066942]]
time step 17 of 44 completed in 3.97898 seconds
[[  7.32686136e-15   1.18088086e-14   1.94701305e-14 ...,   1.94823396e-14
    1.02027698e-14   7.32686136e-15]
 [  7.05236056e-15   1.13077787e-14   1.86744125e-14 ...,   1.90926189e-14
    9.77614166e-15   7.05236056e-15]
 [  6.78530620e-15   1.08107451e-14   1.78797485e-14 ...,   1.86609770e-14
    9.34075565e-15   6.78530620e-15]
 ..., 
 [  7.90070491e-15   1.28116654e-14   2.10424969e-14 ...,   2.01307682e-14
    1.09595038e-14   7.90070491e-15]
 [  7.61201344e-15   1.23112267e-14   2.02612190e-14 ...,   1.98303673e-14
    1.06163397e-14   7.61201344e-15]
 [  7.32686136e-15   1.18088086e-14   1.94701305e-14 ...,   1.94823396e-14
    1.02027698e-14   7.32686136e-15]]
[[ 0.06066942  0.06066942  0.06066942 ...,  0.06066942  0.06066942
   0.06066942]
 [ 0.06066942  0.06066942  0.06066942 ...,  0.06066942  0.06066942
   0.06066942]
 [ 0.06066942  0.06066942  0.06066942 ...,  0.06066942  0.06066942
   0.06066942]
 ..., 
 [ 0.06066942  0.06066942  0.06066942 ...,  0.06066942  0.06066942
   0.06066942]
 [ 0.06066942  0.06066942  0.06066942 ...,  0.06066942  0.06066942
   0.06066942]
 [ 0.06066942  0.06066942  0.06066942 ...,  0.06066942  0.06066942
   0.06066942]]
time step 18 of 44 completed in 3.91071 seconds
[[  5.09468871e-15   7.09855521e-15   1.17002762e-14 ...,   1.50865306e-14
    8.44092371e-15   5.09468871e-15]
 [  5.06623776e-15   6.84247446e-15   1.12400046e-14 ...,   1.49640880e-14
    8.28633415e-15   5.06623776e-15]
 [  5.06241968e-15   6.59979105e-15   1.07945479e-14 ...,   1.48125378e-14
    8.13089491e-15   5.06241968e-15]
 ..., 
 [  5.22467071e-15   7.64501916e-15   1.26594065e-14 ...,   1.52559134e-14
    8.73802545e-15   5.22467071e-15]
 [  5.15000991e-15   7.36695714e-15   1.21738145e-14 ...,   1.51867458e-14
    8.59397542e-15   5.15000991e-15]
 [  5.09468871e-15   7.09855521e-15   1.17002762e-14 ...,   1.50865306e-14
    8.44092371e-15   5.09468871e-15]]
[[ 0.06066942  0.06066942  0.06066942 ...,  0.06066942  0.06066942
   0.06066942]
 [ 0.06066942  0.06066942  0.06066942 ...,  0.06066942  0.06066942
   0.06066942]
 [ 0.06066942  0.06066942  0.06066942 ...,  0.06066942  0.06066942
   0.06066942]
 ..., 
 [ 0.06066942  0.06066942  0.06066942 ...,  0.06066942  0.06066942
   0.06066942]
 [ 0.06066942  0.06066942  0.06066942 ...,  0.06066942  0.06066942
   0.06066942]
 [ 0.06066942  0.06066942  0.06066942 ...,  0.06066942  0.06066942
   0.06066942]]
time step 19 of 44 completed in 4.08809 seconds
[[  6.32011654e-15   6.48097551e-15   9.50025064e-15 ...,   1.35758967e-14
    9.05528626e-15   6.32011654e-15]
 [  6.43507230e-15   6.52822465e-15   9.48351685e-15 ...,   1.33843819e-14
    8.88542043e-15   6.43507230e-15]
 [  6.55317891e-15   6.58339359e-15   9.47275392e-15 ...,   1.31828280e-14
    8.72656957e-15   6.55317891e-15]
 ..., 
 [  6.12079040e-15   6.40307677e-15   9.54962540e-15 ...,   1.39294523e-14
    9.40572817e-15   6.12079040e-15]
 [  6.22077224e-15   6.43873580e-15   9.52267810e-15 ...,   1.37572354e-14
    9.24132874e-15   6.22077224e-15]
 [  6.32011654e-15   6.48097551e-15   9.50025064e-15 ...,   1.35758967e-14
    9.05528626e-15   6.32011654e-15]]
[[ 0.06066942  0.06066942  0.06066942 ...,  0.06066942  0.06066942
   0.06066942]
 [ 0.06066942  0.06066942  0.06066942 ...,  0.06066942  0.06066942
   0.06066942]
 [ 0.06066942  0.06066942  0.06066942 ...,  0.06066942  0.06066942
   0.06066942]
 ..., 
 [ 0.06066942  0.06066942  0.06066942 ...,  0.06066942  0.06066942
   0.06066942]
 [ 0.06066942  0.06066942  0.06066942 ...,  0.06066942  0.06066942
   0.06066942]
 [ 0.06066942  0.06066942  0.06066942 ...,  0.06066942  0.06066942
   0.06066942]]
time step 20 of 44 completed in 5.16899 seconds
[[  8.99355518e-15   1.02791662e-14   1.38192699e-14 ...,   2.06011340e-14
    1.49557857e-14   8.99355518e-15]
 [  9.02595366e-15   1.05277925e-14   1.41914418e-14 ...,   2.01522771e-14
    1.46382414e-14   9.02595366e-15]
 [  9.03541391e-15   1.07687211e-14   1.45627461e-14 ...,   1.96917049e-14
    1.42975841e-14   9.03541391e-15]
 ..., 
 [  8.91272317e-15   9.77237732e-15   1.30793082e-14 ...,   2.14399199e-14
    1.55339764e-14   8.91272317e-15]
 [  8.95546150e-15   1.00252715e-14   1.34482792e-14 ...,   2.10292507e-14
    1.52584306e-14   8.95546150e-15]
 [  8.99355518e-15   1.02791662e-14   1.38192699e-14 ...,   2.06011340e-14
    1.49557857e-14   8.99355518e-15]]
[[ 0.06066942  0.06066942  0.06066942 ...,  0.06066942  0.06066942
   0.06066942]
 [ 0.06066942  0.06066942  0.06066942 ...,  0.06066942  0.06066942
   0.06066942]
 [ 0.06066942  0.06066942  0.06066942 ...,  0.06066942  0.06066942
   0.06066942]
 ..., 
 [ 0.06066942  0.06066942  0.06066942 ...,  0.06066942  0.06066942
   0.06066942]
 [ 0.06066942  0.06066942  0.06066942 ...,  0.06066942  0.06066942
   0.06066942]
 [ 0.06066942  0.06066942  0.06066942 ...,  0.06066942  0.06066942
   0.06066942]]
time step 21 of 44 completed in 5.53771 seconds
[[  1.00213056e-14   1.21439402e-14   1.83679559e-14 ...,   2.92945772e-14
    1.74747427e-14   1.00213056e-14]
 [  9.91396026e-15   1.22347634e-14   1.86200172e-14 ...,   2.99329422e-14
    1.83709003e-14   9.91396026e-15]
 [  9.78775036e-15   1.23085502e-14   1.88475345e-14 ...,   3.04395515e-14
    1.91603392e-14   9.78775036e-15]
 ..., 
 [  1.01436219e-14   1.19181809e-14   1.78042268e-14 ...,   2.76137334e-14
    1.54147132e-14   1.01436219e-14]
 [  1.01019810e-14   1.20379501e-14   1.80961857e-14 ...,   2.85198535e-14
    1.64723120e-14   1.01019810e-14]
 [  1.00213056e-14   1.21439402e-14   1.83679559e-14 ...,   2.92945772e-14
    1.74747427e-14   1.00213056e-14]]
[[ 0.06066942  0.06066942  0.06066942 ...,  0.06066942  0.06066942
   0.06066942]
 [ 0.06066942  0.06066942  0.06066942 ...,  0.06066942  0.06066942
   0.06066942]
 [ 0.06066942  0.06066942  0.06066942 ...,  0.06066942  0.06066942
   0.06066942]
 ..., 
 [ 0.06066942  0.06066942  0.06066942 ...,  0.06066942  0.06066942
   0.06066942]
 [ 0.06066942  0.06066942  0.06066942 ...,  0.06066942  0.06066942
   0.06066942]
 [ 0.06066942  0.06066942  0.06066942 ...,  0.06066942  0.06066942
   0.06066942]]
time step 22 of 44 completed in 5.47065 seconds
[[  9.10328677e-15   7.93544923e-15   1.10191045e-14 ...,   1.29414650e-14
    5.97439724e-15   9.10328677e-15]
 [  9.35216126e-15   7.84122506e-15   1.09608687e-14 ...,   1.43525459e-14
    6.49163215e-15   9.35216126e-15]
 [  9.63991689e-15   7.74999955e-15   1.09093138e-14 ...,   1.58508739e-14
    7.12404062e-15   9.63991689e-15]
 ..., 
 [  8.71756213e-15   8.09418151e-15   1.11472304e-14 ...,   1.04587451e-14
    5.49961327e-15   8.71756213e-15]
 [  8.91687752e-15   8.01992809e-15   1.10804395e-14 ...,   1.16250481e-14
    5.64569384e-15   8.91687752e-15]
 [  9.10328677e-15   7.93544923e-15   1.10191045e-14 ...,   1.29414650e-14
    5.97439724e-15   9.10328677e-15]]
[[ 0.06066942  0.06066942  0.06066942 ...,  0.06066942  0.06066942
   0.06066942]
 [ 0.06066942  0.06066942  0.06066942 ...,  0.06066942  0.06066942
   0.06066942]
 [ 0.06066942  0.06066942  0.06066942 ...,  0.06066942  0.06066942
   0.06066942]
 ..., 
 [ 0.06066942  0.06066942  0.06066942 ...,  0.06066942  0.06066942
   0.06066942]
 [ 0.06066942  0.06066942  0.06066942 ...,  0.06066942  0.06066942
   0.06066942]
 [ 0.06066942  0.06066942  0.06066942 ...,  0.06066942  0.06066942
   0.06066942]]
50% done :         n = 22 of 44
time step 23 of 44 completed in 3.71757 seconds
[[  1.04854928e-14   1.11362162e-14   6.60300913e-15 ...,   7.21450121e-15
    9.42942595e-15   1.04854928e-14]
 [  1.02814056e-14   1.09776969e-14   6.41097114e-15 ...,   6.94602907e-15
    9.25422122e-15   1.02814056e-14]
 [  1.00704620e-14   1.08846749e-14   6.24778487e-15 ...,   6.74941080e-15
    8.95766634e-15   1.00704620e-14]
 ..., 
 [  1.06151750e-14   1.13789412e-14   6.95171017e-15 ...,   7.85686279e-15
    9.34207309e-15   1.06151750e-14]
 [  1.05857908e-14   1.12602336e-14   6.78300564e-15 ...,   7.54283353e-15
    9.47060633e-15   1.05857908e-14]
 [  1.04854928e-14   1.11362162e-14   6.60300913e-15 ...,   7.21450121e-15
    9.42942595e-15   1.04854928e-14]]
[[ 0.06066942  0.06066942  0.06066942 ...,  0.06066942  0.06066942
   0.06066942]
 [ 0.06066942  0.06066942  0.06066942 ...,  0.06066942  0.06066942
   0.06066942]
 [ 0.06066942  0.06066942  0.06066942 ...,  0.06066942  0.06066942
   0.06066942]
 ..., 
 [ 0.06066942  0.06066942  0.06066942 ...,  0.06066942  0.06066942
   0.06066942]
 [ 0.06066942  0.06066942  0.06066942 ...,  0.06066942  0.06066942
   0.06066942]
 [ 0.06066942  0.06066942  0.06066942 ...,  0.06066942  0.06066942
   0.06066942]]
time step 24 of 44 completed in 3.7406 seconds
[[  5.22707744e-15   1.58259269e-14   9.96707086e-15 ...,   8.09696297e-15
    7.93402597e-15   5.22707744e-15]
 [  5.72102104e-15   1.57975683e-14   1.00102005e-14 ...,   7.99801444e-15
    7.86189016e-15   5.72102104e-15]
 [  6.47521239e-15   1.56858677e-14   9.95139103e-15 ...,   7.92809025e-15
    7.82114849e-15   6.47521239e-15]
 ..., 
 [  4.97771502e-15   1.55561770e-14   9.68400244e-15 ...,   8.46126978e-15
    7.88957690e-15   4.97771502e-15]
 [  4.93273387e-15   1.57552623e-14   9.86500393e-15 ...,   8.27610596e-15
    7.95718721e-15   4.93273387e-15]
 [  5.22707744e-15   1.58259269e-14   9.96707086e-15 ...,   8.09696297e-15
    7.93402597e-15   5.22707744e-15]]
[[ 0.06066942  0.06066942  0.06066942 ...,  0.06066942  0.06066942
   0.06066942]
 [ 0.06066942  0.06066942  0.06066942 ...,  0.06066942  0.06066942
   0.06066942]
 [ 0.06066942  0.06066942  0.06066942 ...,  0.06066942  0.06066942
   0.06066942]
 ..., 
 [ 0.06066942  0.06066942  0.06066942 ...,  0.06066942  0.06066942
   0.06066942]
 [ 0.06066942  0.06066942  0.06066942 ...,  0.06066942  0.06066942
   0.06066942]
 [ 0.06066942  0.06066942  0.06066942 ...,  0.06066942  0.06066942
   0.06066942]]
time step 25 of 44 completed in 4.01963 seconds
[[  6.04186165e-15   1.01060736e-14   1.12492159e-14 ...,   9.87690592e-15
    5.33883019e-15   6.04186165e-15]
 [  6.54720559e-15   1.04284806e-14   1.09215628e-14 ...,   9.74371466e-15
    5.56455410e-15   6.54720559e-15]
 [  6.88297483e-15   1.08117369e-14   1.06181287e-14 ...,   9.69226676e-15
    5.94346607e-15   6.88297483e-15]
 ..., 
 [  4.52720994e-15   9.97227776e-15   1.19416171e-14 ...,   1.01580173e-14
    4.90485630e-15   4.52720994e-15]
 [  5.33649393e-15   9.96130625e-15   1.16038689e-14 ...,   9.97326492e-15
    5.20062937e-15   5.33649393e-15]
 [  6.04186165e-15   1.01060736e-14   1.12492159e-14 ...,   9.87690592e-15
    5.33883019e-15   6.04186165e-15]]
[[ 0.06066942  0.06066942  0.06066942 ...,  0.06066942  0.06066942
   0.06066942]
 [ 0.06066942  0.06066942  0.06066942 ...,  0.06066942  0.06066942
   0.06066942]
 [ 0.06066942  0.06066942  0.06066942 ...,  0.06066942  0.06066942
   0.06066942]
 ..., 
 [ 0.06066942  0.06066942  0.06066942 ...,  0.06066942  0.06066942
   0.06066942]
 [ 0.06066942  0.06066942  0.06066942 ...,  0.06066942  0.06066942
   0.06066942]
 [ 0.06066942  0.06066942  0.06066942 ...,  0.06066942  0.06066942
   0.06066942]]
time step 26 of 44 completed in 4.05662 seconds
[[  6.42040197e-15   1.12127747e-14   1.42396205e-14 ...,   1.38374484e-14
    5.54926425e-16   6.42040197e-15]
 [  6.13278027e-15   1.09230031e-14   1.43732075e-14 ...,   1.39969092e-14
    1.16039316e-15   6.13278027e-15]
 [  5.83139244e-15   1.05074962e-14   1.44362243e-14 ...,   1.41080590e-14
    1.75505943e-15   5.83139244e-15]
 ..., 
 [  6.82979085e-15   1.12932006e-14   1.38071766e-14 ...,   1.35458470e-14
    5.44547369e-16   6.82979085e-15]
 [  6.69375352e-15   1.13408874e-14   1.40625301e-14 ...,   1.36459055e-14
    1.05585159e-16   6.69375352e-15]
 [  6.42040197e-15   1.12127747e-14   1.42396205e-14 ...,   1.38374484e-14
    5.54926425e-16   6.42040197e-15]]
[[ 0.06066942  0.06066942  0.06066942 ...,  0.06066942  0.06066942
   0.06066942]
 [ 0.06066942  0.06066942  0.06066942 ...,  0.06066942  0.06066942
   0.06066942]
 [ 0.06066942  0.06066942  0.06066942 ...,  0.06066942  0.06066942
   0.06066942]
 ..., 
 [ 0.06066942  0.06066942  0.06066942 ...,  0.06066942  0.06066942
   0.06066942]
 [ 0.06066942  0.06066942  0.06066942 ...,  0.06066942  0.06066942
   0.06066942]
 [ 0.06066942  0.06066942  0.06066942 ...,  0.06066942  0.06066942
   0.06066942]]
time step 27 of 44 completed in 4.15876 seconds
[[  7.25995826e-15   9.98962757e-15   1.51011180e-14 ...,   1.58846783e-14
    2.03755410e-15   7.25995826e-15]
 [  7.25468368e-15   9.64938232e-15   1.46622533e-14 ...,   1.47178746e-14
    2.42706334e-15   7.25468368e-15]
 [  7.30745407e-15   9.41177881e-15   1.41975373e-14 ...,   1.37918068e-14
    2.52986097e-15   7.30745407e-15]
 ..., 
 [  7.49989105e-15   1.03312153e-14   1.57787214e-14 ...,   1.68027263e-14
    2.62101841e-15   7.49989105e-15]
 [  7.38031786e-15   1.02005100e-14   1.54651787e-14 ...,   1.65848163e-14
    2.31829081e-15   7.38031786e-15]
 [  7.25995826e-15   9.98962757e-15   1.51011180e-14 ...,   1.58846783e-14
    2.03755410e-15   7.25995826e-15]]
[[ 0.06066942  0.06066942  0.06066942 ...,  0.06066942  0.06066942
   0.06066942]
 [ 0.06066942  0.06066942  0.06066942 ...,  0.06066942  0.06066942
   0.06066942]
 [ 0.06066942  0.06066942  0.06066942 ...,  0.06066942  0.06066942
   0.06066942]
 ..., 
 [ 0.06066942  0.06066942  0.06066942 ...,  0.06066942  0.06066942
   0.06066942]
 [ 0.06066942  0.06066942  0.06066942 ...,  0.06066942  0.06066942
   0.06066942]
 [ 0.06066942  0.06066942  0.06066942 ...,  0.06066942  0.06066942
   0.06066942]]
time step 28 of 44 completed in 4.01371 seconds
[[  7.54236473e-15   7.07174821e-15   1.10227786e-14 ...,   1.01730032e-14
    8.20203562e-15   7.54236473e-15]
 [  7.75384244e-15   6.88431597e-15   1.03491491e-14 ...,   1.04449698e-14
    7.78385892e-15   7.75384244e-15]
 [  7.96793653e-15   6.74608101e-15   9.72962609e-15 ...,   1.03002490e-14
    7.30446198e-15   7.96793653e-15]
 ..., 
 [  7.20389052e-15   7.63714213e-15   1.25191535e-14 ...,   9.75902588e-15
    8.64841968e-15   7.20389052e-15]
 [  7.36556609e-15   7.32879502e-15   1.17449446e-14 ...,   1.00238162e-14
    8.54108364e-15   7.36556609e-15]
 [  7.54236473e-15   7.07174821e-15   1.10227786e-14 ...,   1.01730032e-14
    8.20203562e-15   7.54236473e-15]]
[[ 0.06066942  0.06066942  0.06066942 ...,  0.06066942  0.06066942
   0.06066942]
 [ 0.06066942  0.06066942  0.06066942 ...,  0.06066942  0.06066942
   0.06066942]
 [ 0.06066942  0.06066942  0.06066942 ...,  0.06066942  0.06066942
   0.06066942]
 ..., 
 [ 0.06066942  0.06066942  0.06066942 ...,  0.06066942  0.06066942
   0.06066942]
 [ 0.06066942  0.06066942  0.06066942 ...,  0.06066942  0.06066942
   0.06066942]
 [ 0.06066942  0.06066942  0.06066942 ...,  0.06066942  0.06066942
   0.06066942]]
time step 29 of 44 completed in 4.55924 seconds
[[  7.13933193e-15   6.06323139e-15   9.05313381e-15 ...,   8.32739985e-15
    8.62856920e-15   7.13933193e-15]
 [  7.36400974e-15   5.95998933e-15   8.53032837e-15 ...,   8.16026726e-15
    8.79249546e-15   7.36400974e-15]
 [  7.73689715e-15   5.89102295e-15   8.05313095e-15 ...,   8.30736117e-15
    9.02712870e-15   7.73689715e-15]
 ..., 
 [  6.70912237e-15   6.40460150e-15   1.02915013e-14 ...,   8.43779076e-15
    8.43185724e-15   6.70912237e-15]
 [  6.91145930e-15   6.21941835e-15   9.63926235e-15 ...,   8.18182208e-15
    8.60436836e-15   6.91145930e-15]
 [  7.13933193e-15   6.06323139e-15   9.05313381e-15 ...,   8.32739985e-15
    8.62856920e-15   7.13933193e-15]]
[[ 0.06066942  0.06066942  0.06066942 ...,  0.06066942  0.06066942
   0.06066942]
 [ 0.06066942  0.06066942  0.06066942 ...,  0.06066942  0.06066942
   0.06066942]
 [ 0.06066942  0.06066942  0.06066942 ...,  0.06066942  0.06066942
   0.06066942]
 ..., 
 [ 0.06066942  0.06066942  0.06066942 ...,  0.06066942  0.06066942
   0.06066942]
 [ 0.06066942  0.06066942  0.06066942 ...,  0.06066942  0.06066942
   0.06066942]
 [ 0.06066942  0.06066942  0.06066942 ...,  0.06066942  0.06066942
   0.06066942]]
time step 30 of 44 completed in 4.59092 seconds
[[  8.94830220e-15   8.70431356e-15   1.25975739e-14 ...,   1.41125023e-14
    8.30419567e-15   8.94830220e-15]
 [  9.61325188e-15   8.73016468e-15   1.22562079e-14 ...,   1.19204764e-14
    8.24736683e-15   9.61325188e-15]
 [  1.01829633e-14   8.88038681e-15   1.19623286e-14 ...,   9.19315726e-15
    9.37390453e-15   1.01829633e-14]
 ..., 
 [  7.86922949e-15   8.83739712e-15   1.32660388e-14 ...,   1.93254467e-14
    8.63140996e-15   7.86922949e-15]
 [  8.38752890e-15   8.71996468e-15   1.29267143e-14 ...,   1.69985676e-14
    8.21204904e-15   8.38752890e-15]
 [  8.94830220e-15   8.70431356e-15   1.25975739e-14 ...,   1.41125023e-14
    8.30419567e-15   8.94830220e-15]]
[[ 0.06066942  0.06066942  0.06066942 ...,  0.06066942  0.06066942
   0.06066942]
 [ 0.06066942  0.06066942  0.06066942 ...,  0.06066942  0.06066942
   0.06066942]
 [ 0.06066942  0.06066942  0.06066942 ...,  0.06066942  0.06066942
   0.06066942]
 ..., 
 [ 0.06066942  0.06066942  0.06066942 ...,  0.06066942  0.06066942
   0.06066942]
 [ 0.06066942  0.06066942  0.06066942 ...,  0.06066942  0.06066942
   0.06066942]
 [ 0.06066942  0.06066942  0.06066942 ...,  0.06066942  0.06066942
   0.06066942]]
time step 31 of 44 completed in 4.1615 seconds
[[  1.47705522e-14   1.84880500e-14   2.47201877e-14 ...,   5.40425954e-14
    3.35761799e-14   1.47705522e-14]
 [  1.47257353e-14   1.88256319e-14   2.50854612e-14 ...,   5.08539827e-14
    2.86336896e-14   1.47257353e-14]
 [  1.46688258e-14   1.89477720e-14   2.53713715e-14 ...,   4.71207714e-14
    2.57409873e-14   1.46688258e-14]
 ..., 
 [  1.44239245e-14   1.77863525e-14   2.39816959e-14 ...,   6.07203071e-14
    4.39531269e-14   1.44239245e-14]
 [  1.45924730e-14   1.82091855e-14   2.43915014e-14 ...,   5.75665133e-14
    3.82007479e-14   1.45924730e-14]
 [  1.47705522e-14   1.84880500e-14   2.47201877e-14 ...,   5.40425954e-14
    3.35761799e-14   1.47705522e-14]]
[[ 0.06066942  0.06066942  0.06066942 ...,  0.06066942  0.06066942
   0.06066942]
 [ 0.06066942  0.06066942  0.06066942 ...,  0.06066942  0.06066942
   0.06066942]
 [ 0.06066942  0.06066942  0.06066942 ...,  0.06066942  0.06066942
   0.06066942]
 ..., 
 [ 0.06066942  0.06066942  0.06066942 ...,  0.06066942  0.06066942
   0.06066942]
 [ 0.06066942  0.06066942  0.06066942 ...,  0.06066942  0.06066942
   0.06066942]
 [ 0.06066942  0.06066942  0.06066942 ...,  0.06066942  0.06066942
   0.06066942]]
time step 32 of 44 completed in 3.99269 seconds
[[  2.32506560e-14   2.42664804e-14   3.70761315e-14 ...,   1.33556425e-13
    9.95711663e-14   2.32506560e-14]
 [  2.13301427e-14   2.43871038e-14   3.74717332e-14 ...,   1.30597923e-13
    9.74322121e-14   2.13301427e-14]
 [  2.01871603e-14   2.43546153e-14   3.77717799e-14 ...,   1.27166526e-13
    9.51132168e-14   2.01871603e-14]
 ..., 
 [  2.36444654e-14   2.39774199e-14   3.58934717e-14 ...,   1.37256381e-13
    1.01649881e-13   2.36444654e-14]
 [  2.42270578e-14   2.41895483e-14   3.65196339e-14 ...,   1.35731519e-13
    1.00968707e-13   2.42270578e-14]
 [  2.32506560e-14   2.42664804e-14   3.70761315e-14 ...,   1.33556425e-13
    9.95711663e-14   2.32506560e-14]]
[[ 0.06066942  0.06066942  0.06066942 ...,  0.06066942  0.06066942
   0.06066942]
 [ 0.06066942  0.06066942  0.06066942 ...,  0.06066942  0.06066942
   0.06066942]
 [ 0.06066942  0.06066942  0.06066942 ...,  0.06066942  0.06066942
   0.06066942]
 ..., 
 [ 0.06066942  0.06066942  0.06066942 ...,  0.06066942  0.06066942
   0.06066942]
 [ 0.06066942  0.06066942  0.06066942 ...,  0.06066942  0.06066942
   0.06066942]
 [ 0.06066942  0.06066942  0.06066942 ...,  0.06066942  0.06066942
   0.06066942]]
time step 33 of 44 completed in 4.24104 seconds
[[  6.51394236e-14   1.64526917e-14   1.94109961e-14 ...,   1.27382997e-13
    7.73645452e-14   6.51394236e-14]
 [  6.05774794e-14   1.52957548e-14   1.99439652e-14 ...,   1.40881361e-13
    8.75947409e-14   6.05774794e-14]
 [  5.49354206e-14   1.33919811e-14   2.03422793e-14 ...,   1.53556007e-13
    9.65611452e-14   5.49354206e-14]
 ..., 
 [  6.72874682e-14   1.92899081e-14   1.85858731e-14 ...,   1.00123492e-13
    5.81196647e-14   6.72874682e-14]
 [  6.61668234e-14   1.76682618e-14   1.90767654e-14 ...,   1.13815524e-13
    6.81173702e-14   6.61668234e-14]
 [  6.51394236e-14   1.64526917e-14   1.94109961e-14 ...,   1.27382997e-13
    7.73645452e-14   6.51394236e-14]]
[[ 0.06066942  0.06066942  0.06066942 ...,  0.06066942  0.06066942
   0.06066942]
 [ 0.06066942  0.06066942  0.06066942 ...,  0.06066942  0.06066942
   0.06066942]
 [ 0.06066942  0.06066942  0.06066942 ...,  0.06066942  0.06066942
   0.06066942]
 ..., 
 [ 0.06066942  0.06066942  0.06066942 ...,  0.06066942  0.06066942
   0.06066942]
 [ 0.06066942  0.06066942  0.06066942 ...,  0.06066942  0.06066942
   0.06066942]
 [ 0.06066942  0.06066942  0.06066942 ...,  0.06066942  0.06066942
   0.06066942]]
75% done :         n = 33 of 44
time step 34 of 44 completed in 4.58468 seconds
[[  1.89731581e-14   6.44774217e-14   2.29013111e-14 ...,   1.47548618e-14
    1.06736047e-14   1.89731581e-14]
 [  2.66167529e-14   6.07635510e-14   1.99766634e-14 ...,   1.92303775e-14
    1.14088046e-14   2.66167529e-14]
 [  3.44321541e-14   5.92472054e-14   1.82440755e-14 ...,   2.32139807e-14
    1.36170348e-14   3.44321541e-14]
 ..., 
 [  8.53970031e-15   6.04060149e-14   2.96333819e-14 ...,   1.06257042e-14
    8.77580935e-15   8.53970031e-15]
 [  1.20741715e-14   6.57294054e-14   2.66740715e-14 ...,   1.29713537e-14
    9.36747512e-15   1.20741715e-14]
 [  1.89731581e-14   6.44774217e-14   2.29013111e-14 ...,   1.47548618e-14
    1.06736047e-14   1.89731581e-14]]
[[ 0.06066942  0.06066942  0.06066942 ...,  0.06066942  0.06066942
   0.06066942]
 [ 0.06066942  0.06066942  0.06066942 ...,  0.06066942  0.06066942
   0.06066942]
 [ 0.06066942  0.06066942  0.06066942 ...,  0.06066942  0.06066942
   0.06066942]
 ..., 
 [ 0.06066942  0.06066942  0.06066942 ...,  0.06066942  0.06066942
   0.06066942]
 [ 0.06066942  0.06066942  0.06066942 ...,  0.06066942  0.06066942
   0.06066942]
 [ 0.06066942  0.06066942  0.06066942 ...,  0.06066942  0.06066942
   0.06066942]]
time step 35 of 44 completed in 4.25313 seconds
[[  9.88265217e-15   8.22909596e-16   7.20046660e-14 ...,   5.32064084e-15
    1.19647196e-14   9.88265217e-15]
 [  1.00210171e-14   4.78175373e-15   6.64644992e-14 ...,   6.68749150e-15
    6.15147240e-15   1.00210171e-14]
 [  1.11266724e-14   6.81752967e-15   6.22630451e-14 ...,   8.76140808e-15
    2.78199905e-15   1.11266724e-14]
 ..., 
 [  1.14574779e-14   0.00000000e+00   6.68996174e-14 ...,   8.59479610e-15
    1.03512390e-14   1.14574779e-14]
 [  1.03354424e-14   0.00000000e+00   6.95393368e-14 ...,   9.24020863e-15
    1.06500101e-14   1.03354424e-14]
 [  9.88265217e-15   8.22909596e-16   7.20046660e-14 ...,   5.32064084e-15
    1.19647196e-14   9.88265217e-15]]
[[ 0.06066942  0.06066942  0.06066942 ...,  0.06066942  0.06066942
   0.06066942]
 [ 0.06066942  0.06066942  0.06066942 ...,  0.06066942  0.06066942
   0.06066942]
 [ 0.06066942  0.06066942  0.06066942 ...,  0.06066942  0.06066942
   0.06066942]
 ..., 
 [ 0.06066942  0.06066942  0.06066942 ...,  0.06066942  0.06066942
   0.06066942]
 [ 0.06066942  0.06066942  0.06066942 ...,  0.06066942  0.06066942
   0.06066942]
 [ 0.06066942  0.06066942  0.06066942 ...,  0.06066942  0.06066942
   0.06066942]]
time step 36 of 44 completed in 4.20588 seconds
[[  0.00000000e+00   4.71144987e-15   0.00000000e+00 ...,   1.26353177e-14
    3.11291182e-15   0.00000000e+00]
 [  0.00000000e+00   1.29248523e-14   4.19814717e-15 ...,   1.25236275e-14
    8.02194595e-15   0.00000000e+00]
 [  4.54106215e-15   6.64433339e-15   2.12731557e-14 ...,   5.22195307e-15
    1.31699201e-14   4.54106215e-15]
 ..., 
 [  2.33761241e-15   2.42862150e-15   0.00000000e+00 ...,   4.04199590e-15
    4.59182260e-15   2.33761241e-15]
 [  8.06742881e-16   2.02474717e-15   0.00000000e+00 ...,   1.25048607e-14
    4.59628250e-15   8.06742881e-16]
 [  0.00000000e+00   4.71144987e-15   0.00000000e+00 ...,   1.26353177e-14
    3.11291182e-15   0.00000000e+00]]
[[ 0.06066942  0.06066942  0.06066942 ...,  0.06066942  0.06066942
   0.06066942]
 [ 0.06066942  0.06066942  0.06066942 ...,  0.06066942  0.06066942
   0.06066942]
 [ 0.06066942  0.06066942  0.06066942 ...,  0.06066942  0.06066942
   0.06066942]
 ..., 
 [ 0.06066942  0.06066942  0.06066942 ...,  0.06066942  0.06066942
   0.06066942]
 [ 0.06066942  0.06066942  0.06066942 ...,  0.06066942  0.06066942
   0.06066942]
 [ 0.06066942  0.06066942  0.06066942 ...,  0.06066942  0.06066942
   0.06066942]]
time step 37 of 44 completed in 4.11746 seconds
[[  4.17350446e-15   2.37878453e-14   9.73265443e-16 ...,   4.38360148e-15
    0.00000000e+00   4.17350446e-15]
 [  1.20108738e-14   6.09127210e-15   8.98108799e-15 ...,   2.89558535e-14
    0.00000000e+00   1.20108738e-14]
 [  1.73571535e-14   1.93293641e-14   1.22172955e-14 ...,   1.61731725e-15
    0.00000000e+00   1.73571535e-14]
 ..., 
 [  2.69375744e-16   7.40660613e-15   1.77128809e-17 ...,   2.35049522e-15
    3.75899771e-15   2.69375744e-16]
 [  1.23042476e-14   6.94612709e-15   7.32352966e-16 ...,   1.88326861e-15
    7.22151901e-15   1.23042476e-14]
 [  4.17350446e-15   2.37878453e-14   9.73265443e-16 ...,   4.38360148e-15
    0.00000000e+00   4.17350446e-15]]
[[ 0.06066942  0.06066942  0.06066942 ...,  0.06066942  0.06066942
   0.06066942]
 [ 0.06066942  0.06066942  0.06066942 ...,  0.06066942  0.06066942
   0.06066942]
 [ 0.06066942  0.06066942  0.06066942 ...,  0.06066942  0.06066942
   0.06066942]
 ..., 
 [ 0.06066942  0.06066942  0.06066942 ...,  0.06066942  0.06066942
   0.06066942]
 [ 0.06066942  0.06066942  0.06066942 ...,  0.06066942  0.06066942
   0.06066942]
 [ 0.06066942  0.06066942  0.06066942 ...,  0.06066942  0.06066942
   0.06066942]]
time step 38 of 44 completed in 5.11528 seconds
[[  4.88324947e-14   3.54275100e-14   3.82996550e-16 ...,   0.00000000e+00
    0.00000000e+00   4.88324947e-14]
 [  4.04105128e-15   2.59600071e-14   1.47112619e-15 ...,   0.00000000e+00
    4.44949096e-15   4.04105128e-15]
 [  1.06201639e-14   2.38749287e-14   2.05320649e-16 ...,   3.56793752e-15
    2.01441269e-15   1.06201639e-14]
 ..., 
 [  4.35056854e-14   1.33969435e-14   9.68099816e-16 ...,   0.00000000e+00
    5.36074787e-15   4.35056854e-14]
 [  4.34909478e-14   1.51072382e-14   2.85057417e-15 ...,   0.00000000e+00
    9.95482518e-16   4.34909478e-14]
 [  4.88324947e-14   3.54275100e-14   3.82996550e-16 ...,   0.00000000e+00
    0.00000000e+00   4.88324947e-14]]
[[ 0.06066942  0.06066942  0.06066942 ...,  0.06066942  0.06066942
   0.06066942]
 [ 0.06066942  0.06066942  0.06066942 ...,  0.06066942  0.06066942
   0.06066942]
 [ 0.06066942  0.06066942  0.06066942 ...,  0.06066942  0.06066942
   0.06066942]
 ..., 
 [ 0.06066942  0.06066942  0.06066942 ...,  0.06066942  0.06066942
   0.06066942]
 [ 0.06066942  0.06066942  0.06066942 ...,  0.06066942  0.06066942
   0.06066942]
 [ 0.06066942  0.06066942  0.06066942 ...,  0.06066942  0.06066942
   0.06066942]]
time step 39 of 44 completed in 4.3231 seconds
[[  1.52505064e-14   9.53400515e-16   2.29826130e-14 ...,   2.26332402e-14
    1.85868509e-14   1.52505064e-14]
 [  2.54982917e-14   6.82415652e-15   1.83668653e-14 ...,   1.71369053e-14
    2.05523814e-14   2.54982917e-14]
 [  2.72433544e-14   9.99982015e-15   6.18597623e-15 ...,   1.28644514e-14
    1.51628702e-14   2.72433544e-14]
 ..., 
 [  9.96069609e-15   4.81166055e-15   2.46243840e-14 ...,   1.38936168e-14
    1.73191177e-14   9.96069609e-15]
 [  9.64749878e-15   5.12540222e-15   1.83850650e-14 ...,   4.21325150e-14
    9.27903911e-15   9.64749878e-15]
 [  1.52505064e-14   9.53400515e-16   2.29826130e-14 ...,   2.26332402e-14
    1.85868509e-14   1.52505064e-14]]
[[ 0.06066942  0.06066942  0.06066942 ...,  0.06066942  0.06066942
   0.06066942]
 [ 0.06066942  0.06066942  0.06066942 ...,  0.06066942  0.06066942
   0.06066942]
 [ 0.06066942  0.06066942  0.06066942 ...,  0.06066942  0.06066942
   0.06066942]
 ..., 
 [ 0.06066942  0.06066942  0.06066942 ...,  0.06066942  0.06066942
   0.06066942]
 [ 0.06066942  0.06066942  0.06066942 ...,  0.06066942  0.06066942
   0.06066942]
 [ 0.06066942  0.06066942  0.06066942 ...,  0.06066942  0.06066942
   0.06066942]]
90% done :         n = 39 of 44
time step 40 of 44 completed in 4.0994 seconds
[[  1.02406917e-14   4.44520016e-14   5.18988323e-14 ...,   3.87124476e-14
    5.91995399e-17   1.02406917e-14]
 [  0.00000000e+00   3.98984076e-14   4.81079987e-14 ...,   7.14536182e-15
    0.00000000e+00   0.00000000e+00]
 [  0.00000000e+00   2.89553378e-14   5.77124024e-14 ...,   3.45609134e-15
    2.64577074e-15   0.00000000e+00]
 ..., 
 [  3.20463205e-14   5.00148971e-14   3.45769918e-14 ...,   0.00000000e+00
    2.07749954e-14   3.20463205e-14]
 [  7.06418406e-15   4.99836986e-14   6.02686800e-14 ...,   4.68287850e-15
    1.37122490e-14   7.06418406e-15]
 [  1.02406917e-14   4.44520016e-14   5.18988323e-14 ...,   3.87124476e-14
    5.91995399e-17   1.02406917e-14]]
[[ 0.06066942  0.06066942  0.06066942 ...,  0.06066942  0.06066942
   0.06066942]
 [ 0.06066942  0.06066942  0.06066942 ...,  0.06066942  0.06066942
   0.06066942]
 [ 0.06066942  0.06066942  0.06066942 ...,  0.06066942  0.06066942
   0.06066942]
 ..., 
 [ 0.06066942  0.06066942  0.06066942 ...,  0.06066942  0.06066942
   0.06066942]
 [ 0.06066942  0.06066942  0.06066942 ...,  0.06066942  0.06066942
   0.06066942]
 [ 0.06066942  0.06066942  0.06066942 ...,  0.06066942  0.06066942
   0.06066942]]
time step 41 of 44 completed in 4.01028 seconds
[[  2.27490439e-14   5.50879803e-14   3.24096320e-14 ...,   1.49868852e-14
    3.12132926e-14   2.27490439e-14]
 [  9.16829317e-15   3.44350654e-14   3.25663029e-14 ...,   0.00000000e+00
    1.47848654e-14   9.16829317e-15]
 [  1.27006388e-14   5.08545187e-14   3.94768167e-14 ...,   2.29664007e-14
    1.75178406e-14   1.27006388e-14]
 ..., 
 [  2.52178131e-14   3.86253558e-14   2.07450595e-14 ...,   0.00000000e+00
    4.84165280e-14   2.52178131e-14]
 [  2.30752534e-14   3.20724989e-14   2.22578080e-14 ...,   5.32218831e-14
    1.90761695e-15   2.30752534e-14]
 [  2.27490439e-14   5.50879803e-14   3.24096320e-14 ...,   1.49868852e-14
    3.12132926e-14   2.27490439e-14]]
[[ 0.06066942  0.06066942  0.06066942 ...,  0.06066942  0.06066942
   0.06066942]
 [ 0.06066942  0.06066942  0.06066942 ...,  0.06066942  0.06066942
   0.06066942]
 [ 0.06066942  0.06066942  0.06066942 ...,  0.06066942  0.06066942
   0.06066942]
 ..., 
 [ 0.06066942  0.06066942  0.06066942 ...,  0.06066942  0.06066942
   0.06066942]
 [ 0.06066942  0.06066942  0.06066942 ...,  0.06066942  0.06066942
   0.06066942]
 [ 0.06066942  0.06066942  0.06066942 ...,  0.06066942  0.06066942
   0.06066942]]
time step 42 of 44 completed in 3.73085 seconds
[[  5.09804979e-14   4.70170864e-14   2.73326940e-14 ...,   0.00000000e+00
    9.40230024e-14   5.09804979e-14]
 [  5.72783613e-14   3.84267547e-14   3.16894523e-14 ...,   3.50326745e-16
    4.81733009e-14   5.72783613e-14]
 [  1.18879790e-13   7.50192595e-14   2.80139055e-14 ...,   1.22460986e-13
    2.32267204e-14   1.18879790e-13]
 ..., 
 [  4.53411671e-14   3.74601049e-14   2.27840015e-14 ...,   9.69168795e-14
    9.10786927e-15   4.53411671e-14]
 [  5.89658619e-14   3.34224810e-14   2.74681779e-14 ...,   5.96458117e-14
    2.87539851e-14   5.89658619e-14]
 [  5.09804979e-14   4.70170864e-14   2.73326940e-14 ...,   0.00000000e+00
    9.40230024e-14   5.09804979e-14]]
[[ 0.06066942  0.06066942  0.06066942 ...,  0.06066942  0.06066942
   0.06066942]
 [ 0.06066942  0.06066942  0.06066942 ...,  0.06066942  0.06066942
   0.06066942]
 [ 0.06066942  0.06066942  0.06066942 ...,  0.06066942  0.06066942
   0.06066942]
 ..., 
 [ 0.06066942  0.06066942  0.06066942 ...,  0.06066942  0.06066942
   0.06066942]
 [ 0.06066942  0.06066942  0.06066942 ...,  0.06066942  0.06066942
   0.06066942]
 [ 0.06066942  0.06066942  0.06066942 ...,  0.06066942  0.06066942
   0.06066942]]
time step 43 of 44 completed in 3.86372 seconds
[[  4.25464838e-14   4.09508176e-14   4.48393498e-14 ...,   1.37966563e-13
    4.17029142e-14   4.25464838e-14]
 [  5.18843624e-14   4.06296227e-14   4.76299874e-14 ...,   2.70434265e-13
    9.32635025e-14   5.18843624e-14]
 [  4.24110043e-14   4.19603512e-14   4.55933993e-14 ...,   7.16579014e-14
    9.88868119e-14   4.24110043e-14]
 ..., 
 [  3.48894789e-14   4.09242245e-14   5.05490304e-14 ...,   2.42929962e-13
    7.49948841e-14   3.48894789e-14]
 [  6.97446146e-14   4.39735844e-14   4.45718197e-14 ...,   1.53156716e-13
    2.24587290e-13   6.97446146e-14]
 [  4.25464838e-14   4.09508176e-14   4.48393498e-14 ...,   1.37966563e-13
    4.17029142e-14   4.25464838e-14]]
[[ 0.06066942  0.06066942  0.06066942 ...,  0.06066942  0.06066942
   0.06066942]
 [ 0.06066942  0.06066942  0.06066942 ...,  0.06066942  0.06066942
   0.06066942]
 [ 0.06066942  0.06066942  0.06066942 ...,  0.06066942  0.06066942
   0.06066942]
 ..., 
 [ 0.06066942  0.06066942  0.06066942 ...,  0.06066942  0.06066942
   0.06066942]
 [ 0.06066942  0.06066942  0.06066942 ...,  0.06066942  0.06066942
   0.06066942]
 [ 0.06066942  0.06066942  0.06066942 ...,  0.06066942  0.06066942
   0.06066942]]
time step 44 of 44 completed in 3.79106 seconds
[[  8.41378320e-14   2.16975463e-14   3.11366519e-14 ...,   3.39245388e-13
    3.18784209e-13   8.41378320e-14]
 [  7.25688057e-14   4.57423647e-14   3.00853353e-14 ...,   1.44558334e-13
    1.83502295e-13   7.25688057e-14]
 [  5.51929785e-14   2.20935841e-14   2.69995716e-14 ...,   4.68366748e-13
    1.11627611e-13   5.51929785e-14]
 ..., 
 [  1.20021459e-13   5.38884170e-14   3.08145405e-14 ...,   1.96079139e-13
    2.79830481e-13   1.20021459e-13]
 [  4.15963068e-14   3.45207614e-14   3.48524003e-14 ...,   3.04960683e-13
    6.11511187e-14   4.15963068e-14]
 [  8.41378320e-14   2.16975463e-14   3.11366519e-14 ...,   3.39245388e-13
    3.18784209e-13   8.41378320e-14]]
[[ 0.06066942  0.06066942  0.06066942 ...,  0.06066942  0.06066942
   0.06066942]
 [ 0.06066942  0.06066942  0.06066942 ...,  0.06066942  0.06066942
   0.06066942]
 [ 0.06066942  0.06066942  0.06066942 ...,  0.06066942  0.06066942
   0.06066942]
 ..., 
 [ 0.06066942  0.06066942  0.06066942 ...,  0.06066942  0.06066942
   0.06066942]
 [ 0.06066942  0.06066942  0.06066942 ...,  0.06066942  0.06066942
   0.06066942]
 [ 0.06066942  0.06066942  0.06066942 ...,  0.06066942  0.06066942
   0.06066942]]
100% done :         end of simulation
total time for simulation = 300.72 seconds 


Cleanup started...


removing .pyc files from (/home/dsirajud/Work/IPython-notebooks/DECSKS-18 -- 1D1V_two_species_boundary_problems_--_part_2/v2.0/DECSKS):
-------------------------------------------------------

_mypath.pyc
__init__.pyc


removing .pyc files from (/home/dsirajud/Work/IPython-notebooks/DECSKS-18 -- 1D1V_two_species_boundary_problems_--_part_2/v2.0/DECSKS/lib):
-------------------------------------------------------

density.pyc
convect_velocity.pyc
status.pyc
HOC.pyc
read.pyc
split.pyc
__init__.pyc
derivatives.pyc
diagnostics.pyc
convect_configuration.pyc
fieldsolvers.pyc
boundaryconditions.pyc
velocityfields.pyc
plots.pyc
domain.pyc


=======================================================

cleanup complete

simulation completed in 300.84 seconds = 5.014 minutes = 0.0835667 hours 
dsirajud@K55A-ubuntu:~/Work/IPython-notebooks/DECSKS-18 -- 1D1V_two_species_boundary_problems_--_part_2/v2.0/DECSKS$ 