forward 0
number of lines to read: 8
5.2111111110843566507356e+00, 0
-2.2299999999863231892050e+01, 1
4.3949999999689190133267e+01, 2
-5.2722222221814092790737e+01, 3
4.0999999999666677297228e+01, 4
-2.0099999999831748453971e+01, 5
5.6611111110627918563409e+00, 6
-6.9999999999394091343419e-01, 7
forward 1
number of lines to read: 8
6.9999999999997708499677e-01, -1
-3.8888888888883066385915e-01, 0
-2.7000000000000099475983e+00, 1
4.7499999999999058530875e+00, 2
-3.7222222222221064136249e+00, 3
1.7999999999999369837411e+00, 4
-4.9999999999998157029779e-01, 5
6.1111111111108798454872e-02, 6
forward 2
number of lines to read: 8
-6.1111111111110678895120e-02, -2
1.1888888888888911044006e+00, -1
-2.1000000000000018651747e+00, 0
7.2222222222222143273029e-01, 1
4.7222222222222320908713e-01, 2
-2.9999999999999987787547e-01, 3
8.8888888888888836770086e-02, 4
-1.1111111111111104596261e-02, 5
forward 3
number of lines to read: 8
1.1111111111111106330984e-02, -3
-1.4999999999999996669331e-01, -2
1.4999999999999997779554e+00, -1
-2.7222222222222223209087e+00, 0
1.5000000000000004440892e+00, 1
-1.5000000000000016098234e-01, 2
1.1111111111111149699071e-02, 3
-4.3175339846533758293617e-18, 4
backward 3
number of lines to read: 8
1.3010426069826053208089e-18, -4
1.1111111111111102861537e-02, -3
-1.5000000000000002220446e-01, -2
1.4999999999999997779554e+00, -1
-2.7222222222222223209087e+00, 0
1.5000000000000002220446e+00, 1
-1.4999999999999999444888e-01, 2
1.1111111111111111535155e-02, 3
backward 2
number of lines to read: 8
-1.1111111111111092453196e-02, -5
8.8888888888888767381147e-02, -4
-2.9999999999999976685316e-01, -3
4.7222222222222220988641e-01, -2
7.2222222222222132170799e-01, -1
-2.0999999999999987565502e+00, 0
1.1888888888888884398654e+00, 1
-6.1111111111111060534284e-02, 2
backward 1
number of lines to read: 8
6.1111111111109395199747e-02, -6
-4.9999999999998662181255e-01, -5
1.7999999999999540811757e+00, -4
-3.7222222222221321707991e+00, -3
4.7499999999998916422328e+00, -2
-2.6999999999999202415779e+00, -1
-3.8888888888892186868063e-01, 0
7.0000000000000561772850e-01, 1
backward 0
number of lines to read: 8
-7.0000000000040996095407e-01, -7
5.6611111111143461727124e+00, -6
-2.0100000000011082335050e+01, -5
4.1000000000021408652628e+01, -4
-5.2722222222247438594422e+01, -3
4.3950000000018107471078e+01, -2
-2.2300000000007333511576e+01, -1
5.2111111111124035488729e+00, 0
