6.1536497261348960455507e+05
6.1536497259568807203323e+05
6.1536497258843539748341e+05
6.1536497258632839657366e+05
6.1536497258519986644387e+05
6.1536497258252743631601e+05
6.1536497257957467809319e+05
6.1536497257780446670949e+05
6.1536497257758281193674e+05
6.1536497257735906168818e+05
6.1536497256662778090686e+05
6.1536497255939978640527e+05
6.1536497257625649217516e+05
6.1536497259447688702494e+05
6.1536497260570863727480e+05
6.1536497261120704934001e+05
6.1536497261607774998993e+05
6.1536497262478992342949e+05
6.1536497264070936944336e+05
6.1536497267122066114098e+05
6.1536497272699198219925e+05
6.1536497280350502114743e+05
6.1536497289163584355265e+05
6.1536497298039880115539e+05
6.1536497307401942089200e+05
6.1536497307303291745484e+05
6.1536497298778197728097e+05
6.1536497285102109890431e+05
6.1536497263225726783276e+05
6.1536497229267517104745e+05
6.1536497204411611892283e+05
6.1536497195138479582965e+05
6.1536497201751125976443e+05
6.1536497214129788335413e+05
6.1536497228409291710705e+05
6.1536497208137414418161e+05
6.1536497183543955907226e+05
6.1536497197209030855447e+05
6.1536497168251220136881e+05
6.1536497161169350147247e+05
6.1536497141568106599152e+05
6.1536497144909121561795e+05
6.1536497147982392925769e+05
6.1536497156599385198206e+05
6.1536497173104202374816e+05
6.1536497199600341264158e+05
6.1536497215709427837282e+05
6.1536497238030133303255e+05
6.1536497170740459114313e+05
6.1536497131048946175724e+05
6.1536497257266112137586e+05
6.1536497133373457472771e+05
6.1536497494770900812000e+05
6.1536497971274750307202e+05
6.1536498011922009754926e+05
6.1536497619866253808141e+05
6.1536497097021038644016e+05
6.1536496556985657662153e+05
6.1536496996099292300642e+05
6.1536496752389590255916e+05
6.1536496912509109824896e+05
6.1536496844016597606242e+05
6.1536497276113752741367e+05
6.1536497473034111317247e+05
6.1536497632089431863278e+05
6.1536497928173549007624e+05
6.1536498229555552825332e+05
6.1536498246098821982741e+05
6.1536497741071064956486e+05
6.1536497218251193407923e+05
6.1536497063573088962585e+05
6.1536497190282423980534e+05
6.1536497873144468758255e+05
6.1536498756179423071444e+05
6.1536499545765330549330e+05
6.1536500683394528459758e+05
6.1536501771152438595891e+05
6.1536501920968666672707e+05
6.1536501498811470810324e+05
6.1536501996083930134773e+05
6.1536502516108821146190e+05
6.1536502556646021548659e+05
6.1536503644314757548273e+05
6.1536504421875905245543e+05
6.1536504921835241839290e+05
6.1536505615489452611655e+05
6.1536506586226436775178e+05
6.1536507664303504861891e+05
6.1536508241748646833003e+05
6.1536508787386654876173e+05
6.1536508784207107964903e+05
6.1536509300074935890734e+05
6.1536509971328277606517e+05
6.1536510707602347247303e+05
6.1536511135566292796284e+05
6.1536511349326500203460e+05
6.1536511740213457960635e+05
6.1536512996373255737126e+05
6.1536513553875300567597e+05
6.1536514381591603159904e+05
6.1536514791068388149142e+05
