1.7830593323208326239637e+01
1.7830593323208326239637e+01
1.7830593323208326239637e+01
1.7830593323208326239637e+01
1.7830593323208319134210e+01
1.7830593323208297817928e+01
1.7830593323208248079936e+01
1.7830593323208187683804e+01
1.7830593323207931888419e+01
1.7830593323207875045000e+01
1.7830593323207235556538e+01
1.7830593323207171607692e+01
1.7830593323206137768011e+01
1.7830593323205931710618e+01
1.7830593323204766420531e+01
1.7830593323204151801065e+01
1.7830593323203224542794e+01
1.7830593323202073463563e+01
1.7830593323201572530934e+01
1.7830593323200005784201e+01
1.7830593323199828148518e+01
1.7830593323198201005653e+01
1.7830593323198073107960e+01
1.7830593323196737287617e+01
1.7830593323196438859668e+01
1.7830593323195575550244e+01
1.7830593323195046195906e+01
1.7830593323194623422978e+01
1.7830593323193966170948e+01
1.7830593323193834720541e+01
1.7830593323193106414237e+01
1.7830593323193077992528e+01
1.7830593323194968036205e+01
1.7830593323192786670006e+01
1.7830593323183432374890e+01
1.7830593323188374199617e+01
1.7830593323203611788585e+01
1.7830593323200755406788e+01
1.7830593323182473142197e+01
1.7830593323169139807760e+01
1.7830593323159394714139e+01
1.7830593323159749985507e+01
1.7830593323183418164035e+01
1.7830593323137197359074e+01
1.7830593323159718011084e+01
1.7830593323140323747111e+01
1.7830593323176145759135e+01
1.7830593323165231822713e+01
1.7830593323165018659893e+01
1.7830593323160812246897e+01
1.7830593323169530606265e+01
1.7830593323172440278768e+01
1.7830593323170397468402e+01
1.7830593323170536024236e+01
1.7830593323170639052933e+01
1.7830593323170742081629e+01
1.7830593323136447736488e+01
1.7830593323070054623258e+01
1.7830593323045206943789e+01
1.7830593322797486877107e+01
1.7830593322856906013385e+01
