1.7018640763609912625043e+01
1.7018640763609518273825e+01
1.7018640763611756483442e+01
1.7018640763619735878365e+01
1.7018640763623356093603e+01
1.7018640763628489764869e+01
1.7018640763635254131714e+01
1.7018640763639353963299e+01
1.7018640763641297297681e+01
1.7018640763645144886596e+01
1.7018640763646423863520e+01
1.7018640763648413383180e+01
1.7018640763648548386300e+01
1.7018640763651021075020e+01
1.7018640763653554159873e+01
1.7018640763654119041348e+01
1.7018640763654055092502e+01
1.7018640763654104830493e+01
1.7018640763653930747523e+01
1.7018640763627036704975e+01
1.7018640762916444231223e+01
1.7018640758293525294675e+01
1.7018640745608269781997e+01
1.7018640730515251391353e+01
1.7018640691432683098583e+01
1.7018640389821250380464e+01
1.7018639600068876660544e+01
1.7018638354525066347378e+01
1.7018638223503028683581e+01
1.7018632228361177283205e+01
1.7018594833494006479668e+01
1.7018574428173106838358e+01
1.7018560950684410215672e+01
1.7018555327110046704320e+01
1.7018559713411207212630e+01
1.7018404802632954186947e+01
1.7018317012451305458853e+01
1.7018306828841758715498e+01
1.7018162403953233763332e+01
1.7018163352298355306402e+01
1.7017711526523999765459e+01
1.7016988070791821741068e+01
1.7017022467598881263484e+01
1.7016990230815082441040e+01
1.7016963058956982024483e+01
1.7016005723286884432355e+01
1.7017101217030834447996e+01
1.7018992249723773113601e+01
1.7019611819358438253857e+01
1.7019851773957800133985e+01
1.7020640921434498693543e+01
1.7024641002855986471332e+01
1.7028642813383722653953e+01
1.7031682576632185543986e+01
1.7032243282317381272151e+01
1.7034554718341041734675e+01
1.7040584559274996934164e+01
1.7045614730978744688628e+01
1.7050668744732796255903e+01
1.7053285660672678147876e+01
1.7056808917175185769111e+01
1.7063246121775733854520e+01
1.7071980716370191544229e+01
1.7079125358321483929558e+01
1.7082358220337667376043e+01
1.7085021699913166770557e+01
1.7091941531693702671646e+01
1.7101010739472332744526e+01
1.7106926650612439999577e+01
1.7110309841348847470499e+01
1.7111914176145333499335e+01
1.7119224531109768605575e+01
1.7126875497238383871945e+01
1.7131815982716421586929e+01
1.7136225490679947824901e+01
1.7138147949487990473472e+01
1.7143855693825990726964e+01
1.7152900029483124200169e+01
1.7163535518065639706720e+01
1.7174337180944384328996e+01
1.7176791194139703122801e+01
1.7183412455301187549139e+01
1.7193280386104198953490e+01
1.7206269811012543158313e+01
1.7217363870072755815954e+01
1.7222831979550004888324e+01
1.7233090681871455984719e+01
1.7243215834838412803265e+01
1.7256214142440679637502e+01
1.7267488309626696008081e+01
1.7272002581072317894950e+01
1.7283423443572598188211e+01
1.7296379387664753579656e+01
1.7300974107980309213417e+01
1.7311971997710159598682e+01
1.7319365516063243148892e+01
1.7330425968158170491051e+01
1.7339084299555189261355e+01
1.7346834522479781526272e+01
1.7357675077377137995427e+01
1.7357734812529589163432e+01
1.7360126739956257324593e+01
1.7374109122480543732081e+01
1.7381079726412018260362e+01
1.7387042001253583123344e+01
1.7392479938005116935074e+01
1.7400870543112205268699e+01
1.7412701548809163654141e+01
1.7419512604519809428893e+01
1.7427480863205694561202e+01
1.7431458141460495880892e+01
1.7438462648734986970567e+01
1.7450447279865063165971e+01
1.7455639495907885105908e+01
1.7463824701725076948833e+01
1.7466778052736099624553e+01
1.7480375879379742798392e+01
1.7497294418641164526207e+01
1.7511197545430430722035e+01
1.7521041002742656189639e+01
1.7525026159843967832330e+01
