1.7830593323204674049975e+01
1.7830593323204666944548e+01
1.7830593323204674049975e+01
1.7830593323204677602689e+01
1.7830593323204681155403e+01
1.7830593323204666944548e+01
1.7830593323204670497262e+01
1.7830593323204556810424e+01
1.7830593323133243188749e+01
1.7830593281251935877663e+01
1.7830568483346770136677e+01
1.7829957248744037201504e+01
1.7829773477837324691109e+01
1.7829737025301579222969e+01
1.7829652285509947517994e+01
1.7829668841845251137102e+01
1.7829259121399882559444e+01
1.7829002279777878214873e+01
1.7828883662346719063407e+01
1.7828830732224144384190e+01
1.7828775922771384898624e+01
1.7828725231300001752288e+01
1.7828669908926823239881e+01
1.7828602240004652657035e+01
1.7828466348275981090410e+01
1.7828383645391390643908e+01
1.7828168668928949358587e+01
1.7828046589346019601408e+01
1.7827840802362278083137e+01
1.7827871456093923541175e+01
1.7827541825125734931135e+01
1.7827539140349720980794e+01
1.7827435318390058682780e+01
1.7827565515645403593226e+01
1.7827231713854054362400e+01
1.7827356861685412781071e+01
1.7827212043408749764239e+01
1.7827297366377624854294e+01
1.7827121980327877537320e+01
1.7827201120130006017916e+01
1.7827061672871195696644e+01
1.7827137488172606794024e+01
1.7826972217353080907287e+01
1.7827046967929049969825e+01
1.7826901637044667126020e+01
1.7826979811036729017815e+01
1.7826823739375903699056e+01
1.7826901529647482647079e+01
1.7826747730213959641787e+01
1.7826833030514645628273e+01
1.7826684495093260807153e+01
1.7826764967297677344504e+01
1.7826605222280115015110e+01
1.7826693386658003959155e+01
1.7826549008543359775558e+01
1.7826631439561957392925e+01
1.7826468723100976632168e+01
1.7826562127701858884166e+01
1.7826410096576946529012e+01
1.7826495930138040790780e+01
1.7826333899430661489305e+01
