3.5450849471961225489736e+00
3.5450849471936467516286e+00
3.5450849471933381096278e+00
3.5450849471915395483279e+00
3.5450849471913743471418e+00
3.5450849471897614151317e+00
3.5450849471891290320968e+00
3.5450849471867744711062e+00
3.5450849471845859994801e+00
3.5450849471793377531981e+00
3.5450849471714098726238e+00
3.5450849471603285145704e+00
3.5450849471363672371638e+00
3.5450849471185925665395e+00
3.5450849470596725865335e+00
3.5450849470423406728514e+00
3.5450849469214547049489e+00
3.5450849469155460980119e+00
3.5450849467037142126458e+00
3.5450849466323806069568e+00
3.5450849463330138533479e+00
3.5450849463327163135773e+00
3.5450849477235841789025e+00
3.5450849630395793177229e+00
3.5450850985077408950019e+00
3.5450862710861907878268e+00
3.5450963937316966045898e+00
3.5451836916631012108780e+00
3.5457528445459196575484e+00
3.5468371394002233820686e+00
3.5470845690001420180693e+00
3.5471310373108355662453e+00
3.5471228780118382317710e+00
3.5471094656029968916755e+00
3.5471050177060514663196e+00
3.5471180787421516811264e+00
3.5471653092648196547998e+00
3.5472837451906689132386e+00
3.5474110506727960512308e+00
3.5474919678281602308800e+00
3.5475484846493654522703e+00
3.5475913719775924448641e+00
3.5476188368536156758637e+00
3.5476461499600739912808e+00
3.5476629555786862724176e+00
3.5477111921188861920484e+00
3.5477530773795669105652e+00
3.5477788743829123951912e+00
3.5478357124979469361392e+00
3.5478347113480626084936e+00
3.5479964538282642294575e+00
3.5480556811551395846038e+00
3.5481583170598609555668e+00
3.5483937579547664142865e+00
3.5483350994668931832621e+00
3.5486985427890775923743e+00
3.5486770252163370997778e+00
3.5489350066541631711914e+00
3.5488467356886301828922e+00
3.5492481625982357229532e+00
3.5490908707962383061840e+00
