6.1536883616525994148105e+05
6.1536883616525994148105e+05
6.1536883616525994148105e+05
6.1536883616525994148105e+05
6.1536883616525994148105e+05
6.1536883616525994148105e+05
6.1536883616525994148105e+05
6.1536883616525982506573e+05
6.1536883616525994148105e+05
6.1536883616525994148105e+05
6.1536883616525994148105e+05
6.1536883616525994148105e+05
6.1536883616525994148105e+05
6.1536883616525994148105e+05
6.1536883616525982506573e+05
6.1536883616525982506573e+05
6.1536883616525994148105e+05
6.1536883616525994148105e+05
6.1536883616526005789638e+05
6.1536883616526017431170e+05
6.1536883616526029072702e+05
6.1536883616526029072702e+05
6.1536883616526029072702e+05
6.1536883616526005789638e+05
6.1536883616526005789638e+05
6.1536883616525994148105e+05
6.1536883616526017431170e+05
6.1536883616526052355766e+05
6.1536883616526110563427e+05
6.1536883616526192054152e+05
6.1536883616526285186410e+05
6.1536883616526355035603e+05
6.1536883616526413243264e+05
6.1536883616526471450925e+05
6.1536883616526552941650e+05
6.1536883616526692640036e+05
6.1536883616526972036809e+05
6.1536883616527449339628e+05
6.1536883616528136190027e+05
6.1536883616529067512602e+05
6.1536883616530231665820e+05
6.1536883616531640291214e+05
6.1536883616533363237977e+05
6.1536883616535575129092e+05
6.1536883616538613568991e+05
6.1536883616543002426624e+05
6.1536883616549463476986e+05
6.1536883616558951325715e+05
6.1536883616572711616755e+05
6.1536883616592455655336e+05
6.1536883616620779503137e+05
6.1536883616661676205695e+05
6.1536883616721257567406e+05
6.1536883616807975340635e+05
6.1536883616931107826531e+05
6.1536883617095032241195e+05
6.1536883617287152446806e+05
6.1536883617467409931123e+05
6.1536883617584337480366e+05
6.1536883617614372633398e+05
6.1536883617564267478883e+05
6.1536883617505989968777e+05
6.1536883617594814859331e+05
6.1536883617996459361166e+05
6.1536883618777757510543e+05
6.1536883619754062965512e+05
6.1536883620788052212447e+05
6.1536883621884149033576e+05
6.1536883624387788586318e+05
6.1536883627709222491831e+05
6.1536883633959572762251e+05
6.1536883646006102208048e+05
6.1536883663304534275085e+05
6.1536883691168879158795e+05
6.1536883736567455343902e+05
6.1536883779777318704873e+05
6.1536883865730068646371e+05
6.1536883981110400054604e+05
6.1536884034021361730993e+05
6.1536884129089268390089e+05
6.1536884213008300866932e+05
6.1536884298462874721736e+05
6.1536884415723185520619e+05
6.1536884564175701234490e+05
6.1536884802935109473765e+05
6.1536885027203569188714e+05
6.1536885294657875783741e+05
6.1536885547945147845894e+05
6.1536885783057438675314e+05
6.1536886012361617758870e+05
6.1536886220427998341620e+05
6.1536886428788129705936e+05
6.1536886603748961351812e+05
6.1536886894704913720489e+05
6.1536887175490788649768e+05
6.1536887276708916760981e+05
6.1536887474372168071568e+05
6.1536887611256376840174e+05
6.1536887907875876408070e+05
6.1536888272709969896823e+05
6.1536888676983851473778e+05
