4.8731988529958574218881e+00
4.8731988529958583100665e+00
4.8731988529958583100665e+00
4.8731988529958574218881e+00
4.8731988529958574218881e+00
4.8731988529958574218881e+00
4.8731988529958574218881e+00
4.8731988529958583100665e+00
4.8731988529958574218881e+00
4.8731988529958574218881e+00
4.8731988529958574218881e+00
4.8731988529958574218881e+00
4.8731988529958574218881e+00
4.8731988529958583100665e+00
4.8731988529958574218881e+00
4.8731988529958574218881e+00
4.8731988529958574218881e+00
4.8731988529958574218881e+00
4.8731988529958574218881e+00
4.8731988529958574218881e+00
4.8731988529958574218881e+00
4.8731988529958574218881e+00
4.8731988529958583100665e+00
4.8731988529958574218881e+00
4.8731988529958583100665e+00
4.8731988529958574218881e+00
4.8731988529958574218881e+00
4.8731988529958574218881e+00
4.8731988529958583100665e+00
4.8731988529958574218881e+00
4.8731988529958574218881e+00
4.8731988529958574218881e+00
4.8731988529958565337097e+00
4.8731988529958334410708e+00
4.8731988529951646427207e+00
4.8731988529843137669673e+00
4.8731988528413703321007e+00
4.8731988515845587883746e+00
4.8731988442108544745679e+00
4.8731988122359126691663e+00
4.8731983432092542685155e+00
4.8731951612971950993369e+00
4.8731880316251174889430e+00
4.8731778570184589582936e+00
4.8731662026053328418129e+00
