3.1415926535737357383482e+00
2.2662055624553487653827e+00
6.6409725935986330114247e-01
4.3465851621316681490520e-04
3.7606746845938998635717e-01
6.1548420623296695719517e-01
3.0434301739912278383926e-01
1.2679987110552936799279e-02
7.4070578867160355440724e-02
1.8104095871211922652577e-01
1.1431461582665783383028e-01
1.5968445666677179989312e-02
4.2739515868364602937945e-03
2.3601539941632318497788e-02
2.0332985950291638382881e-02
7.6342715435224568418238e-03
1.4652602790259051587785e-03
7.8309495164888582728786e-05
2.2107116550032864963835e-04
2.0618080065202579014005e-03
5.7185977788224533202577e-03
7.0664811955803716672642e-03
3.2009688869883588455134e-03
3.1751763357620225242323e-06
2.8693606791230226275846e-03
6.6763839613898524200097e-03
5.2939013319065631596461e-03
1.3774743848745259720834e-03
2.5654135010909812796747e-05
1.3929182442652548751943e-03
2.8683838257811495806027e-03
2.9887424762586028287314e-03
1.8269945365230833098785e-03
3.5666563638953637915135e-04
1.8534923263128309637617e-04
2.1002936988505976553809e-03
4.1855398379510777226442e-03
3.5660019131287523652674e-03
9.0749917439927711704239e-04
1.7349431605003805853364e-04
2.7626451163669683494528e-03
5.2381185358211235225667e-03
4.2879808084337724463642e-03
1.2261720540312920097598e-03
6.7651109438700973838440e-05
2.4785642780106803897966e-03
5.7811281479647905548469e-03
5.9474907427283256119988e-03
2.5192307494332523420955e-03
7.2880308253459746785211e-06
2.6904518667265828191226e-03
8.2688111539447502196243e-03
9.7311767533269834945520e-03
4.7410871330108754831412e-03
1.1442588650824812022185e-04
3.2527437754565659278061e-03
1.1484865492310836546097e-02
1.4725005076648239182857e-02
8.2982480078211840607283e-03
6.1117653797770248383370e-04
3.4745622372502789343418e-03
1.5870377223980165759532e-02
2.3830035946294868265394e-02
1.6144238679519227336323e-02
2.3460996771997523653586e-03
3.8185223750218902534492e-03
2.2850270041966321693527e-02
3.8957645014407092654007e-02
2.9822165948117707046094e-02
5.9144062181116039550455e-03
4.8486150610697748009059e-03
3.2015967978740081378852e-02
5.9556302336384259188407e-02
5.1558148819819224484284e-02
1.3028375265062243013037e-02
6.0471377586360178929548e-03
4.1501810723003622338734e-02
8.0177742118992631481511e-02
7.8109814405828134620258e-02
2.3554027374086797946839e-02
5.8151631031695032517104e-03
4.7989869769629441009773e-02
8.9344924763544580903485e-02
8.9205248467545669721623e-02
3.0745166262577585530869e-02
1.5471261701408454362211e-03
3.5551425928048885349853e-02
7.6425797689080685048957e-02
7.0400579917373820593163e-02
2.6045092988145106260855e-02
2.1435574118846834057450e-03
2.2411118310918624885186e-02
5.4262743952773168087944e-02
5.8738269985659216643192e-02
2.2318527388032007030549e-02
3.4111761591959222084114e-03
1.9362793271863482785777e-02
4.0573003819616051957020e-02
4.4332795040668990238508e-02
1.9556058067397949495891e-02
4.7350269005479113425608e-04
1.4675581890840862925307e-02
4.1238777670157808485918e-02
4.2384449730751817819741e-02
1.5782705983032670193911e-02
2.4147061585708066294709e-03
2.1545482604959590583471e-02
4.9062968545225127403597e-02
4.8149129714586028083723e-02
1.4186658939559037770350e-02
1.9021128800492631376329e-03
3.3139284635983284887928e-02
6.4046365413333472549340e-02
5.2963689835934898986203e-02
1.1765763917206338920463e-02
4.6158881212245844727349e-03
4.3519238734537932233870e-02
7.7751504658588654894658e-02
5.7484913559452753550882e-02
1.1841460542186108342855e-02
5.9409727869777998604528e-03
