4.9984603775279753598831e-05
3.4735987793596591615038e-05
8.3178633377832538072210e-06
5.4005183003280854026361e-07
1.2016087257259912770440e-05
1.7275579051835248767070e-05
6.2807697643278509607476e-06
8.3078849976883533995538e-07
2.3228157538324489567606e-05
6.0650098203991993433496e-05
7.8355630949661323760534e-05
6.0643191496033333647616e-05
2.7529567118113189191616e-05
6.2986838824244288520819e-06
9.7571283887325117596245e-07
2.7895033737088691589746e-06
2.2535722665349589580392e-05
9.1010219878412905837942e-05
2.1890785762536599788099e-04
3.6880812243084517589031e-04
4.8778704124691739125314e-04
5.5574782019127621449789e-04
5.9392012128581380889236e-04
6.5026214943972510985903e-04
7.8767422429526045939141e-04
1.0890169840680173369424e-03
1.6667800317583733593629e-03
2.6280449478488926429165e-03
4.0285747756196293306585e-03
5.8305169291765265165983e-03
7.9290403233241921188146e-03
1.0265581844459074900566e-02
1.2951811803274973153299e-02
1.6388926436769857969411e-02
2.1327012244126541257172e-02
2.8993449143606051660038e-02
4.1001315364976753663484e-02
5.9009470659642168643977e-02
8.4688317929227277525150e-02
1.1987907958404803165919e-01
1.6668640329296943725090e-01
2.2842579369924440046979e-01
3.1086700410995560250882e-01
4.2360624243394806587304e-01
5.8164579359078816267470e-01
8.0682662789390879876095e-01
1.1294895979567094457252e+00
1.5902603005532436331038e+00
2.2416440618518915783852e+00
3.1515930805839236228394e+00
4.4076352072519764391245e+00
6.1183909493206485308292e+00
8.4041132342783555486676e+00
1.1362819503225715322969e+01
1.5008831546791006061881e+01
1.9137089447750483373056e+01
2.2341585047234264749250e+01
2.0716474839727425205638e+01
1.3603395448822610092066e+01
7.1857717845294795111499e+00
5.4672155938107556139016e+00
6.4985650976009230461727e+00
8.7829353666324934124532e+00
1.0418184316778102527223e+01
9.9013971230900246212059e+00
7.3998139769512096819426e+00
4.3190401448810726847682e+00
1.9948916660942552780966e+00
1.0100405453662595345321e+00
1.6726944148434645942558e+00
3.9046107634526032725830e+00
6.8333341277665651247730e+00
9.4383246452573104079420e+00
1.1388698120954389381154e+01
1.3024881417821871920637e+01
1.4406953365449981063762e+01
1.5328199742878195976914e+01
1.5869168890647355141255e+01
1.4733984799883725003156e+01
1.2400721464653171821624e+01
1.2517039885123017128876e+01
1.2529263047241821382727e+01
1.1154191048669540364813e+01
1.0057837770165303226122e+01
1.0012920870435753073480e+01
1.1189884683761214034803e+01
1.1670118416030717867216e+01
9.7969984533494649525664e+00
7.2667297657657901055472e+00
6.7409175457787782193009e+00
8.0189515100843546946408e+00
8.7677399446860562193251e+00
8.2252805706769400728717e+00
7.2300887165016609614554e+00
7.7185967009477138844886e+00
1.1041326271105365464109e+01
1.5116256761769463423661e+01
1.7052996799092738910986e+01
1.5587699320334520436404e+01
1.2177981335424876263573e+01
8.6806450117289948309462e+00
