1.8844453515638015232980e+05
1.8844453515489320852794e+05
1.8844453515417253947817e+05
1.8844453515051488648169e+05
1.8844453515271825017408e+05
1.8844453515147545840591e+05
1.8844453515190270263702e+05
1.8844453515114870970137e+05
1.8844453515184146817774e+05
1.8844453515146984136663e+05
1.8844453515123526449315e+05
1.8844453515133587643504e+05
1.8844453515140255331062e+05
1.8844453515127586433664e+05
1.8844453515125147532672e+05
1.8844453515129230800085e+05
1.8844453515129050356336e+05
1.8844453515126620186493e+05
1.8844453515127894934267e+05
1.8844453515127606806345e+05
1.8844453515127787250094e+05
1.8844453515129178413190e+05
1.8844453515128410072066e+05
1.8844453515127359423786e+05
1.8844453515128546860069e+05
1.8844453515130639425479e+05
1.8844453515133846667595e+05
1.8844453515141320531256e+05
1.8844453515147144207731e+05
1.8844453515137737849727e+05
1.8844453515161250834353e+05
1.8844453515293129021302e+05
1.8844453515535371843725e+05
1.8844453515857321326621e+05
1.8844453515911698923446e+05
1.8844453515899562626146e+05
1.8844453516882756957784e+05
1.8844453518239353434183e+05
1.8844453519711922854185e+05
1.8844453520153881981969e+05
1.8844453519953237264417e+05
1.8844453522560067358427e+05
1.8844453525334942969494e+05
1.8844453529999544844031e+05
1.8844453532139930757694e+05
1.8844453530302006402053e+05
1.8844453535655699670315e+05
1.8844453538530966034159e+05
1.8844453544029561453499e+05
1.8844453547583447652869e+05
1.8844453542644580011256e+05
1.8844453545963199576363e+05
1.8844453551028811489232e+05
1.8844453557660296792164e+05
1.8844453562488188617863e+05
1.8844453556188140646555e+05
1.8844453555007890099660e+05
1.8844453558776815771125e+05
1.8844453565684950444847e+05
1.8844453571435925550759e+05
1.8844453565347311086953e+05
1.8844453565115382662043e+05
1.8844453569120704196393e+05
1.8844453581341562676243e+05
1.8844453588092990685254e+05
1.8844453586386743700132e+05
1.8844453586900507798418e+05
1.8844453592140623368323e+05
1.8844453597978179459460e+05
1.8844453608397790230811e+05
1.8844453608347426052205e+05
1.8844453610574797494337e+05
1.8844453624457248952240e+05
1.8844453633564198389649e+05
1.8844453635325669893064e+05
1.8844453636102625750937e+05
1.8844453645922220312059e+05
1.8844453660614485852420e+05
1.8844453677395512931980e+05
1.8844453687048130086623e+05
1.8844453694042790448293e+05
1.8844453694820951204747e+05
1.8844453712124534649774e+05
1.8844453740943956654519e+05
1.8844453760353120742366e+05
1.8844453775932930875570e+05
1.8844453787254571216181e+05
1.8844453805022066808306e+05
1.8844453825968061573803e+05
1.8844453842096458538435e+05
1.8844453858907424728386e+05
1.8844453883571023470722e+05
1.8844453885446829372086e+05
1.8844453902899604872800e+05
1.8844453911556920502335e+05
1.8844453930117376148701e+05
1.8844453945213698898442e+05
1.8844453965744021115825e+05
1.8844453989147758693434e+05
1.8844454007573347189464e+05
1.8844454011077596805990e+05
1.8844454026592115405947e+05
1.8844454042221992858686e+05
1.8844454060395201668143e+05
1.8844454083853217889555e+05
1.8844454101899755187333e+05
1.8844454104366648243740e+05
1.8844454129057965474203e+05
1.8844454147057444788516e+05
1.8844454162057163193822e+05
1.8844454176063442719169e+05
1.8844454182475036941469e+05
1.8844454203651036368683e+05
1.8844454224940130370669e+05
1.8844454247830374515615e+05
1.8844454261912844958715e+05
1.8844454273155436385423e+05
1.8844454296936516766436e+05
1.8844454322387062711641e+05
1.8844454340010689338669e+05
1.8844454349202665616758e+05
