4.8731988529958574218881e+00
4.8731988529958583100665e+00
4.8731988529958574218881e+00
4.8731988529958583100665e+00
4.8731988529958583100665e+00
4.8731988529958565337097e+00
4.8731988529958583100665e+00
4.8731988529958565337097e+00
4.8731988529958574218881e+00
4.8731988529958583100665e+00
4.8731988529958565337097e+00
4.8731988529958583100665e+00
4.8731988529958565337097e+00
4.8731988529958574218881e+00
4.8731988529958574218881e+00
4.8731988529958583100665e+00
4.8731988529958574218881e+00
4.8731988529958574218881e+00
4.8731988529958574218881e+00
4.8731988529958556455313e+00
4.8731988529958574218881e+00
4.8731988529958574218881e+00
4.8731988529958565337097e+00
4.8731988529958574218881e+00
4.8731988529958583100665e+00
4.8731988529958583100665e+00
4.8731988529958574218881e+00
4.8731988529958583100665e+00
4.8731988529958574218881e+00
4.8731988529958565337097e+00
4.8731988529958574218881e+00
4.8731988529958565337097e+00
4.8731988529958565337097e+00
4.8731988529958334410708e+00
4.8731988529951655308992e+00
4.8731988529843333068925e+00
4.8731988528410328243012e+00
4.8731988515788264848538e+00
4.8731988440072333546027e+00
4.8731988105674384215149e+00
4.8731983518954429257519e+00
4.8731949446209217313708e+00
4.8731863137570599064929e+00
4.8731762619515563983441e+00
4.8731637671340752859805e+00
4.8731520474203549042613e+00
4.8731401602901236458365e+00
4.8731249844690385231161e+00
4.8731068117360019087414e+00
4.8730841846611285816948e+00
4.8730579588330851237288e+00
4.8730265557094236683611e+00
4.8729916305125184905478e+00
4.8729574955365579924660e+00
4.8729164486638998354806e+00
4.8728713355039330323848e+00
4.8728343042150257247158e+00
4.8728046749292088790639e+00
4.8727830360375650187166e+00
4.8727646370012154264373e+00
4.8727455301503832529875e+00
4.8727234948749273968360e+00
4.8727039856547857965552e+00
4.8726839982606318102398e+00
4.8726637598804147799569e+00
4.8726421993167932100732e+00
4.8726216155420916109620e+00
4.8725970495583714736654e+00
4.8725570207355630714119e+00
4.8725109068861485184243e+00
4.8724215026214521273573e+00
4.8722767118505050376598e+00
4.8721458842070726191764e+00
4.8720370308779150647638e+00
4.8719241092591927255739e+00
4.8717346256715154950712e+00
4.8714612560581906919310e+00
4.8712408442674659525551e+00
4.8711003933917229602457e+00
4.8710221137899551990813e+00
4.8709673586792021637848e+00
4.8708996805962883058783e+00
4.8708152833403071113594e+00
4.8707520983375456324893e+00
4.8706522584956148946844e+00
4.8705236068533173110495e+00
4.8703323557880331406977e+00
4.8701073452329737278887e+00
4.8699264002549806917841e+00
4.8697892918540084394863e+00
4.8696514292427455217194e+00
4.8695142236258739387722e+00
4.8693411657057898977996e+00
4.8691665797618712829831e+00
4.8690385457426161863737e+00
4.8688990845332602575013e+00
4.8687025088947173401266e+00
4.8685356133518933319237e+00
4.8683724640377352699261e+00
4.8681784071500269206467e+00
4.8680326580442381256830e+00
4.8677371759617225066563e+00
4.8673296145663105249923e+00
4.8669749881702060179123e+00
4.8667416230404922927733e+00
4.8665978064704260575013e+00
4.8664515157979328918714e+00
4.8663189003212030669943e+00
4.8661839832647899584117e+00
4.8660567848512839006503e+00
4.8659479508989615936798e+00
4.8658095755000898563480e+00
4.8656812144170622502770e+00
4.8655330152790901010462e+00
4.8653543020371383676093e+00
4.8651344845168909003519e+00
4.8648869104787193506922e+00
4.8647195246132719503862e+00
4.8645318924651572700668e+00
4.8643288483246180931019e+00
4.8641143894618066312319e+00
4.8639142306543758920157e+00
4.8637261378891665231095e+00
4.8635683601483838955915e+00
4.8633746514902638224953e+00
4.8631727098647266060993e+00
4.8629561117177475537687e+00
4.8627518626432859605302e+00
4.8624558818180423358513e+00
4.8620952844012608196067e+00
4.8618256703276534480551e+00
4.8615714465222605866757e+00
4.8612766210182227766268e+00
4.8609851347460262260824e+00
4.8606761930319954956303e+00
4.8604125509588627096491e+00
4.8601668681309044828254e+00
4.8599718075096562941440e+00
4.8597805031582508306087e+00
4.8595914132832138676577e+00
4.8594035901378083153190e+00
4.8591750979463421700189e+00
4.8589888600836435017527e+00
4.8588306818534219289063e+00
4.8586796139551013951063e+00
4.8585389943153494130001e+00
4.8583222584378713548858e+00
4.8581090556551105308358e+00
4.8579303640820077347939e+00
4.8577818301446749060801e+00
4.8576359332101253230007e+00
4.8574372877157916406077e+00
4.8572458328031391516788e+00
4.8570181614914647028058e+00
4.8567709186679470789727e+00
4.8565691655481355581969e+00
4.8563695799368788996730e+00
4.8561962318466038723841e+00
4.8560051488398769947707e+00
4.8558284161389906330442e+00
4.8556017138663154497635e+00
4.8554441683356763803658e+00
4.8553042193166451312436e+00
4.8551805546468607133193e+00
4.8550065828148163404876e+00
4.8548311282669223132302e+00
4.8546675449603444718605e+00
4.8545364354437667842035e+00
4.8543943859950431374273e+00
4.8542453705363950433593e+00
4.8540996863228977886706e+00
4.8539311134419316218214e+00
4.8537766580175816244491e+00
4.8536216555479922973859e+00
4.8534499669607180649678e+00
4.8532969498850908607324e+00
4.8531110289350953834742e+00
4.8529258058562056987739e+00
4.8527405659282978334090e+00
4.8525358741349648994401e+00
4.8523720227082440814570e+00
4.8522192287039711544594e+00
4.8520702544093463615127e+00
4.8518932648299415433257e+00
4.8517432643194648989038e+00
4.8516009682837850647275e+00
4.8514644534782798146466e+00
4.8513311349010423967343e+00
4.8511852237774375495860e+00
4.8510166090819364370645e+00
4.8508549266280596157230e+00
4.8506791746006223675636e+00
4.8504757755447052147701e+00
4.8502969918492526701925e+00
4.8501206358144131058907e+00
4.8499531609706050261366e+00
4.8497894048309104775285e+00
4.8496222501282613137619e+00
4.8494765867028384320747e+00
4.8493345150510904773000e+00
4.8492105737788575581249e+00
4.8490785208644853199189e+00
4.8489198923883192193784e+00
4.8487683430261157013774e+00
4.8486188595602150996910e+00
4.8484455887501400894735e+00
4.8482566761502496888170e+00
4.8480459951559486952988e+00
4.8478526890949034111600e+00
4.8477068220300729706196e+00
4.8475359548622769523263e+00
4.8473613830221644604990e+00
4.8472284008384702858052e+00
4.8471107362299354903712e+00
4.8469844636509726854001e+00
4.8468553062606503090137e+00
4.8467437261828774097694e+00
4.8466211294483683147405e+00
4.8465111670144054301090e+00
4.8463997895150541239673e+00
4.8462840358089662728958e+00
4.8461614129029957354078e+00
4.8460440536906359554337e+00
4.8459409939547279932981e+00
4.8458277292952844916840e+00
4.8457184126707559812530e+00
4.8456022379550391931957e+00
4.8454795830238195364359e+00
4.8453503074043702270046e+00
4.8451958408560091839945e+00
4.8450487079732331707760e+00
4.8449263455661446542422e+00
4.8447985139783158459181e+00
4.8446673908685857767864e+00
4.8445473494274953196737e+00
4.8444385037452066811170e+00
4.8443181532114536480549e+00
4.8442014192215019363630e+00
4.8440919888934077519593e+00
4.8439936638367004917427e+00
4.8439002590703843509345e+00
4.8437896934195237008680e+00
4.8436793415886176816798e+00
4.8435870766297144385248e+00
4.8434936905284313723996e+00
4.8434007389864186521322e+00
4.8433078233988249294839e+00
4.8431993121167673521654e+00
4.8431003677441362142986e+00
4.8430115077091926423236e+00
4.8429168438085801184911e+00
4.8428207527555526823448e+00
4.8427141706546397159627e+00
4.8426091003986506677848e+00
4.8424906455003320360220e+00
4.8423999150669647661971e+00
4.8423061029473686289748e+00
4.8422029862642377295856e+00
4.8420874934797035749057e+00
4.8419631861244480930395e+00
4.8418284784999681136242e+00
4.8417308696955956293095e+00
4.8416301057372281846369e+00
4.8415177647807530192381e+00
4.8414188419884052194675e+00
4.8413338063754993711996e+00
4.8412549824351058802563e+00
4.8411769703034837064592e+00
4.8411081943595508647604e+00
4.8410266413676668051380e+00
4.8409523221710184515132e+00
4.8408754492491103960106e+00
4.8407936211578359575469e+00
4.8407052365416909367468e+00
4.8406082518485300525413e+00
4.8405186596362517192915e+00
4.8404196741427369943267e+00
4.8403171357341427949450e+00
4.8402308750731091180342e+00
4.8401519701258868266791e+00
4.8400757497452060462706e+00
4.8399968333801437481156e+00
4.8399200955348558039759e+00
4.8398473839301487942066e+00
4.8397624130752108229103e+00
4.8396725616033497985313e+00
4.8396008580494163098251e+00
4.8395248196901645698631e+00
4.8394581567409069577934e+00
4.8393949376740925671925e+00
4.8393141056994313231598e+00
4.8392384999897091191201e+00
4.8391627704876922777544e+00
4.8390905802768324761587e+00
4.8390195192453040462510e+00
4.8389441137017037419810e+00
4.8388794192018558248947e+00
4.8388089927733970441182e+00
4.8387348583676965674272e+00
4.8386671276352446469105e+00
4.8386032734785482389839e+00
4.8385371729450277200613e+00
4.8384656654780862083953e+00
4.8383946979371321717167e+00
4.8383268349262200658245e+00
4.8382630517834712691183e+00
4.8382010249385842826086e+00
4.8381383309831864636408e+00
4.8380785596070490228726e+00
4.8380253409688620536144e+00
4.8379641264343353768140e+00
4.8378967467753986042567e+00
4.8378378201037470773826e+00
4.8377766790406147023873e+00
4.8377092477649572543896e+00
4.8376434674037600558449e+00
4.8375794639694440490985e+00
4.8375168906578611682789e+00
4.8374513623321666599963e+00
4.8373921271625732742905e+00
4.8373381988884691651265e+00
4.8372869552684090166395e+00
4.8372343994685182977378e+00
4.8371833036821989537657e+00
4.8371314675405328031843e+00
4.8370770574690871157486e+00
4.8370239921012361250519e+00
4.8369590599068521541426e+00
4.8368952653184154044652e+00
4.8368319869825748824610e+00
4.8367664665134668666724e+00
4.8367076066284333535350e+00
4.8366465506404434648857e+00
4.8365899171724677785278e+00
4.8365370128685780670708e+00
4.8364831056777308759820e+00
4.8364231691090875386863e+00
4.8363623913295556988601e+00
4.8363101166103890093950e+00
4.8362530532832410656852e+00
4.8362017877454572811757e+00
4.8361503223119717276290e+00
4.8360977745351405587826e+00
4.8360464970757206515373e+00
4.8359965624296226138767e+00
4.8359434802398455488515e+00
4.8358939561833169662464e+00
4.8358480091124116384549e+00
4.8357993037272732905762e+00
4.8357530480919859172673e+00
4.8357042663677827221136e+00
4.8356508736271210935342e+00
4.8355979460117497481519e+00
4.8355495024507568757599e+00
4.8355041681432160416421e+00
4.8354554014429034225486e+00
4.8354085353623155185687e+00
4.8353624423496537332312e+00
4.8353189447957642954634e+00
4.8352753520778524176649e+00
4.8352269598835562192107e+00
4.8351789376389273655832e+00
4.8351366031180695870262e+00
4.8350888803633544910099e+00
4.8350436539316712369896e+00
4.8350026679015671859929e+00
4.8349554912994143762717e+00
4.8349125344676506799146e+00
4.8348693075202211488772e+00
4.8348305033223866189473e+00
4.8347864661800201702135e+00
4.8347429562622945553585e+00
4.8346971760108745641560e+00
4.8346492136733250077896e+00
4.8345985465976530903731e+00
4.8345479530302908344197e+00
4.8344988279804450570509e+00
4.8344508151196201595212e+00
4.8344022276894156320282e+00
4.8343523898667877247703e+00
4.8343134031374219716781e+00
4.8342808493252356072389e+00
4.8342407683990362698978e+00
4.8342056920370000128173e+00
4.8341662565000902418433e+00
4.8341231815899758927912e+00
4.8340833227396160509670e+00
4.8340469691984235822702e+00
4.8340101784583406896445e+00
4.8339721755956510662600e+00
4.8339306785214732897771e+00
4.8338924246534054063318e+00
4.8338528042643380544519e+00
4.8338176550104607898106e+00
4.8337819604825247310487e+00
4.8337454420211045658107e+00
4.8337057537987773159216e+00
4.8336652309197285504183e+00
4.8336273170128327691941e+00
4.8335870503781848128710e+00
4.8335488412690867932042e+00
4.8335137832147632153124e+00
4.8334782992703528847755e+00
4.8334445243484633891740e+00
4.8334130697235773155285e+00
4.8333843508362601681938e+00
4.8333536916886323808740e+00
4.8333204306384018877907e+00
4.8332839043773434539730e+00
4.8332491949536642295016e+00
4.8332167268258521275470e+00
4.8331848475546230758937e+00
4.8331502232478467107057e+00
4.8331154223971832806228e+00
4.8330812352254781671945e+00
4.8330452806097810025676e+00
4.8330059253935599983265e+00
4.8329708119379990449715e+00
4.8329343790704344385745e+00
4.8329011841057241127828e+00
4.8328685004824363247167e+00
4.8328309909843678582320e+00
4.8327940095308550283448e+00
4.8327572966300271772866e+00
4.8327217130743562734096e+00
4.8326834641985039198175e+00
4.8326483406391300690075e+00
4.8326165904476408030632e+00
4.8325869790297311112681e+00
4.8325570090288891833552e+00
4.8325246907735897039515e+00
4.8324894221350458423103e+00
4.8324518243523497673664e+00
4.8324136530006400747084e+00
4.8323743578950546506690e+00
4.8323421057506159570494e+00
4.8323101211454302372772e+00
4.8322781970749808522214e+00
4.8322463532536019670260e+00
4.8322170845319538656781e+00
4.8321883193744543660841e+00
4.8321549922527955445162e+00
4.8321191848988460648684e+00
4.8320879045713081012536e+00
4.8320571977882993408571e+00
4.8320283833420587527030e+00
4.8319963807207759742823e+00
4.8319685808014689598622e+00
4.8319383379180971260780e+00
4.8319079107570717113163e+00
4.8318780850738285437274e+00
4.8318513625800374455821e+00
4.8318233943879258518450e+00
4.8317926811024216604551e+00
4.8317588178002752741236e+00
4.8317271111894362078942e+00
4.8316890580835476498578e+00
4.8316510349914407740357e+00
4.8316174202704011975129e+00
4.8315862941089307014408e+00
4.8315529077461265572424e+00
4.8315224371834473160447e+00
4.8314914746225197106355e+00
4.8314600380833914172740e+00
4.8314307261959132944185e+00
4.8314032164658797796619e+00
4.8313765287385690427868e+00
4.8313475308126552221211e+00
4.8313155458813241693861e+00
4.8312858618068386107325e+00
4.8312546094834676324581e+00
4.8312184629780929867593e+00
4.8311846505688986752602e+00
4.8311525875610108471392e+00
4.8311206183812105408037e+00
4.8310857337393837696027e+00
4.8310516695492005112555e+00
4.8310131428701712508200e+00
4.8309815948464507329163e+00
4.8309533255377417049203e+00
4.8309268515094752061145e+00
4.8309015415643097313136e+00
4.8308769404845168793372e+00
4.8308506881254134057713e+00
4.8308209677184876795764e+00
4.8307934172181479226538e+00
4.8307682294107596732147e+00
4.8307432873437567977248e+00
4.8307195113780938555692e+00
4.8306963454725480033858e+00
4.8306727083341662876137e+00
4.8306504462561941082299e+00
4.8306296061581619483150e+00
4.8306078378644414783594e+00
4.8305838769258695464259e+00
4.8305606799087748015609e+00
4.8305355239518981136371e+00
4.8305130928630095610288e+00
4.8304907597234914007345e+00
4.8304622911801029516710e+00
4.8304368345881902868655e+00
4.8304102880847317180724e+00
4.8303778028046462367229e+00
4.8303433123988863684417e+00
4.8303139343266909833119e+00
4.8302905501571409274675e+00
4.8302642473358545771589e+00
4.8302374226516437971668e+00
4.8302146895123652114989e+00
4.8301941233086624905013e+00
4.8301730130079869596216e+00
4.8301475374258879824652e+00
4.8301139497295091373985e+00
4.8300867234712399067575e+00
4.8300624600006232256533e+00
4.8300402799754458271764e+00
4.8300178185588462653755e+00
4.8299933104665617733531e+00
4.8299683877080017424532e+00
4.8299436296120434874979e+00
4.8299187516526957963947e+00
4.8298958641675211467259e+00
4.8298732794250716082729e+00
4.8298532394901130260223e+00
4.8298318390332104499407e+00
4.8298117651490946045101e+00
4.8297907145625389446764e+00
4.8297710648062679439363e+00
4.8297517753067076284879e+00
4.8297315958739730490379e+00
4.8297140764598385231920e+00
4.8296942232448936138667e+00
4.8296752416100172666802e+00
4.8296537593593598103325e+00
4.8296303592923370828771e+00
4.8296069215845633948447e+00
4.8295862215373670522922e+00
4.8295660218782270334259e+00
4.8295478713915880319973e+00
4.8295300671805874159759e+00
4.8295099242411838602607e+00
4.8294904460662761991330e+00
4.8294732761535508203110e+00
4.8294545147515206551248e+00
4.8294357958500793159828e+00
4.8294171423747496163514e+00
4.8293964632181740626038e+00
4.8293755416993588980290e+00
4.8293558525811892678803e+00
4.8293378020765720393115e+00
4.8293206688990251151949e+00
4.8293015462026795958650e+00
4.8292804646048219652243e+00
4.8292577717120845903764e+00
4.8292346680557480809171e+00
4.8292142815253669141384e+00
4.8291877077633227344222e+00
4.8291509542048078884591e+00
4.8291172329363831750015e+00
4.8290933238357593992873e+00
4.8290768562593493484769e+00
4.8290616688104002207638e+00
4.8290454792499515335180e+00
4.8290228740617235914101e+00
4.8289943790617639862717e+00
4.8289622744459590464317e+00
4.8289225608987660365301e+00
4.8288887575033001553493e+00
4.8288607935473528698367e+00
4.8288323691204331211679e+00
4.8288100102953466219446e+00
4.8287884445953581646904e+00
4.8287667849375814910218e+00
4.8287472941739091325530e+00
4.8287303174839211195035e+00
4.8287130227121544123747e+00
4.8286934831741197271526e+00
4.8286783540065636444183e+00
4.8286633821783659925586e+00
4.8286477318490099719384e+00
4.8286326174176164016671e+00
4.8286176309578729970440e+00
4.8286029120871543085514e+00
4.8285873530817013943306e+00
4.8285691973225510764678e+00
4.8285509584809940264449e+00
4.8285309274267751433740e+00
4.8285085269775507299528e+00
4.8284856259540704925826e+00
4.8284635658433918692367e+00
4.8284394034560218500474e+00
4.8284163002903301986635e+00
4.8283932348877804940912e+00
4.8283620864267966510397e+00
4.8283277454869750755506e+00
4.8282946538905431310695e+00
4.8282529009992103397053e+00
4.8281989092386652373534e+00
4.8281374596743544813648e+00
4.8280776605988116045864e+00
4.8280064802823030589707e+00
4.8279415719738514312098e+00
4.8278894301859844873093e+00
4.8278467984240629462533e+00
4.8277738804188397025996e+00
4.8276964053754500838522e+00
4.8276495451989740459453e+00
4.8276152181755147552167e+00
4.8275847899729598111662e+00
4.8275432780045823832893e+00
4.8274997932083021368044e+00
4.8274375677468555068117e+00
4.8273996767982785272011e+00
4.8273733536477578809354e+00
4.8273467051018501550175e+00
4.8273098560850247196186e+00
4.8272416798200721288481e+00
4.8271719202108753776770e+00
4.8271449042936653839320e+00
4.8271235395793796740804e+00
4.8271006548458670337709e+00
4.8270716513741964703854e+00
4.8270167420914225075990e+00
4.8269788425283488564332e+00
4.8269568659704118473996e+00
4.8269379395573253077600e+00
4.8269157595904843560675e+00
4.8268423911572817530669e+00
4.8267651501756034804202e+00
4.8267133529510752865122e+00
4.8266868492472401186433e+00
4.8266654422015724534845e+00
4.8266037913549864057927e+00
4.8264739578992088553377e+00
4.8263849003751921884486e+00
4.8263262346221482701480e+00
4.8262871318353450789118e+00
4.8262376927432333317824e+00
4.8260931177962511640089e+00
4.8259773398637069163897e+00
4.8259123464591953123204e+00
4.8258717589172936968112e+00
4.8258437397049123163129e+00
4.8257934777824278427261e+00
4.8257289308510173952982e+00
4.8256947214338996587912e+00
4.8256656840917147022196e+00
4.8256419247212738454778e+00
4.8256190092817119463575e+00
4.8255830869066498323150e+00
4.8255557413939023092553e+00
4.8255328646962327709957e+00
4.8255121549223911614490e+00
4.8254877791279300325300e+00
4.8254587060257767561211e+00
4.8254328539768147621203e+00
4.8254133538060575148165e+00
4.8253971699590563204652e+00
4.8253813381652657099607e+00
4.8253643306155797887413e+00
4.8253447734918655243064e+00
4.8253264111613631826003e+00
4.8253085872724064131489e+00
4.8252910187119555374125e+00
4.8252717996546898859833e+00
4.8252499732167324353327e+00
4.8252290073107158008270e+00
4.8252088230638099375369e+00
4.8251881410344248379829e+00
4.8251698448061262070041e+00
4.8251515063951124773212e+00
4.8251342387151749946383e+00
4.8251181541552670140049e+00
4.8251017442255177414268e+00
4.8250830279799652444694e+00
4.8250640669836704077511e+00
4.8250464873848475377827e+00
4.8250304800799694859847e+00
4.8250131738084274246603e+00
4.8249979409817038700226e+00
4.8249817116627857771505e+00
4.8249652043003647960973e+00
4.8249495516987916943208e+00
4.8249346673716972944135e+00
4.8249209797098346896860e+00
4.8249065170268323754499e+00
4.8248890252466374306550e+00
4.8248686725665255181639e+00
4.8248483151411303282430e+00
4.8248308851800425500755e+00
4.8248149970593976476607e+00
4.8248000797964856189992e+00
4.8247854799734524178234e+00
4.8247726807417681271772e+00
4.8247589579723477726247e+00
4.8247464763734422277253e+00
4.8247333883050229630385e+00
4.8247191952624737254496e+00
4.8247047589642191312009e+00
4.8246911006761195039871e+00
4.8246769826145285975372e+00
4.8246633432085932469136e+00
4.8246508833425139073370e+00
4.8246381056764873207499e+00
4.8246262364840557523848e+00
4.8246152144948757367615e+00
4.8246029751508219263201e+00
4.8245917489875633776819e+00
4.8245784194422531854229e+00
4.8245655431959262315900e+00
4.8245520277415607779403e+00
4.8245374052162350864137e+00
4.8245250383813553796131e+00
4.8245118620572249312772e+00
4.8244987635424880778601e+00
4.8244835477208365404067e+00
4.8244696231493087168474e+00
4.8244577497399410148660e+00
4.8244447187286345624102e+00
4.8244306609851115297261e+00
4.8244170935016983392529e+00
4.8244039518964125790035e+00
4.8243901893960181581633e+00
4.8243773099828430872549e+00
4.8243655094218889090030e+00
4.8243543951250007495446e+00
4.8243435363795184045443e+00
4.8243316598106540382673e+00
4.8243195283036399700904e+00
4.8243069965239291363446e+00
4.8242948284790019286561e+00
4.8242811006488155456395e+00
4.8242675091993474367769e+00
4.8242512214374215773205e+00
4.8242390197372309046386e+00
4.8242286834291308039724e+00
4.8242188499601645901294e+00
4.8242083462047311570586e+00
4.8241963095743445322228e+00
4.8241839299135316210254e+00
4.8241730078260420810921e+00
4.8241620332457921804803e+00
4.8241502429648432936915e+00
4.8241392085110863519049e+00
4.8241273176611736417385e+00
4.8241150682606193100810e+00
4.8241034727043379248812e+00
4.8240928027022507151855e+00
4.8240834697503540695607e+00
4.8240738371051579136406e+00
4.8240643639983851187480e+00
4.8240534645623140974635e+00
4.8240418070769557346011e+00
4.8240303328214872990998e+00
4.8240191858124212842540e+00
4.8240080497607369380830e+00
4.8239973700235454501239e+00
4.8239866322995252900796e+00
4.8239761226260311488545e+00
4.8239648099038445749898e+00
4.8239522058591672859507e+00
4.8239406956949562044201e+00
4.8239298736104219145204e+00
4.8239195099542140354743e+00
4.8239087977400672002659e+00
4.8238983200699738773665e+00
4.8238875873098496782632e+00
4.8238773180691758568628e+00
4.8238653212244182455493e+00
4.8238551623974750270918e+00
4.8238455053358730850732e+00
4.8238353292227653668078e+00
4.8238258549107930761579e+00
4.8238158949087130977773e+00
4.8238057855442599830553e+00
4.8237955673425210179062e+00
4.8237863840601189480140e+00
4.8237771442750103645380e+00
4.8237672923153995796497e+00
4.8237571536046166542633e+00
4.8237475133482083933245e+00
4.8237369351284069551866e+00
4.8237271865893402988945e+00
4.8237159600314152285705e+00
4.8237046731020827294856e+00
4.8236935761751027484934e+00
4.8236829322652701179663e+00
4.8236728190436055641044e+00
4.8236625622580930894401e+00
4.8236524602665182825945e+00
4.8236427064919924490027e+00
4.8236328655046349922486e+00
4.8236239091240147303097e+00
4.8236142489370541497351e+00
4.8236041858163440920748e+00
4.8235940086599775611376e+00
4.8235832923676875694241e+00
4.8235736442472374463364e+00
4.8235642675217373920304e+00
4.8235559433848491650565e+00
4.8235476419832821193268e+00
4.8235380356906860654931e+00
4.8235278280179993970478e+00
4.8235187184518881764461e+00
4.8235086863534943901755e+00
4.8234988662520192903571e+00
4.8234897386589192791462e+00
4.8234813954852819861685e+00
4.8234726469674225057815e+00
4.8234628458119761518219e+00
4.8234526032150206731330e+00
4.8234429236238964833206e+00
4.8234340915433078222918e+00
4.8234252070099747911058e+00
4.8234163410512129743779e+00
4.8234067895692120941931e+00
4.8233975763043215323478e+00
4.8233880266487982879653e+00
4.8233785728536062720195e+00
4.8233700568960253818318e+00
4.8233617117275411345645e+00
4.8233543870617934246070e+00
4.8233465645805067012475e+00
4.8233385187694199913722e+00
4.8233305135990960366144e+00
4.8233225053169217488858e+00
4.8233147674062806231632e+00
4.8233069520521709705463e+00
4.8232995148344501856741e+00
4.8232914576098284697991e+00
4.8232818131557593233083e+00
4.8232710081541041446940e+00
4.8232608649294208547076e+00
4.8232530716992387809228e+00
4.8232452369308722595065e+00
4.8232383485935326206118e+00
4.8232315992240630819765e+00
4.8232230807608926781427e+00
4.8232132330841110956499e+00
4.8232040717104096572143e+00
4.8231965840100441411664e+00
4.8231899885549678330676e+00
4.8231833747246231069994e+00
4.8231752168583952311565e+00
4.8231670503310795083962e+00
4.8231598077815727165785e+00
4.8231513122382061453663e+00
4.8231416161009956766748e+00
4.8231316042283252087941e+00
4.8231228825621981215477e+00
4.8231151206868432268493e+00
4.8231086138054690692911e+00
4.8231019574189977205947e+00
4.8230947433703041937747e+00
4.8230878454767012186721e+00
4.8230806866561168888552e+00
4.8230722054267864962185e+00
4.8230648530271196250396e+00
4.8230573456101160090270e+00
4.8230504174291377594841e+00
4.8230420418034007923325e+00
4.8230339386571881021837e+00
4.8230243268755721430807e+00
4.8230163434230295393945e+00
4.8230077490758285208017e+00
4.8230000085063347015080e+00
4.8229927549607927161901e+00
4.8229851431923789206735e+00
4.8229783059742024065031e+00
4.8229722221944770765845e+00
4.8229661138345027993068e+00
4.8229602749118898330494e+00
4.8229543643128209851056e+00
4.8229477831320375358359e+00
4.8229408562108950775382e+00
4.8229327091585876274848e+00
4.8229244163038726966874e+00
4.8229164235633987800611e+00
4.8229083206102920655667e+00
4.8229006906789733122309e+00
4.8228934929106026530121e+00
4.8228857625721488489035e+00
4.8228785939776761537701e+00
4.8228716735354479894227e+00
4.8228645948411310584447e+00
4.8228573956455882409955e+00
4.8228506306031997397099e+00
4.8228435942429861427172e+00
4.8228368749040786411797e+00
4.8228293355811686637935e+00
4.8228215189603060863988e+00
4.8228134831464695153613e+00
4.8228055015075925737733e+00
4.8227988593461041944011e+00
4.8227924729352604771293e+00
4.8227863405580331246369e+00
4.8227803446587200753015e+00
4.8227728534036700125398e+00
4.8227649821905451688053e+00
4.8227563722070723173374e+00
4.8227467975285991386158e+00
4.8227352569846155816435e+00
4.8227232853271910784088e+00
4.8227110341223733414040e+00
4.8226996393934147278060e+00
4.8226910832894072100885e+00
4.8226834949774781691190e+00
4.8226758824415503212890e+00
4.8226683854128076234247e+00
4.8226604711798044533566e+00
4.8226511096441013748404e+00
4.8226412036967056806702e+00
4.8226309711824590920060e+00
4.8226209211950274990954e+00
4.8226117007447379947394e+00
4.8226030894304070528733e+00
4.8225954142775204758209e+00
4.8225882112361722064975e+00
4.8225806047297128387186e+00
4.8225720682627661872743e+00
4.8225636751511888888899e+00
4.8225523157585756806043e+00
4.8225407836746612133538e+00
4.8225321929314324265192e+00
4.8225259028373486103192e+00
4.8225196015982936259547e+00
4.8225135339120432931281e+00
4.8225070612603584407907e+00
4.8225008816534078448512e+00
4.8224943475176234031210e+00
4.8224880161230565533970e+00
4.8224809601631575262104e+00
4.8224743941510217482005e+00
4.8224687359104221329176e+00
4.8224625513561667489171e+00
4.8224557088798594151058e+00
4.8224472651610090778718e+00
4.8224399759923102237735e+00
4.8224333364125113732257e+00
4.8224268175433406824482e+00
4.8224212587055861334306e+00
4.8224158414214102208462e+00
4.8224103023128481737558e+00
4.8224032633443423279118e+00
4.8223968710356199807165e+00
4.8223891857086007561861e+00
4.8223827677695760840493e+00
4.8223770129724687905082e+00
4.8223706934266816759305e+00
4.8223639152987765044145e+00
4.8223578812016993921929e+00
4.8223512423215026956314e+00
4.8223445741059585145649e+00
4.8223390386447517741431e+00
4.8223327712654961985095e+00
4.8223263464443339998411e+00
4.8223192051366297050663e+00
4.8223131016206846055638e+00
4.8223078580867744236116e+00
4.8223023621375231684283e+00
4.8222965731538520728350e+00
4.8222910725112821950233e+00
4.8222856003889953413477e+00
4.8222799780522924706361e+00
4.8222735539673973192976e+00
4.8222673694271369626563e+00
4.8222602829158631720929e+00
4.8222529607251436445381e+00
4.8222451943709963018136e+00
4.8222370917573291748681e+00
4.8222296039774041886972e+00
4.8222225430963057135614e+00
4.8222160985926523224521e+00
4.8222105170051330347292e+00
4.8222045130276685043214e+00
4.8221987351004669264398e+00
4.8221916447838797381564e+00
4.8221855031161320326305e+00
4.8221796440756197199562e+00
4.8221735846037896422445e+00
4.8221666817759922807340e+00
4.8221604816387406700073e+00
4.8221541353309360644630e+00
4.8221471988420239185302e+00
4.8221410238429127659288e+00
4.8221342361782371099821e+00
4.8221271520837536428417e+00
4.8221199796218590094554e+00
4.8221139473899672367452e+00
4.8221077673458685453056e+00
4.8221015353252383306426e+00
4.8220950926103753886309e+00
4.8220895570658468543002e+00
4.8220845745860643205560e+00
4.8220795126272406605494e+00
4.8220737136648574860942e+00
4.8220682384865742875490e+00
4.8220625574755189290954e+00
4.8220561550692782049055e+00
4.8220507255328239892833e+00
4.8220452009625489608879e+00
4.8220395148809611640672e+00
4.8220336863497985646632e+00
4.8220283392082903262121e+00
4.8220234523034850582235e+00
4.8220191134691834378145e+00
4.8220144683470964608318e+00
4.8220098066730852082173e+00
4.8220047939552097560068e+00
4.8219992348217486366480e+00
4.8219932495077326706223e+00
4.8219872242853369925797e+00
4.8219816520931528813776e+00
4.8219761860747327730792e+00
4.8219711518649219783583e+00
4.8219656275872351258727e+00
4.8219602694370173878724e+00
4.8219545642915973004961e+00
4.8219487832270298000026e+00
4.8219432581908634460888e+00
4.8219381404958694403717e+00
4.8219334955645267726254e+00
4.8219283688414842359293e+00
4.8219228178693214204031e+00
4.8219174770087418480102e+00
4.8219124141423312934762e+00
4.8219069131036897957188e+00
4.8219018283222325749193e+00
4.8218961457968285699849e+00
4.8218909900261719414516e+00
4.8218862070834056510193e+00
4.8218815025460282086556e+00
4.8218766197614355561996e+00
4.8218716239712584581412e+00
4.8218661191012861522154e+00
4.8218599906187220582865e+00
4.8218549982648779561600e+00
4.8218506692159621707106e+00
4.8218465141095938619742e+00
4.8218424377837854066797e+00
4.8218381986071152667250e+00
4.8218344645884307908545e+00
4.8218305189925088072300e+00
4.8218263601710606991446e+00
4.8218220931777260318540e+00
4.8218176722850980553403e+00
4.8218130024261549593234e+00
4.8218079446542736476999e+00
4.8218030650802701231328e+00
4.8217977505241940150427e+00
4.8217934412848455494327e+00
4.8217890132598562047406e+00
4.8217839007873584122876e+00
4.8217790512046629913812e+00
4.8217742273478032544176e+00
4.8217696856493974522095e+00
4.8217651866633906010406e+00
4.8217605638738429973955e+00
4.8217563273565318127112e+00
4.8217514575570534773874e+00
4.8217469158396450978898e+00
4.8217427760773112765946e+00
4.8217388216828673819236e+00
4.8217346196179429185236e+00
4.8217297234753546675279e+00
4.8217248494124325119969e+00
4.8217202813635244851298e+00
4.8217158997500408901260e+00
4.8217112055227531186574e+00
4.8217064217646088408742e+00
4.8217007101240030308986e+00
4.8216959552012426115652e+00
4.8216905904349953715382e+00
4.8216857577331992956715e+00
4.8216804876744472352357e+00
4.8216758901635632383886e+00
4.8216717541074665120959e+00
4.8216675874671750534617e+00
4.8216634396966933095996e+00
4.8216596120867638575191e+00
4.8216555719334550644817e+00
4.8216513490370989103440e+00
4.8216475074233855480088e+00
4.8216442081732404645322e+00
4.8216412036841438393253e+00
4.8216383226463674915863e+00
4.8216351208324823574003e+00
4.8216314595307041557248e+00
4.8216274638426179777184e+00
4.8216228882044918080396e+00
4.8216184417339578160977e+00
4.8216139283987686781074e+00
4.8216103338456441917970e+00
4.8216068507618672356330e+00
4.8216031983231086854857e+00
4.8215991797664115026123e+00
4.8215950325817171773224e+00
4.8215915315324222589766e+00
4.8215877005345353367716e+00
4.8215843288670265920359e+00
4.8215811130865873224138e+00
4.8215775818614687864283e+00
4.8215739059757591888911e+00
4.8215704844233870929315e+00
4.8215669655128134962752e+00
4.8215632806881902894247e+00
4.8215597444096838231076e+00
4.8215570075028919561078e+00
4.8215539890699954383990e+00
4.8215505467937358474728e+00
4.8215460710175594982729e+00
4.8215416925408565163025e+00
4.8215374746698484997864e+00
4.8215338995742067496053e+00
4.8215300309646407228570e+00
4.8215265784578731356191e+00
4.8215235214571121602489e+00
4.8215206295326034080517e+00
4.8215175838915280692731e+00
4.8215138607737975107170e+00
4.8215109594465594966550e+00
4.8215080911745049618844e+00
4.8215052810226506352365e+00
4.8215023552286533359279e+00
4.8214993842178515137675e+00
4.8214961859176304059815e+00
4.8214925993799733205947e+00
4.8214890744070810768562e+00
4.8214858146234211844217e+00
4.8214820693361728487503e+00
4.8214786080136997625800e+00
4.8214750248154043532622e+00
4.8214712952605278672991e+00
4.8214673597342949662448e+00
4.8214638553241755403178e+00
4.8214607722927338429031e+00
4.8214574452445440044812e+00
4.8214535337465003195234e+00
4.8214487217682959752096e+00
4.8214443133605060509694e+00
4.8214403375329846213049e+00
4.8214361874793700835085e+00
4.8214321619600246648929e+00
4.8214273879859828042527e+00
4.8214229307351956776984e+00
4.8214194132968071215828e+00
4.8214162323701303947132e+00
4.8214127237428003880382e+00
4.8214089146702070465267e+00
4.8214047761909615275044e+00
4.8214005527177414833773e+00
4.8213961502518838386777e+00
4.8213916176108737587924e+00
4.8213876785747409314808e+00
4.8213836188595156073688e+00
4.8213797804829363613521e+00
4.8213757314297644995804e+00
4.8213712361906120307253e+00
4.8213663965650539466878e+00
4.8213611896175025961497e+00
4.8213556760426747871406e+00
4.8213494492968660409815e+00
4.8213447099508988102912e+00
4.8213405109928251235374e+00
4.8213356789309891325956e+00
4.8213317816040337504546e+00
4.8213282965051611483887e+00
4.8213243553053457546298e+00
4.8213204353128391588257e+00
4.8213169530433459541996e+00
4.8213132453412894662392e+00
4.8213097524987587050305e+00
4.8213061347882053553349e+00
4.8213021487531912967484e+00
4.8212979871498555795029e+00
4.8212944623193019211271e+00
4.8212911411519625559663e+00
4.8212875852427972134251e+00
4.8212841551525453809290e+00
4.8212808437356349244851e+00
4.8212778143698136190665e+00
4.8212745072951621594370e+00
4.8212713783632121788969e+00
4.8212679748730433715309e+00
4.8212638656085751165392e+00
4.8212595974842082924283e+00
4.8212557790209631392031e+00
4.8212516218994716510338e+00
4.8212471977147570711963e+00
4.8212432537164975343558e+00
4.8212392297090200798948e+00
4.8212351906887889185782e+00
4.8212317813541201161343e+00
4.8212280062580221695612e+00
4.8212241749923014921819e+00
4.8212201988195166890705e+00
4.8212150083146383394705e+00
4.8212097090656822473420e+00
4.8212046083738604451696e+00
4.8212002393801682842422e+00
4.8211960924610295364801e+00
4.8211907771022834978680e+00
4.8211849978688388063119e+00
4.8211780420103114153108e+00
4.8211714235206564183045e+00
4.8211648034342111657224e+00
4.8211587367677228854745e+00
4.8211538423115127827145e+00
4.8211497736348238873916e+00
4.8211460415595270845301e+00
4.8211423889148790067338e+00
4.8211378452016147022618e+00
4.8211338067015887531852e+00
4.8211298970824421061820e+00
4.8211248470346408367959e+00
4.8211192318089004515969e+00
4.8211141804049759684858e+00
4.8211070486043823279942e+00
4.8210988140406589863574e+00
4.8210919642532976681082e+00
4.8210867683112317294558e+00
4.8210816233448268164352e+00
4.8210763273784644766806e+00
4.8210708782463811417074e+00
4.8210656492256021010689e+00
4.8210595826948674513801e+00
4.8210552757340803253783e+00
4.8210509686679436924805e+00
4.8210459352869232674266e+00
4.8210404508512807453258e+00
4.8210350076860564172421e+00
4.8210300117048277002141e+00
4.8210249114934571323943e+00
4.8210193075647387317417e+00
4.8210143591473242352663e+00
4.8210102890926904706248e+00
4.8210063140356540500875e+00
4.8210029581766162820600e+00
4.8209995719313214479484e+00
4.8209959796879005011760e+00
4.8209921808961588851616e+00
4.8209870708210216250222e+00
4.8209806978419988965356e+00
4.8209742496464098593378e+00
4.8209670446695191969866e+00
4.8209603097681590355705e+00
4.8209543419655904727961e+00
4.8209493978723640950079e+00
4.8209454161431812835303e+00
4.8209416859195473037403e+00
4.8209378652137315768300e+00
4.8209340236684630198738e+00
4.8209295354606060968194e+00
4.8209251388990752573704e+00
4.8209209656004317068323e+00
4.8209166747410554521025e+00
4.8209123099243997856433e+00
4.8209086217413918973307e+00
4.8209044626455073156990e+00
4.8208998013988431097232e+00
4.8208953970673924516177e+00
4.8208916640758783245246e+00
4.8208884630807569138256e+00
4.8208852300999156526018e+00
4.8208812187432066309611e+00
4.8208772145856739754777e+00
4.8208731503719484123849e+00
4.8208680384576503286098e+00
4.8208629895896475403561e+00
4.8208585813486948268292e+00
4.8208541841051184562161e+00
4.8208504091108723699222e+00
4.8208464510425779181446e+00
4.8208422961427244146648e+00
4.8208387955983464934206e+00
4.8208352788769675001390e+00
4.8208309057688278898013e+00
4.8208270107840114349074e+00
4.8208239031152180231743e+00
4.8208203622283551936789e+00
4.8208172490380301056234e+00
4.8208137996441084993648e+00
4.8208099302137847885774e+00
4.8208063011960744503881e+00
4.8208030169384716856484e+00
4.8207994650629375499307e+00
4.8207965523558060638720e+00
4.8207936448169572685174e+00
4.8207907397836615714937e+00
4.8207876107236469209738e+00
4.8207848810119005023012e+00
4.8207820894583841564440e+00
4.8207788477258564086014e+00
4.8207751258668896099380e+00
4.8207719280058851651916e+00
4.8207687531533629510250e+00
4.8207655940539568817371e+00
4.8207627424831747120493e+00
4.8207586248036928822103e+00
4.8207551546583307100491e+00
4.8207510083252120836050e+00
4.8207456173972662583083e+00
4.8207416811463632555501e+00
4.8207365001743092136621e+00
4.8207306005656844760665e+00
4.8207262903255188035700e+00
4.8207221009244509701830e+00
4.8207177079797753904700e+00
4.8207134656195478328300e+00
4.8207093058278678299189e+00
4.8207056784662727366708e+00
4.8207021013824782329493e+00
4.8206987092299673491880e+00
4.8206954886979342944642e+00
4.8206921693944133622267e+00
4.8206889329314241976476e+00
4.8206855587566339593764e+00
4.8206821800012757961440e+00
4.8206787805397048884970e+00
4.8206753275213714005076e+00
4.8206722822385064119999e+00
4.8206691657682432250454e+00
4.8206657874789984319364e+00
4.8206625667127598333650e+00
4.8206598794664854423786e+00
4.8206568922240196073403e+00
4.8206534091762422988836e+00
4.8206494543978912759030e+00
4.8206431769995008451701e+00
4.8206345114041093680157e+00
4.8206275629841996988034e+00
4.8206207919406924844452e+00
4.8206149078150799525133e+00
4.8206101734285446980266e+00
4.8206053812951896730965e+00
4.8206017605825346450388e+00
4.8205988894011921885863e+00
4.8205955782921847685429e+00
4.8205923377979074118116e+00
4.8205885061000657287877e+00
4.8205852633131263118571e+00
4.8205820763693454367171e+00
4.8205789518521457992506e+00
4.8205761438577860999999e+00
4.8205728883332250589433e+00
4.8205693458851257560127e+00
4.8205653244985580130333e+00
4.8205614235070743944789e+00
4.8205578560104278551535e+00
4.8205545067090023181322e+00
4.8205511073694875534557e+00
4.8205474166449970852000e+00
4.8205439194647468070798e+00
4.8205402700681414529527e+00
4.8205360965470935852295e+00
4.8205325213992233912563e+00
4.8205287688299982562512e+00
4.8205243539853315226651e+00
4.8205193356379130165124e+00
4.8205145789296324210227e+00
4.8205104108884260227796e+00
4.8205069493911647526829e+00
4.8205029623807140737313e+00
4.8204990347104272885304e+00
4.8204958809385036744288e+00
4.8204917779766027763344e+00
4.8204884310560016658087e+00
4.8204854315417779986319e+00
4.8204825474896235704136e+00
4.8204797200205993235045e+00
4.8204763161745285415805e+00
4.8204726484697690835901e+00
4.8204688224298566368020e+00
4.8204650782706304212866e+00
4.8204614188873442515160e+00
4.8204574777684650044307e+00
4.8204533850257647031867e+00
4.8204493816749600654248e+00
4.8204460227466512378669e+00
4.8204426028568763129556e+00
4.8204389425905604937839e+00
4.8204351072691249413538e+00
4.8204317608416191731635e+00
4.8204286228074515463504e+00
4.8204258628381833062804e+00
4.8204226571871764406296e+00
4.8204194632546659704531e+00
4.8204164132824853794546e+00
4.8204131531666245535916e+00
4.8204090997762127912551e+00
4.8204051016876663382504e+00
4.8204007699568656164502e+00
4.8203966221745755404982e+00
4.8203928044690220744428e+00
4.8203895558269982402066e+00
4.8203865887924139954634e+00
4.8203834590041383378889e+00
4.8203804376268246656423e+00
4.8203773007431793828914e+00
4.8203744096408449593127e+00
4.8203712877266324809966e+00
4.8203677058469622807024e+00
4.8203639532430369030180e+00
4.8203599582766036846238e+00
4.8203563136730345206615e+00
4.8203531671981183492903e+00
4.8203497803804848942377e+00
4.8203463877604608711636e+00
4.8203433588262463160845e+00
4.8203404172582784426027e+00
4.8203365095469772327874e+00
4.8203324406392926704257e+00
4.8203289384624614655195e+00
4.8203256155760074719296e+00
4.8203227195380753400400e+00
4.8203191588798315336817e+00
4.8203151705296392037781e+00
4.8203108502639429033820e+00
4.8203059963267644860707e+00
4.8203019632454005005684e+00
4.8202974294052243209308e+00
4.8202931483594291250938e+00
4.8202897896808192257367e+00
4.8202861896294422194842e+00
4.8202826632082853564043e+00
4.8202790143610574347122e+00
4.8202749769035344584722e+00
4.8202718038465777183887e+00
4.8202677881014492911049e+00
4.8202646770492485472914e+00
4.8202614158844951930405e+00
4.8202583504330780428404e+00
4.8202550159063894952283e+00
4.8202511452821727999662e+00
4.8202471684513596983379e+00
4.8202431049822402897576e+00
4.8202388583784188114123e+00
4.8202341250502911407239e+00
4.8202302161310965900043e+00
4.8202267317133307145127e+00
4.8202234896470796954304e+00
4.8202203284752922485268e+00
4.8202169105769137047446e+00
4.8202135729877317871228e+00
4.8202098533572383942669e+00
4.8202057835048028877623e+00
4.8202018455198372137716e+00
4.8201979421397842529018e+00
4.8201944008790000850695e+00
4.8201909672413165708349e+00
4.8201878424169981585123e+00
4.8201843355075668640097e+00
4.8201809553632930516187e+00
4.8201772101299535933094e+00
4.8201740902234622154765e+00
4.8201705548510185295186e+00
4.8201671114136157569874e+00
4.8201639458857838960171e+00
4.8201613184177851678669e+00
4.8201580648460184974624e+00
4.8201551259359591838916e+00
4.8201523866435467269298e+00
4.8201492909332621650265e+00
4.8201463445434562515857e+00
4.8201431049309118037627e+00
4.8201397249113755449912e+00
4.8201364331008003105694e+00
4.8201333329928592874580e+00
4.8201297215902805248788e+00
4.8201265498851464386121e+00
4.8201233970659123073688e+00
4.8201201820113306339977e+00
4.8201167654817194119232e+00
4.8201130340660069961700e+00
4.8201099804400477921718e+00
4.8201074050615471122683e+00
4.8201048282338172512596e+00
4.8201023745897977335062e+00
4.8200999230130836537001e+00
4.8200972571082028039768e+00
4.8200945002224102609034e+00
4.8200922299301733886523e+00
4.8200897098817607755450e+00
4.8200873623879303409012e+00
4.8200847604411425351145e+00
4.8200818526842521549725e+00
4.8200788174671256314241e+00
4.8200757687637301174277e+00
4.8200726955949866336937e+00
4.8200693610821438994662e+00
4.8200663933614267264716e+00
4.8200635764623012136099e+00
4.8200607248216478240010e+00
4.8200578673902096937809e+00
4.8200545367318499145881e+00
4.8200514598156489753933e+00
4.8200482856442476986558e+00
4.8200452742552544194155e+00
4.8200425997989029269775e+00
4.8200399461491887365128e+00
4.8200367790714073734648e+00
4.8200337208806356414925e+00
4.8200311404534605941308e+00
4.8200282298725252161375e+00
4.8200249863835109565002e+00
4.8200214531992147115602e+00
4.8200187742831506199082e+00
4.8200152673654796942060e+00
4.8200112880292715900055e+00
4.8200076658271475693596e+00
4.8200046215100487145833e+00
4.8200015504677296007685e+00
4.8199985939577789650912e+00
4.8199957082172364408734e+00
4.8199926667013004433215e+00
4.8199893535403388611371e+00
4.8199865615229349202764e+00
4.8199838864008430761032e+00
4.8199807232545355262232e+00
4.8199773934286334053922e+00
4.8199742998172183661154e+00
4.8199716534192642569678e+00
4.8199690383206146293560e+00
4.8199663562384005288664e+00
4.8199639147262818283934e+00
4.8199612510714660018607e+00
4.8199583079668180118915e+00
4.8199553663316603291378e+00
4.8199524235751693979068e+00
4.8199487684768547168801e+00
4.8199448145290686440489e+00
4.8199412957907865617813e+00
4.8199382861180701809189e+00
4.8199349251692291673521e+00
4.8199317506709835612355e+00
4.8199286391827378395192e+00
4.8199256054153183370659e+00
4.8199228052973204228238e+00
4.8199197037608714211387e+00
4.8199167513194733913906e+00
4.8199139004103850325578e+00
4.8199112326603357203680e+00
4.8199082469944762863179e+00
4.8199054361898525655761e+00
4.8199024478027343576514e+00
4.8198997296887622354689e+00
4.8198968895501410614202e+00
4.8198943153897397806418e+00
4.8198917251315798182532e+00
4.8198891797260294822536e+00
4.8198858632317929107103e+00
4.8198816898610310488493e+00
4.8198765781430861210310e+00
4.8198716826889009823276e+00
4.8198659853252365792287e+00
4.8198605462180443836928e+00
4.8198569561552488949019e+00
4.8198541380500818931409e+00
4.8198516469107115511861e+00
4.8198492021997374479270e+00
4.8198469210167749210427e+00
4.8198447385047922253420e+00
4.8198425127506014931100e+00
4.8198401320488235555217e+00
4.8198376399698332761545e+00
4.8198353158283318009580e+00
4.8198330511190246028264e+00
4.8198305672093999518779e+00
4.8198279308467260051430e+00
4.8198249047434149616720e+00
4.8198217799973370745192e+00
4.8198188366807741545017e+00
4.8198161118808098279942e+00
4.8198135237749957227038e+00
4.8198112357685110040961e+00
4.8198090500327843699324e+00
4.8198065387675352866381e+00
4.8198034981190698289311e+00
4.8198000121992956579220e+00
4.8197963695411214501974e+00
4.8197928316479252686122e+00
4.8197897305027064263072e+00
4.8197869783535134402541e+00
4.8197844240844700536286e+00
4.8197820964315321035087e+00
4.8197797796516024249058e+00
4.8197776685149742448289e+00
4.8197755321273714201880e+00
4.8197731492738649095031e+00
4.8197704119765205632575e+00
4.8197674385799542662312e+00
4.8197647876116418430570e+00
4.8197620392586566495652e+00
4.8197594605329019401552e+00
4.8197569158412720824458e+00
4.8197532680782559921795e+00
4.8197498620483605336062e+00
4.8197459016278703103353e+00
4.8197423369820899807792e+00
4.8197392484047378857781e+00
4.8197354516857382478179e+00
4.8197324242457453280508e+00
4.8197286196257813628563e+00
4.8197248614023280310903e+00
4.8197223130471247287687e+00
4.8197193900497596885657e+00
4.8197166351918996340942e+00
4.8197133691665339227939e+00
4.8197098980334223128352e+00
4.8197061469656752308310e+00
4.8197011376155183270953e+00
4.8196962187874730076942e+00
4.8196920176510911204559e+00
4.8196872671963504330961e+00
4.8196830655381033281515e+00
4.8196788014153195689460e+00
4.8196749745721962909784e+00
4.8196714962085680511450e+00
4.8196681819426530068995e+00
4.8196640872923781628856e+00
4.8196600035116459181950e+00
4.8196563811527060039452e+00
4.8196527387714089840642e+00
4.8196487404867980330891e+00
4.8196450561089037023521e+00
4.8196415326602171091963e+00
4.8196380829323564043420e+00
4.8196347880903642746375e+00
4.8196317406175710473804e+00
4.8196285569249024405281e+00
4.8196253467777170342856e+00
4.8196224485631518064110e+00
4.8196198568715091781200e+00
4.8196170678078162907809e+00
4.8196145068629343555244e+00
4.8196115330420852274074e+00
4.8196085484384827424265e+00
4.8196052041443779856422e+00
4.8196014480641409249984e+00
4.8195972819027801392622e+00
4.8195929439787121850713e+00
4.8195890427107519471406e+00
4.8195857043750507386903e+00
4.8195826500994707330960e+00
4.8195790615844309456861e+00
4.8195758558906760526952e+00
4.8195728499161312186061e+00
4.8195699019592721512595e+00
4.8195675449907993126430e+00
4.8195648544368614452083e+00
4.8195625436394271545737e+00
4.8195601211804799390848e+00
4.8195578931728482174890e+00
4.8195555901535991338847e+00
4.8195530184287846964253e+00
4.8195503506598340592859e+00
4.8195475719122162772123e+00
4.8195444843651316091382e+00
4.8195418884662553082876e+00
4.8195390729715450461867e+00
4.8195364920537189235006e+00
4.8195339034310498149694e+00
4.8195312603467392875700e+00
4.8195285836616914565411e+00
4.8195257894918155372466e+00
4.8195228233741058687656e+00
4.8195193920416645738669e+00
4.8195160711623330485054e+00
4.8195130087012758579590e+00
4.8195098353703427207506e+00
4.8195066673944664259466e+00
4.8195037216583669348324e+00
4.8195012278602344935052e+00
4.8194987225491114912757e+00
4.8194963632879153081490e+00
4.8194939112075063647467e+00
4.8194913358909312606215e+00
4.8194889105976823628907e+00
4.8194866436582657343024e+00
4.8194840024621976581898e+00
4.8194813861912200181337e+00
4.8194788789280442742324e+00
4.8194763766448973640877e+00
4.8194738702832298216094e+00
4.8194711908834664271239e+00
4.8194681719949361564659e+00
4.8194645069264820946842e+00
4.8194608619935852544813e+00
4.8194564334406297945179e+00
4.8194531868849326272652e+00
4.8194499482604316042966e+00
4.8194473909259523125570e+00
4.8194450035145441901818e+00
4.8194423217669646319905e+00
4.8194392382432287291749e+00
4.8194357417893458617186e+00
4.8194327217910073457574e+00
4.8194296325002943248705e+00
4.8194257775104833996238e+00
4.8194225211564338806625e+00
4.8194187714635079444747e+00
4.8194146237217507788841e+00
4.8194111232921299503573e+00
4.8194077738758931417351e+00
4.8194045052977916299142e+00
4.8194012632074345603428e+00
4.8193980815532384553990e+00
4.8193946883833147509790e+00
4.8193912291139930914596e+00
4.8193879917061481776841e+00
4.8193848263699372580504e+00
4.8193819239182627001128e+00
4.8193789994140985299964e+00
4.8193762612407358147948e+00
4.8193732584204642677150e+00
4.8193704196675195561284e+00
4.8193676001510041828624e+00
4.8193647626733264743848e+00
4.8193621032220503863641e+00
4.8193591361568985931285e+00
4.8193561588037141518726e+00
4.8193535779953107223150e+00
4.8193508524839714368682e+00
4.8193478751481038102611e+00
4.8193442147708074330126e+00
4.8193400105298218605299e+00
4.8193353512092658164079e+00
4.8193316867066036124356e+00
4.8193278770026823920603e+00
4.8193250770916309377867e+00
4.8193227582429551958398e+00
4.8193203272841458328912e+00
4.8193184189154996133198e+00
4.8193161369720050046794e+00
4.8193138476278569726219e+00
4.8193114157972223310367e+00
4.8193092253428080340427e+00
4.8193067381151086792102e+00
4.8193046600918316713091e+00
4.8193027243942010429123e+00
4.8193008606079761335650e+00
4.8192984990142075929498e+00
4.8192961250995027810973e+00
4.8192933096934593706351e+00
4.8192899221019933619914e+00
4.8192870753596501742777e+00
4.8192844153370399951086e+00
4.8192819206713872759451e+00
4.8192793208572561880487e+00
4.8192764494755300219708e+00
4.8192731903088503742083e+00
4.8192701850909545058244e+00
4.8192668898837993651796e+00
4.8192633402899334171821e+00
4.8192598017938985677233e+00
4.8192566849566320641429e+00
4.8192538447120272238067e+00
4.8192510923781552989453e+00
4.8192483163989301431229e+00
4.8192454806161357794281e+00
4.8192429208852241018235e+00
4.8192406005440497906989e+00
4.8192384615359582511473e+00
4.8192364968948329106979e+00
4.8192342732728770116069e+00
4.8192321649408933481595e+00
4.8192300224589157409127e+00
4.8192277795327660427915e+00
4.8192253109904061858515e+00
4.8192220716534137636700e+00
4.8192184600802585592305e+00
4.8192148489890884732745e+00
4.8192118719436738416562e+00
4.8192087922270792077484e+00
4.8192045527346829558724e+00
4.8192015838174011577166e+00
4.8191988667011997904410e+00
4.8191960899934578321790e+00
4.8191932154605581217766e+00
4.8191904100413980316375e+00
4.8191876343450150699255e+00
4.8191848986045240366138e+00
4.8191815070795218645117e+00
4.8191781354767444511822e+00
4.8191752216208785242202e+00
4.8191725560827780583395e+00
4.8191692590916064276030e+00
4.8191650333095967795316e+00
4.8191614794360111417859e+00
4.8191585255731874681828e+00
4.8191554302747983129507e+00
4.8191524844518411896388e+00
4.8191494895227258155046e+00
4.8191470578947050995566e+00
4.8191446753926596713313e+00
4.8191422830880181749080e+00
4.8191400741792858042345e+00
4.8191377343153662948794e+00
4.8191352777948397445584e+00
4.8191328639398003375049e+00
4.8191306758710670266055e+00
4.8191285449724805545202e+00
4.8191263269631043897334e+00
4.8191240759088893597095e+00
4.8191213900169307393639e+00
4.8191188655665007090079e+00
4.8191159306654069993670e+00
4.8191133320932504346956e+00
4.8191108061400260709206e+00
4.8191076594629054241636e+00
4.8191043667438213660148e+00
4.8191011269764869595633e+00
4.8190970986291299382742e+00
4.8190932403601829392414e+00
4.8190895062683836158612e+00
4.8190862711705344523239e+00
4.8190834369892403543645e+00
4.8190806419989211661914e+00
4.8190776529430365826556e+00
4.8190745414905489241164e+00
4.8190710905190501378570e+00
4.8190675735794981093818e+00
4.8190647525163319286889e+00
4.8190613205661927409551e+00
4.8190587815406589200506e+00
4.8190559245748056937941e+00
4.8190523059191585630856e+00
4.8190488221781961897250e+00
4.8190458108401932335596e+00
4.8190429655718132195830e+00
4.8190399510930959081634e+00
4.8190358382555711358464e+00
4.8190315055469215010930e+00
4.8190277659609650484640e+00
4.8190248773851509511701e+00
4.8190221829145896137447e+00
4.8190194174663805171122e+00
4.8190158950333890075512e+00
4.8190117759358468418895e+00
4.8190074532425057896035e+00
4.8190032590672027268397e+00
4.8189996823213885335235e+00
4.8189963248003691020926e+00
4.8189935684154177053529e+00
4.8189905573858933252041e+00
4.8189877492496711042236e+00
4.8189853291117277223066e+00
4.8189831527637148056442e+00
4.8189809938879815121027e+00
4.8189788078093043210970e+00
4.8189761961677790580438e+00
4.8189737073219731655627e+00
4.8189713128576769918254e+00
4.8189689175477674609738e+00
4.8189665909681753674931e+00
4.8189636545057998873176e+00
4.8189601534872235077955e+00
4.8189565137132985839230e+00
4.8189529110910793718858e+00
4.8189492484671010430475e+00
4.8189456294500336852593e+00
4.8189416820381527628570e+00
4.8189380999225219781579e+00
4.8189352338940141251555e+00
4.8189329443676447439771e+00
4.8189305543585492230818e+00
4.8189279279963175284252e+00
4.8189254547787339078013e+00
4.8189232053916128961646e+00
4.8189210458376514623069e+00
4.8189187676302651652804e+00
4.8189163470354197116308e+00
4.8189138672218625458754e+00
4.8189110084684294577073e+00
4.8189082884606673218286e+00
4.8189046949678839837361e+00
4.8189006614815896867299e+00
4.8188971948544416790128e+00
4.8188940171901801790000e+00
4.8188907571379759886554e+00
4.8188878076478580680941e+00
4.8188849090378731432338e+00
4.8188821944108344297319e+00
4.8188795001789621608168e+00
4.8188770052865823600996e+00
4.8188746984670869366596e+00
4.8188723759363325527261e+00
4.8188698070720530353128e+00
4.8188673053347210739616e+00
4.8188651282405485787308e+00
4.8188627879461201075628e+00
4.8188602342767605790641e+00
4.8188575025106166194178e+00
4.8188549779588987220791e+00
4.8188526278451373485723e+00
4.8188502500903327430137e+00
4.8188475629670044497743e+00
4.8188453217133693229357e+00
4.8188429741671292561023e+00
4.8188405978903521287293e+00
4.8188379275215948993605e+00
4.8188345136689214598391e+00
4.8188316644360620344401e+00
4.8188291789648518559375e+00
4.8188266658023231059360e+00
4.8188243576944680413021e+00
4.8188221854577619751581e+00
4.8188201012478826257279e+00
4.8188182088463600294403e+00
4.8188159873149833956063e+00
4.8188139522334179076779e+00
4.8188121334882554336332e+00
4.8188101621158034859604e+00
4.8188082280721165062687e+00
4.8188060126622609402602e+00
4.8188036066340167451472e+00
4.8188013658685342477384e+00
4.8187992230288401174221e+00
4.8187967909638818042595e+00
4.8187936764807135503474e+00
4.8187903132366480818405e+00
4.8187874818124170062106e+00
4.8187848724989041926392e+00
4.8187821010850280245563e+00
4.8187784433540068462776e+00
4.8187738473647989678739e+00
4.8187692968851303376709e+00
4.8187647804543969343172e+00
4.8187606033904986091443e+00
4.8187569375863299470097e+00
4.8187534262463662670939e+00
4.8187500350337142407398e+00
4.8187471903448795274016e+00
4.8187444988307497339974e+00
4.8187417312327429641527e+00
4.8187396284152006487034e+00
4.8187374219413117160116e+00
4.8187353538163142374628e+00
4.8187330137160042653477e+00
4.8187306404054881525667e+00
4.8187284745598875090877e+00
4.8187264468919135396163e+00
4.8187238317079650329333e+00
4.8187206082930060802028e+00
4.8187162458680097287811e+00
4.8187121683658302728759e+00
4.8187078920523394032216e+00
4.8187043963059368323343e+00
4.8187010138016272975392e+00
4.8186985215725073317117e+00
4.8186959177584673952310e+00
4.8186934071288041181447e+00
4.8186907613556098084473e+00
4.8186881101445875330569e+00
4.8186854685021991429039e+00
4.8186824817936537712626e+00
4.8186798461041613350631e+00
4.8186772559042951868946e+00
4.8186743719481528458459e+00
4.8186719252849616879075e+00
4.8186686672377323503724e+00
4.8186651723159679150399e+00
4.8186617487118885705399e+00
4.8186577537692718564699e+00
4.8186535139772663782765e+00
4.8186493569247428325752e+00
4.8186459052169130501397e+00
4.8186426559367498967390e+00
4.8186394593104848738108e+00
4.8186364646542640954863e+00
4.8186334590891748419494e+00
4.8186304465369822480625e+00
4.8186274737798964196145e+00
4.8186247502670829234717e+00
4.8186222838216723474147e+00
4.8186200936649834503100e+00
4.8186180147902941683924e+00
4.8186155742250411648797e+00
4.8186130696539244411269e+00
4.8186104322430507451713e+00
4.8186076944222877571633e+00
4.8186047307623773860996e+00
4.8186014283822871107077e+00
4.8185975130453924109020e+00
4.8185940823378627939633e+00
4.8185908776178862922279e+00
4.8185881779619084142041e+00
4.8185851286538810001048e+00
4.8185819828712279644378e+00
4.8185777896412043119767e+00
4.8185747707047319465801e+00
4.8185720011587207523007e+00
4.8185697240592562096140e+00
4.8185673419656351867957e+00
4.8185649615823633595824e+00
4.8185626303704900408320e+00
4.8185601228253194250328e+00
4.8185574930051933151276e+00
4.8185548209916078121751e+00
4.8185518430498897046732e+00
4.8185484524375823411901e+00
