1.2566370614177382013243e-03
2.6637381464732077162791e-04
1.7292393554439947490724e-04
1.9506815789709712710524e-04
3.2798129353663983546249e-05
1.3707292368327869984054e-04
1.1693676264887365936910e-06
7.9117775810620493250405e-05
2.4516451709109057053985e-06
3.7554060024092528159104e-05
7.7127891364464232708915e-06
1.4226219967583587447672e-05
9.2674477539880727150999e-06
3.8706983564875627754423e-06
7.6245651531408386377027e-06
5.1672355842525826453033e-07
4.9387871180057226700778e-06
1.7439401363567151288164e-08
2.6147654476932465538103e-06
2.4244073896616688330822e-07
1.1370318260891975631767e-06
4.1885969598600901643779e-07
3.8422932082342779515439e-07
4.0886408456028912154428e-07
9.3295682036247572231238e-08
3.0460085921533706385808e-07
2.3059334802778670806844e-08
1.8495977935666355344850e-07
1.7858976099830317428818e-08
9.6518635403713285056450e-08
4.0699561611550974771422e-08
4.9350900642618271904921e-08
3.2029771326911802917920e-08
2.2135217058555260955476e-08
4.0306819204150474825389e-08
2.4826259903604481098775e-08
2.5807871074534886329974e-08
1.1585103093395469657696e-08
2.8601741131704756363600e-08
2.6090286424487341342049e-08
1.9294818746501174260828e-08
1.2822609868870392517208e-08
2.4443105207424898598434e-08
2.7454881886449021736441e-08
1.8369626340235302496125e-08
1.3334247913719252123495e-08
2.4423168636847075243932e-08
2.7854423164919066782070e-08
1.9330976170075522285062e-08
1.3737610244486157304079e-08
2.5198221616274453845481e-08
2.8298399246586925798434e-08
2.0278894269494876220512e-08
1.3900787399041941144249e-08
2.6517676355414292352496e-08
2.9454709836001098759136e-08
2.1277758584048172108639e-08
1.4469508288133962057816e-08
2.6507988632802850927861e-08
2.9863878019643656315409e-08
2.2863052070983469643597e-08
