3.3184129158446822316364e+01
3.3184129158446829421791e+01
3.3184129158446829421791e+01
3.3184129158446822316364e+01
3.3184129158446829421791e+01
3.3184129158446822316364e+01
3.3184129158446822316364e+01
3.3184129158446829421791e+01
3.3184129158446822316364e+01
3.3184129158446829421791e+01
3.3184129158446829421791e+01
3.3184129158446829421791e+01
3.3184129158446829421791e+01
3.3184129158446822316364e+01
3.3184129158446822316364e+01
3.3184129158446822316364e+01
3.3184129158446822316364e+01
3.3184129158446822316364e+01
3.3184129158446822316364e+01
3.3184129158446822316364e+01
3.3184129158446829421791e+01
3.3184129158446822316364e+01
3.3184129158446829421791e+01
3.3184129158446829421791e+01
3.3184129158446829421791e+01
3.3184129158446822316364e+01
3.3184129158446822316364e+01
3.3184129158446822316364e+01
3.3184129158446751262090e+01
3.3184129158445088592089e+01
3.3184129158422159378006e+01
3.3184129158219235478100e+01
3.3184129156727891540868e+01
3.3184129148557758526294e+01
3.3184129105441826368406e+01
3.3184128943390071242447e+01
3.3184127869001287081119e+01
3.3184122588744131121530e+01
3.3184103977995754064523e+01
3.3184036712569039195841e+01
3.3184024708638617084944e+01
3.3184019784254608964602e+01
3.3184212190579827961301e+01
3.3184455955281919159461e+01
3.3184916461022375244738e+01
3.3185417154520735039114e+01
3.3185725648748267246901e+01
3.3186071685581410406485e+01
3.3186501489037496526180e+01
3.3186508890717668407433e+01
3.3187038038568644537918e+01
3.3187812181150526669171e+01
3.3188159288716533978914e+01
3.3188781299400659463572e+01
3.3189409167378407516935e+01
3.3190479197236157915540e+01
3.3191189962047552342028e+01
3.3191279986103722876578e+01
3.3191889600004060412175e+01
3.3191757344290870435088e+01
3.3192313012707664654499e+01
3.3192619885394854861715e+01
3.3193042432100710925624e+01
3.3193494703907674647780e+01
3.3193947216650435905194e+01
3.3194587956730131850236e+01
3.3194791541692268310726e+01
3.3194972348761609737267e+01
3.3195511103192274049434e+01
3.3196090078712018112128e+01
3.3197169076248655983363e+01
3.3199864317332050234199e+01
3.3202473528918886813699e+01
3.3204419380633027003569e+01
3.3205516637329665741163e+01
3.3207705164947000753273e+01
3.3210956499775242889427e+01
3.3215238933344181759821e+01
3.3218895103263676560346e+01
3.3220570077633979622078e+01
3.3221719323227851816682e+01
3.3223183067648498933977e+01
3.3225090867347169876211e+01
3.3226637293734789579958e+01
3.3228129427139194262963e+01
3.3230305441267788069126e+01
3.3232757355138851096399e+01
3.3237299404604314645439e+01
3.3240135765827503178116e+01
3.3243376401177116008512e+01
3.3245444165215808141056e+01
3.3247332506646586125498e+01
3.3249801336165297982461e+01
3.3253569896628206947753e+01
3.3256057848284392264304e+01
3.3257758084137101661781e+01
3.3261434901776993910971e+01
3.3264950204247099918575e+01
3.3268126528490675752892e+01
3.3271269001141156707035e+01
3.3274980383711344700259e+01
3.3277700330863432043316e+01
3.3282708952677147351551e+01
3.3287660133174483689800e+01
3.3293287157338653514671e+01
3.3295925699801600217143e+01
3.3298859233661985967956e+01
3.3300202423996509537574e+01
3.3302126045773995599575e+01
3.3304433829220329243981e+01
3.3306823033664393562958e+01
3.3308092946395838396256e+01
3.3311317626481745435285e+01
3.3312643487417574306164e+01
3.3314786498418854421288e+01
3.3317619404341733968522e+01
3.3321578242222138044326e+01
3.3325351951393841432036e+01
3.3327658100548021025133e+01
3.3330889022759933482121e+01
3.3336009696688698511480e+01
3.3339383665696566083625e+01
3.3343033582217515231605e+01
3.3346469991654132059011e+01
3.3350378258969328726380e+01
3.3353198466176849024123e+01
3.3356485172366852509640e+01
3.3360665334078298371878e+01
3.3363875391338147835540e+01
3.3369911519840044888952e+01
3.3375770442404785853796e+01
3.3379390632455262277745e+01
3.3382610609382624033969e+01
3.3387050950854238351440e+01
3.3391983537803191950388e+01
3.3396155430279577558395e+01
3.3400570418673346750893e+01
3.3403958296869880939539e+01
3.3407423122202317244955e+01
3.3410106971670565201293e+01
3.3413136212384060286240e+01
3.3417069841906382521302e+01
3.3420602446176310706960e+01
3.3423588557040190494263e+01
3.3425620626475492258578e+01
3.3427565041713101834375e+01
3.3430404734971183700054e+01
3.3434191609780299359045e+01
3.3437419318009403923497e+01
3.3440122180092998860346e+01
3.3441737317707705301473e+01
3.3444297644497325450175e+01
3.3447483243987505829864e+01
3.3450773146854302808606e+01
3.3454271788432471623764e+01
3.3458604009113450672430e+01
3.3462168063883943602832e+01
3.3465614973376816010386e+01
3.3468714092381468105941e+01
3.3471248006952343700959e+01
3.3474707433840997339303e+01
3.3478990390751739880670e+01
3.3481625489747443680244e+01
3.3483695613021978942925e+01
3.3484988738464217306046e+01
3.3489117078052053955162e+01
3.3492375171446383319562e+01
3.3494802011047298151425e+01
3.3497262846695335269942e+01
3.3500694897201945821053e+01
3.3502864378114558974175e+01
3.3505584704283478458819e+01
3.3507929337838092465063e+01
3.3510524017881287761611e+01
3.3512225718395015405804e+01
3.3515291506246384756196e+01
3.3517958811021863141377e+01
3.3519692381840307859875e+01
3.3522979595275060660242e+01
3.3525172139854333863696e+01
3.3528128617460353666502e+01
3.3530612769539594353319e+01
3.3532759814999259617707e+01
3.3535303091570334288463e+01
3.3537822044928198295111e+01
3.3538849275493724633179e+01
3.3540557965260930473050e+01
3.3542186947478931813293e+01
3.3543993103659936139138e+01
3.3545608804626226628898e+01
3.3547598648298709633764e+01
3.3549466580024500217405e+01
3.3552336080097674653189e+01
3.3554825263904966448081e+01
3.3557389829060447539177e+01
3.3559483560722419781541e+01
3.3561294382855862750148e+01
3.3563963666822566267456e+01
3.3566769067201882137397e+01
3.3568766806370213373611e+01
3.3571247628749311786578e+01
3.3572516172405798329237e+01
3.3574234773600529990745e+01
3.3576816574756136901669e+01
3.3578712883663335730944e+01
3.3580334522520374207488e+01
3.3583327323171147327230e+01
3.3585808842917543870499e+01
3.3589126597411485875000e+01
3.3591565657068656491901e+01
3.3594167818382622670015e+01
3.3597166928143295194786e+01
3.3599673271341323754768e+01
3.3601839826622544649126e+01
3.3603716794561364622496e+01
3.3605672846711520662666e+01
3.3607661895232503468378e+01
3.3610022710740416584940e+01
3.3611501670462573088116e+01
3.3612718268638964502770e+01
3.3615159145892832270874e+01
3.3616343325194151248070e+01
3.3618072555931057365797e+01
3.3618837900575044841389e+01
3.3620107055248070082598e+01
3.3621391183659724788413e+01
3.3622177813939849500002e+01
3.3623786890768833757193e+01
3.3625434465703982311879e+01
3.3627486207866880363326e+01
3.3629720983992420713093e+01
3.3630718592230472552274e+01
3.3632948290610137576095e+01
3.3634440701237934945311e+01
3.3635722662008539884937e+01
3.3637474397089597744070e+01
3.3638601029605595726935e+01
3.3640171714652133516665e+01
3.3641877058664604760452e+01
3.3644230136323294289014e+01
3.3645156271857487695343e+01
3.3646122042105524485578e+01
3.3648183933752285668106e+01
3.3649278767313333560196e+01
3.3651034687553284641126e+01
3.3652884404923788963515e+01
3.3653781373244655128474e+01
3.3655270413979941679372e+01
3.3657467861084590765586e+01
3.3658984941864297013581e+01
3.3660829823642657743221e+01
3.3661934535639936427742e+01
3.3663700113420368609241e+01
3.3665062220937301162849e+01
3.3667464815741631412038e+01
3.3669694497600019644779e+01
3.3671218181735575569746e+01
3.3672202174515483363848e+01
3.3673485339118521153523e+01
3.3674982697187012092854e+01
3.3676943237645055262419e+01
3.3679077449231421326203e+01
3.3680849181702050998410e+01
3.3682372127364537561789e+01
3.3684231211589548138363e+01
3.3685406036367353976857e+01
3.3687063203458528448664e+01
3.3688193735016689345230e+01
3.3689097793200353692100e+01
3.3690358423745337290711e+01
3.3691601418300223258484e+01
3.3692531427632452789567e+01
3.3693027587893958241239e+01
3.3694107087390513299852e+01
3.3694931539080961613308e+01
3.3695904573538498993912e+01
3.3697025736431541531601e+01
3.3699410229388476523127e+01
3.3700312329409555900384e+01
3.3701776507933814741591e+01
3.3702868909755643755943e+01
3.3704056012606137926468e+01
3.3705255508605965530933e+01
3.3706040631405585372704e+01
3.3706176098700588283918e+01
3.3706956049796339414115e+01
3.3708741783684807558075e+01
3.3709985876540024207770e+01
3.3710846552717285362633e+01
3.3712061687590058056685e+01
3.3712247026035036867597e+01
3.3713887911971568200897e+01
3.3715097873490435631538e+01
3.3716734724441991488675e+01
3.3717585546709877064586e+01
3.3718851966456469426703e+01
3.3720144437703538642381e+01
3.3721089196572975765775e+01
3.3722221823067535240170e+01
3.3723471623562240040428e+01
3.3724546931481420131149e+01
3.3725181765056063909469e+01
3.3725818199154709020604e+01
3.3727142125471992528674e+01
3.3728193090046794111458e+01
3.3729148144932182162847e+01
3.3729950551103840439282e+01
3.3730281825940778617223e+01
3.3731272532784039697162e+01
3.3731915785201117330416e+01
3.3732725596922215061113e+01
3.3733299576914134831895e+01
3.3733899788956115628480e+01
3.3733989168640434286317e+01
3.3734716700325023452933e+01
3.3736014751070179329417e+01
3.3737000641198001460452e+01
3.3737602807836069018776e+01
3.3738649429907006549456e+01
3.3739568708016776099612e+01
3.3740148728687650248048e+01
3.3740931037196844499704e+01
3.3741729236017263815484e+01
3.3742435446489970729544e+01
3.3742757119459426462527e+01
3.3743834671350583676031e+01
3.3744188665228158185982e+01
3.3744745975951211391930e+01
3.3745300130130338800427e+01
3.3746512505839390883011e+01
3.3746887093406073176993e+01
3.3748118245540297266416e+01
3.3748990703687908876418e+01
3.3749767352940779119308e+01
3.3750628033286936613422e+01
3.3751771884424748293441e+01
3.3752025208065063566210e+01
3.3753553716529978601102e+01
3.3754144586009687145634e+01
3.3754827687844908723491e+01
3.3755708067184222898049e+01
3.3756290325647469785508e+01
3.3756851705715831712951e+01
3.3757613316465338471062e+01
3.3758261329668236783164e+01
3.3758875866221913497611e+01
3.3760268711087604742715e+01
3.3760935767754965297627e+01
3.3761186707900627368417e+01
3.3761951058626983979138e+01
3.3762635776971045231676e+01
3.3763258748418778054656e+01
3.3764140408629558010034e+01
3.3765013928301300438761e+01
3.3765395549171337563621e+01
3.3766118309575006151135e+01
3.3766572909652687428661e+01
3.3767528266402742076480e+01
3.3768272118322322228323e+01
3.3768268969674558377392e+01
3.3768620194265210443518e+01
3.3769090779944392011203e+01
3.3770034607227984224664e+01
3.3770339605201947108526e+01
3.3771466407509841189949e+01
3.3771613116578073743312e+01
3.3772061609118978253719e+01
3.3772440983862153984774e+01
3.3773518038908470373372e+01
3.3773802165724518431489e+01
3.3774381561527931694400e+01
3.3774773120622100464061e+01
3.3775204485631221018593e+01
3.3775799805248723828299e+01
3.3776300727581293870116e+01
3.3776747485900315837171e+01
3.3777546594164107318647e+01
3.3778234049438850661318e+01
3.3779101447750448983243e+01
3.3779724028421625803276e+01
3.3780903699328987954686e+01
3.3781475722642689163422e+01
3.3781457448866390791409e+01
3.3782154793393686986747e+01
3.3782314979588839776170e+01
3.3783226581817316969136e+01
3.3784050268361156099672e+01
3.3784551747672679766765e+01
3.3785160562141363982391e+01
3.3785668657671898529316e+01
3.3786236411728516770836e+01
3.3786967351062948239360e+01
3.3787545518023684110176e+01
3.3787912893057296059851e+01
3.3788287405087025661032e+01
3.3788357135084545745940e+01
3.3788978300517932495950e+01
3.3789658832527578624649e+01
3.3790294789340961756352e+01
3.3790871081074065784833e+01
3.3790904144448290935543e+01
3.3791334394905319982172e+01
3.3791755297141378378001e+01
3.3792197590127678097360e+01
3.3792645757887768809269e+01
3.3793081135524381863888e+01
3.3793456988257290163347e+01
3.3793532009788634695724e+01
3.3794184509823665507611e+01
3.3794831694728735271838e+01
3.3794987342182146505820e+01
3.3795379544661123816240e+01
3.3795481331255679435799e+01
3.3796116365431593919766e+01
3.3796668336248217201501e+01
3.3796961986381688802794e+01
3.3797427327903008631438e+01
3.3797827868936039408254e+01
3.3798169988358111481830e+01
3.3798936758955932191384e+01
3.3799449377836737085090e+01
3.3799722735088899128186e+01
3.3800070940562960686293e+01
3.3800895707772141918213e+01
3.3801242245697920907332e+01
3.3801481218961207275697e+01
3.3802454933516465018783e+01
3.3803058088408597825492e+01
3.3803477997097303386909e+01
3.3803989660690795915343e+01
3.3804390586503153315334e+01
3.3804878737854600956325e+01
3.3805347972753750696029e+01
3.3805861596471260099861e+01
3.3806096891615062816072e+01
3.3806807923043301400412e+01
3.3807348737650571024460e+01
3.3808127492349726139764e+01
3.3808855305216567899151e+01
3.3809198492936687330257e+01
3.3809625920634715612323e+01
3.3809738964711968378651e+01
3.3810063634005082633394e+01
3.3810592342951792943495e+01
3.3810855099944006951773e+01
3.3811524338814528789499e+01
3.3811764040333756042855e+01
3.3812023735905441412797e+01
3.3812220443918185708299e+01
3.3812487205656609035032e+01
3.3812975023922071216020e+01
3.3813704964914116146701e+01
3.3813301408265509451212e+01
3.3813764183857777823050e+01
3.3813901615828221736137e+01
3.3814409101014582859079e+01
3.3814601708792352496857e+01
3.3815452724648061177959e+01
3.3815968050341311368356e+01
3.3816720297710020304294e+01
3.3817308527797408146398e+01
3.3817847469769688473207e+01
3.3818300635066513848415e+01
3.3818726041343232679992e+01
3.3818949540438261180952e+01
3.3819544353003138326130e+01
3.3820110560665902710298e+01
3.3820461189787614841862e+01
3.3820725871211664070870e+01
3.3821591330241325579209e+01
3.3821784579332366149629e+01
3.3821898231698916958976e+01
3.3822562934039368087724e+01
3.3823042429831538413509e+01
3.3823456705718456305476e+01
3.3823870393130441414087e+01
3.3824254912662119920697e+01
3.3824744598816252505458e+01
3.3825727885647481230080e+01
3.3826020164870065798368e+01
3.3826329906957205650997e+01
3.3826456015966499535352e+01
3.3827125708482924437703e+01
3.3826924588279311478800e+01
3.3827484497771180826931e+01
3.3828139477830070802611e+01
3.3828471840786221491726e+01
3.3828670386548317594588e+01
3.3828937906795275125660e+01
3.3829282053619678549694e+01
3.3830061842694753693195e+01
3.3830237815847191029661e+01
3.3830563971388393440520e+01
3.3830870814510980437717e+01
3.3830701926638866439134e+01
3.3831046955145929189257e+01
3.3831581077048710426425e+01
3.3831909447343569752320e+01
3.3831978822401516993068e+01
3.3831674634981609983697e+01
3.3832746780283557086477e+01
3.3832910760909015834841e+01
3.3832768202531099177577e+01
3.3833246484111462848432e+01
3.3833584968954539817787e+01
3.3834224353181035382931e+01
3.3834385087252663026902e+01
3.3834740716488219902658e+01
3.3835277371051844852445e+01
3.3835556224484946596931e+01
3.3835877143553773294116e+01
3.3835941481595192215082e+01
3.3835835714820873931785e+01
3.3836759972897020531946e+01
3.3837061582979771401369e+01
3.3837826380187401298372e+01
3.3838300050763699289291e+01
3.3838433734561597532320e+01
3.3839024556750494809876e+01
3.3839531837779169620717e+01
3.3839578584754136159063e+01
3.3840127231623803538696e+01
3.3840445211750356691027e+01
3.3840941765423757203735e+01
3.3841466536806585452268e+01
3.3841955895770126971911e+01
3.3841964003381356462796e+01
3.3842452493929684465002e+01
3.3842774456213263079007e+01
3.3842873497245989256044e+01
3.3843572527370248792522e+01
3.3843568652215601844091e+01
3.3843825293883654126148e+01
3.3843730480335224797273e+01
3.3843882262195450039144e+01
3.3844440861146445342911e+01
3.3844798848616051145655e+01
3.3844999701556552906823e+01
3.3845454911575671985702e+01
3.3845630028986640525090e+01
3.3845518217900924184960e+01
3.3845951000338523328992e+01
3.3846606468693046565477e+01
3.3846758822124662913211e+01
3.3846937846975436059438e+01
3.3847632576634140377791e+01
3.3847454986341276139683e+01
3.3847987013072682316306e+01
3.3848251742807278219516e+01
3.3848593711804220163231e+01
3.3849072498858376434328e+01
3.3849183133005041668184e+01
3.3849424896983407506923e+01
3.3849738509316175338881e+01
3.3849917218477649782926e+01
3.3850192898282401188226e+01
3.3850232783096330990702e+01
3.3849420381054400763787e+01
3.3849867628788125273331e+01
3.3850695611484937330715e+01
3.3851346909888199832039e+01
3.3851655859413718019368e+01
3.3851709398550852370136e+01
3.3851794294564875542619e+01
3.3851780902283650220852e+01
3.3851814982267612208489e+01
3.3851844579771189103212e+01
3.3852582812836345738106e+01
3.3852561736063634612037e+01
3.3852866592421669622581e+01
3.3853505449494335266536e+01
3.3853984880240403754215e+01
3.3854218094091073965046e+01
3.3854726767832936218383e+01
3.3854918497754788120346e+01
3.3854947078844141117315e+01
3.3855059558669630348504e+01
3.3855883029789751503813e+01
3.3856120849037758091526e+01
3.3856257130271671940136e+01
3.3856415478846038524807e+01
3.3856717093815127839207e+01
3.3857000774011297039578e+01
3.3857314041026086215425e+01
3.3857364562559084220084e+01
3.3857320135748771861017e+01
3.3857222378610757118622e+01
3.3857113591016812392809e+01
3.3857062985645526964618e+01
3.3857927083230968889893e+01
3.3858359003684675769819e+01
3.3857932440552445996218e+01
3.3858027809347653658278e+01
3.3857785097141750441097e+01
3.3857686219619310463713e+01
3.3857878755146167293333e+01
3.3857798279534421226344e+01
3.3857376945607427387586e+01
3.3857098881208123941633e+01
3.3857517975793683717711e+01
3.3857512656825782926262e+01
3.3858073377492694078228e+01
3.3858614100894108389639e+01
3.3858565370285738538314e+01
3.3857862174320203507705e+01
3.3858323353783553955054e+01
3.3858910413181469323263e+01
3.3859580721290363669596e+01
3.3859510782928765593169e+01
3.3859657184178530542340e+01
3.3859381567650558508831e+01
3.3859048142803374048526e+01
3.3860959897259753859089e+01
3.3861525230597464997118e+01
3.3861792564622213319581e+01
3.3861725593489076402420e+01
3.3860483816580959626208e+01
3.3861294315432964197043e+01
3.3862824594396037980459e+01
3.3863421095392467918828e+01
3.3864178068768730156535e+01
3.3863614867310495526453e+01
3.3863165186129677408644e+01
3.3863580015034827397358e+01
3.3864665285524566229469e+01
3.3865272364633305812731e+01
3.3865560543746767052653e+01
3.3863628741851087511350e+01
3.3864576628935459723380e+01
3.3864866008562167110085e+01
3.3866076772542385242559e+01
3.3866361260808609756623e+01
3.3865543358481403402038e+01
3.3865638890190773224731e+01
3.3866684276536318520812e+01
3.3867085465993199022705e+01
3.3868131427459843507677e+01
3.3868125702229370688201e+01
3.3867531647424776508615e+01
3.3868120847523371708121e+01
3.3869684395811077592953e+01
3.3870647795315221628698e+01
3.3871414751593974301613e+01
3.3871541832338905919642e+01
3.3871332562025692425323e+01
3.3872963187340403123926e+01
3.3873424804800301046726e+01
3.3874058586208654730854e+01
3.3874327951996271224289e+01
3.3874817472414179064799e+01
3.3875377807808114027921e+01
3.3876162766550990568248e+01
3.3876337689983742507138e+01
3.3876507924785741465712e+01
3.3877142187819679008953e+01
3.3877622090578221047963e+01
3.3878112758705505314083e+01
3.3878765204698922275384e+01
3.3879257207948228369787e+01
3.3879283222403124398170e+01
3.3879671082578752816516e+01
3.3879857747586008542839e+01
3.3880029150022465955772e+01
3.3880201892490120485490e+01
3.3880187855906712002252e+01
3.3880462469521461343902e+01
3.3880620915631197931361e+01
3.3880743843301246442934e+01
3.3880960411181021640914e+01
3.3881434699294999290942e+01
3.3881846759636367494295e+01
3.3882270880379543598337e+01
3.3882708668739240920331e+01
3.3882829721252093690964e+01
3.3882894010051174404907e+01
3.3883162202523109840513e+01
3.3883626246301673745620e+01
3.3883856518829077231203e+01
3.3884095936693540807028e+01
3.3884471756674564346667e+01
3.3884336976502169136438e+01
3.3884814763602925324903e+01
3.3884889808727443494263e+01
3.3885285425493400168762e+01
3.3885633570999956987180e+01
3.3885668736952403889973e+01
3.3885774575985024625879e+01
3.3885593047173678371564e+01
3.3886137030070720754793e+01
3.3886267345359577518593e+01
3.3886557099768118916927e+01
3.3886889920791702479619e+01
3.3887106071651849958926e+01
3.3887573291766663885483e+01
3.3887624838504322610788e+01
3.3888076976946379659239e+01
3.3887989139013058093042e+01
3.3888360520172540191197e+01
3.3888508401997604835287e+01
3.3888826215515500450692e+01
3.3889159311266197960322e+01
3.3889332983287488332280e+01
3.3889458639635485326380e+01
3.3889813710085974207686e+01
3.3890168771897108968005e+01
3.3890372851429276579438e+01
3.3890564455339358573838e+01
3.3890634794368040161316e+01
3.3890573595956226427006e+01
3.3890702234474595400116e+01
3.3890785512730353445932e+01
3.3890839415975861470542e+01
3.3891243910621284385343e+01
3.3891271967755635330377e+01
3.3891583362435405035740e+01
3.3891445105241565727283e+01
3.3891729313627138253651e+01
3.3892114850743709553171e+01
3.3892166403458134027460e+01
3.3892268159157964646511e+01
3.3892558723605169745952e+01
3.3892772207017237917626e+01
3.3892759983658692135577e+01
3.3893282633333960518485e+01
3.3893485764779718749651e+01
3.3893704999211799133718e+01
3.3893926275154711902360e+01
3.3894358169659760449122e+01
3.3894536986607263884252e+01
3.3894747939608869558015e+01
3.3894868874050267493203e+01
3.3895096734587660591842e+01
3.3895205554489614030444e+01
3.3895461454907362508493e+01
3.3895966826803210381058e+01
3.3896378946201942028438e+01
3.3896385252535047527545e+01
3.3896439499920276716693e+01
3.3896630040627179880630e+01
3.3896718476289869670381e+01
3.3897132618672102921664e+01
3.3897241846816292820677e+01
3.3897408206307979128269e+01
3.3897406136418325672821e+01
3.3897425019131148360430e+01
3.3897770209443976341390e+01
3.3898163846733403659073e+01
3.3898557181488861544949e+01
3.3898617851738222839231e+01
3.3898810957959014444896e+01
3.3899057200613988527493e+01
3.3898972888601960562482e+01
3.3899078972734344006312e+01
3.3898992927880549075326e+01
3.3899339811519652698735e+01
3.3899643502744623901890e+01
3.3900042366874842514335e+01
3.3900024371854520666147e+01
3.3900216413255172653862e+01
3.3900409381793032537189e+01
3.3900417720020193712571e+01
3.3900617405713639129772e+01
3.3900836787749838663331e+01
3.3901189727473088453280e+01
3.3901221415961309446629e+01
3.3901598092581920695920e+01
3.3901777810105741650659e+01
3.3901985954361833819348e+01
3.3902216228219401727983e+01
3.3902494329882657098096e+01
3.3902700469805488125985e+01
3.3902772291295832474134e+01
3.3902978268679675011299e+01
3.3903253028908444832723e+01
3.3903447056824738581327e+01
3.3903408088080773552520e+01
3.3903711139143595687528e+01
3.3903710230682932547097e+01
3.3903963932604540332250e+01
3.3903996032481835243289e+01
3.3904241825891318740105e+01
3.3904505385374605452853e+01
3.3904590652178711707165e+01
3.3904765331364053793095e+01
3.3904917788239764320224e+01
3.3905091912029597267519e+01
3.3905407586327612534660e+01
3.3905581189670328967622e+01
3.3905700350734463199842e+01
3.3905981891079107981568e+01
3.3906037404798937018313e+01
3.3906241695340987973850e+01
3.3906540437442089341857e+01
3.3906848782844356549049e+01
3.3906897903359563883896e+01
3.3906887750957046989697e+01
3.3906991469877389988596e+01
3.3907440089180191478135e+01
3.3907584287494898944715e+01
3.3907803760125325709396e+01
3.3907971318401550320232e+01
3.3908003349844364038290e+01
3.3908210002806065119785e+01
3.3908331395008488584608e+01
3.3908595688145851454465e+01
3.3908837705492771874560e+01
3.3908907175186939753075e+01
3.3909229790851249219941e+01
3.3909275784041035706196e+01
3.3909339730442063398641e+01
3.3909620978344179320629e+01
3.3909956219347812123033e+01
3.3910119116591644683467e+01
3.3910394777809017341497e+01
3.3910639764181972566348e+01
3.3910801244049018521309e+01
3.3910984464773434865492e+01
3.3911105044180793299802e+01
3.3911161378732423088422e+01
3.3911426903665052634551e+01
3.3911685432584206978390e+01
3.3911869175153739774942e+01
3.3911951080105872335935e+01
3.3912097506268764846027e+01
3.3912355863002495937053e+01
3.3912419120496970492695e+01
3.3912722650184583983446e+01
3.3912979004412378003508e+01
3.3912972428569645444441e+01
3.3913043870368952070748e+01
3.3913001414072603267869e+01
3.3913277725541156826239e+01
3.3913793279406540648324e+01
3.3914235137276207865398e+01
3.3914387326898662422536e+01
3.3914588440846550554397e+01
3.3914621808396418600751e+01
3.3914584996705926300820e+01
3.3914770246305614875837e+01
3.3915145937396751207871e+01
3.3915275668221383398304e+01
3.3915513283984715542374e+01
3.3915541873560471231031e+01
3.3915665506865849465612e+01
3.3915804353322798192494e+01
3.3916171862777616752282e+01
3.3915915341999124166250e+01
3.3916037643448511573752e+01
3.3916061876552504372739e+01
3.3916337491497195344436e+01
3.3916611454169284911586e+01
3.3916898999505548317757e+01
3.3916979507424613871081e+01
3.3916983743153402031112e+01
3.3917297798893244475948e+01
3.3917375866141931339826e+01
3.3917480144753518800371e+01
3.3917674630366718702135e+01
3.3917788442008500737757e+01
3.3918119623832566844612e+01
3.3918006068674287689646e+01
3.3918354929353242255274e+01
3.3918436822779874262324e+01
3.3918447058645284641898e+01
3.3918552372670980332714e+01
3.3918748422147452004083e+01
3.3919018324448074963584e+01
3.3919015157294403195465e+01
3.3919247107484636671870e+01
3.3919413082820419447216e+01
3.3919556568592618361890e+01
3.3919810403628012807076e+01
3.3919935133963306839178e+01
3.3920010073619309309834e+01
3.3920187213354793698272e+01
3.3920320923682972136248e+01
3.3920444456243664888007e+01
3.3920573215840263969767e+01
3.3920614826634128746718e+01
3.3920840546288999917124e+01
3.3921074036150727692984e+01
3.3921333339163723508136e+01
3.3921352684516527631331e+01
3.3921687270075956632809e+01
3.3921834528532166075365e+01
3.3921930716855641207985e+01
3.3921866445329897032934e+01
3.3921939023281346692329e+01
3.3921991055405300130587e+01
3.3921987276237608455176e+01
3.3921865750057989430388e+01
3.3922059482892692017231e+01
3.3922314255547334482799e+01
3.3922399622630273086088e+01
3.3922627910834371789406e+01
3.3922729471805176615362e+01
3.3923061294058868497814e+01
3.3922903423856453741791e+01
3.3922964706235788412414e+01
3.3923094506848499918306e+01
3.3923360339485498116119e+01
3.3923202857265891907446e+01
3.3923573391822202438561e+01
3.3923657908215183454104e+01
3.3924085261586661488309e+01
3.3924352942101819508025e+01
3.3924481290523758048039e+01
3.3924675988180005958839e+01
3.3924786547431985184176e+01
3.3925057895972884125513e+01
3.3925162915107314631769e+01
3.3925367005299342793023e+01
3.3925451533122803482456e+01
3.3925856289091356643439e+01
3.3926128712400000608795e+01
3.3926370528476269328166e+01
3.3926733426306540764017e+01
3.3926875793298300720835e+01
3.3927158228472293899358e+01
3.3927247522005991697824e+01
3.3927397463292500390253e+01
3.3927050443901350718079e+01
3.3927478263165703253890e+01
3.3928198837378523933239e+01
3.3928279697095817368790e+01
3.3928510879530236366008e+01
3.3928702848165514183165e+01
3.3928891908779633013182e+01
3.3929066802271762526289e+01
3.3929229937217677104400e+01
3.3929265509286473445627e+01
3.3929311030431186679834e+01
3.3929515905115380292045e+01
3.3929880577542370190258e+01
3.3929658894556062875836e+01
3.3929785666485173578621e+01
3.3929966286753781901098e+01
3.3930460535593788051756e+01
3.3930524776084695304235e+01
3.3930737728725105739613e+01
3.3930885965879816978941e+01
3.3931047963125323008171e+01
3.3931092919864859425161e+01
3.3931162109714072983024e+01
3.3931218377671704899967e+01
3.3931294222879472499699e+01
3.3931430307993615258511e+01
3.3931451136804682278125e+01
3.3931545149263932614758e+01
3.3931815395577793026405e+01
3.3931947268258490169046e+01
3.3932051255099509035063e+01
3.3932234910929800264512e+01
3.3932595974251633208496e+01
3.3932477344646279959761e+01
3.3932640902058075482728e+01
3.3932680901473950996206e+01
3.3932887385298485583007e+01
3.3933182920516486547058e+01
3.3933355587522811447343e+01
3.3933470312365791698994e+01
3.3933432703567241617293e+01
3.3933480048815425789144e+01
3.3933465596988185097871e+01
3.3933526459360024318812e+01
3.3933802754139172463965e+01
3.3933934739912878342238e+01
3.3934132533152904898088e+01
3.3934247691534714874706e+01
3.3934342339932449306161e+01
3.3934525068563097249807e+01
3.3934740622225341155627e+01
3.3934711243192090535103e+01
3.3935101485616648631094e+01
3.3934800499969981046888e+01
3.3934855921928949840094e+01
3.3934811220157662603469e+01
3.3935028723287807395081e+01
3.3934977462434666506397e+01
3.3934939669899890191118e+01
3.3935078886621980132077e+01
3.3935208257826488420505e+01
3.3935306903376911691339e+01
3.3935357120548616194355e+01
3.3935585436462055497486e+01
3.3935784092596350092208e+01
3.3935672954096354203557e+01
3.3935748960457452483297e+01
3.3936059757278464132924e+01
3.3936249929852905893313e+01
3.3936454094536024683748e+01
3.3936529872594505263805e+01
3.3936740348243887410717e+01
3.3936935959542601892736e+01
3.3936940766628190147003e+01
3.3936956515476694562494e+01
3.3937085715124922558061e+01
3.3937023573062845116510e+01
3.3937042000692699161846e+01
3.3937254049235292541198e+01
3.3937385541732034255347e+01
3.3937634400271477375099e+01
3.3937738790632018037741e+01
3.3937989201339100020505e+01
3.3938204772719132051861e+01
3.3938388921428298772298e+01
3.3938613229629289946843e+01
3.3938584060841051837087e+01
3.3938606064345243851221e+01
3.3938626571385889008070e+01
3.3938636762528588519672e+01
3.3938805998988534895489e+01
3.3939114222562778877545e+01
3.3939221745036206812074e+01
3.3939399306143563705973e+01
3.3939290063166630773139e+01
3.3939553838020756870719e+01
3.3939671581666260635757e+01
3.3939904995508513252389e+01
3.3940097655989134750598e+01
3.3940317678190552896922e+01
3.3940400697160931997587e+01
3.3940343647009441951923e+01
3.3940527673022465648955e+01
3.3940584911892344166517e+01
3.3940823213620781473310e+01
3.3940859990903398113460e+01
3.3940954207815813958860e+01
3.3940953903532474100757e+01
3.3941264996505182693909e+01
3.3941337444719785310099e+01
3.3941464556099518290466e+01
3.3941425458257157288244e+01
3.3941592178313015892854e+01
3.3941561066421130021808e+01
3.3941736710303693769220e+01
3.3941950104405137267349e+01
3.3942146689850311247483e+01
3.3942276759429049093342e+01
3.3942424989647555833017e+01
3.3942604545619509792687e+01
3.3942865116410047221507e+01
3.3942753024048798238255e+01
3.3942936744649664149165e+01
3.3942923381506922453354e+01
3.3943064882708888774232e+01
3.3943061123409066226486e+01
3.3943088150892421595017e+01
3.3943096687951928913662e+01
3.3943340269676689047174e+01
3.3943381770564322152950e+01
3.3943390360757561552418e+01
3.3943494091721412075913e+01
3.3943681264011736686825e+01
3.3943729996065258092131e+01
3.3943878160070823923888e+01
3.3943930657165232389616e+01
3.3944190986337311244370e+01
3.3944248344773164660637e+01
3.3944261640370875454664e+01
3.3944277929903122981159e+01
3.3944357046531315802440e+01
3.3944542945244180032205e+01
3.3944547278968059345061e+01
3.3944560363525177137944e+01
3.3944551350391847677201e+01
3.3944817928343766766375e+01
3.3944889888777161957023e+01
3.3944908856880317671312e+01
3.3944911424443496628101e+01
3.3945019084273333476176e+01
3.3945248243820479672195e+01
3.3945214340785220485941e+01
3.3945300143181128760261e+01
3.3945295169224763753846e+01
3.3945548433798428789032e+01
3.3945661524969501954274e+01
3.3945807441227373146830e+01
3.3945760967559742482536e+01
3.3946020739150291944952e+01
3.3946089626610799427908e+01
3.3946172329111696797099e+01
3.3946301004569534143229e+01
3.3946530552196463759174e+01
3.3946641267516518780667e+01
3.3946817327287561738558e+01
3.3946867719809930008523e+01
3.3946916835779177290533e+01
3.3947002193740324571536e+01
3.3946972141151768198597e+01
3.3947022432683503723183e+01
3.3947259860115373442113e+01
3.3947240819631382180432e+01
3.3947339641026076151320e+01
3.3947225460042531608451e+01
3.3947243354123656899901e+01
3.3947340336691979700845e+01
3.3947551377684355600195e+01
3.3947547203995817710620e+01
3.3947809107290154884140e+01
3.3947834678908677119580e+01
3.3947860227967268542670e+01
3.3947915934656506919964e+01
3.3948102630901921372697e+01
3.3948048893264584080498e+01
3.3948311508704478001164e+01
3.3948356233860792485757e+01
3.3948704879734791006740e+01
3.3948736656829346713948e+01
3.3948475605846532232590e+01
3.3948300882227414376757e+01
3.3948399971578204770140e+01
3.3948546777405816499140e+01
3.3948738897800531333360e+01
3.3948668031211823858939e+01
3.3948850698669495784543e+01
3.3949035669518515589971e+01
3.3949097907967129117424e+01
3.3949126906223298760779e+01
3.3948999024221798492817e+01
3.3949333696483527944565e+01
3.3949448831768087586624e+01
3.3949577074468884063663e+01
3.3949561592215083294377e+01
3.3949729684449600597418e+01
3.3949583841957704066772e+01
3.3949606537915443027487e+01
3.3949754128832687172235e+01
3.3949789879075083831594e+01
3.3949750631167340486627e+01
3.3949895833877242523613e+01
3.3949699228190432620522e+01
3.3949594529612639348670e+01
3.3949615130909400306791e+01
3.3949710066965018029350e+01
3.3949877802514542679546e+01
3.3949858669884996231758e+01
3.3949616483489350571290e+01
3.3949508993754236030327e+01
3.3949759592873348879039e+01
3.3949936317661901341580e+01
3.3949967449560482180004e+01
3.3949911048415444270177e+01
3.3949932110932529383263e+01
3.3950122627560212151820e+01
3.3950509013365646637794e+01
3.3950587483530881627303e+01
3.3950667324093302568144e+01
3.3950661995710675000737e+01
3.3950680896658916196884e+01
3.3950753571202064051704e+01
3.3950845252993545386744e+01
3.3951146813104536192895e+01
3.3951140514809146964126e+01
3.3951125715622502809765e+01
3.3951177222754310491837e+01
3.3951265704045447080262e+01
3.3951425744124755112807e+01
3.3951681446987919343883e+01
3.3951676923547346120813e+01
3.3951706096532205947369e+01
3.3951669716396658316171e+01
3.3952058364506711996000e+01
3.3951993835932000820321e+01
3.3952057182128882573124e+01
3.3952336714048655608167e+01
3.3952447180017919947659e+01
3.3952488263063493434402e+01
3.3952525265783201291470e+01
3.3952732177188508444488e+01
3.3952664544401905288851e+01
3.3952920695012494434195e+01
3.3952900185490278772704e+01
3.3953017322616808826297e+01
3.3952970818769237837387e+01
3.3953186001603043564501e+01
3.3953323444840570743963e+01
3.3953297698693873485354e+01
3.3953463883926616517783e+01
3.3953699783777388176986e+01
3.3953840184615273756208e+01
3.3953779396072661711514e+01
3.3953903216214861515709e+01
3.3953818396866481066354e+01
3.3953510726141196585104e+01
3.3953838007034484292035e+01
3.3953972642043460439254e+01
3.3954139475541275317028e+01
3.3953971354644160385305e+01
3.3954056653076953864456e+01
3.3954147539351872353564e+01
3.3954358731072993293765e+01
3.3954570174099934831702e+01
3.3954485732983023638099e+01
3.3954510659103107172996e+01
3.3954469335223365078491e+01
3.3954318765719818884463e+01
3.3954437318258612776845e+01
3.3954657258896311589069e+01
3.3954773992829274220639e+01
3.3954797984055716142393e+01
3.3954779143555917642061e+01
3.3954781390733380419533e+01
3.3954885514582699101993e+01
3.3954790922046775847321e+01
3.3954953522875861438024e+01
3.3955241553904286888610e+01
3.3955400147872829563767e+01
3.3955760639841187753518e+01
3.3955940999855691586617e+01
3.3955842299913761905827e+01
3.3955913526880209474257e+01
3.3956057844640696430361e+01
3.3956017673227130160285e+01
3.3955957676747274831541e+01
3.3956134700117594604762e+01
3.3956206495889006191646e+01
3.3956162230518870615015e+01
3.3956352875720710926544e+01
3.3956532992075857180225e+01
3.3956664802602013253363e+01
3.3956665494960027729121e+01
3.3956692381602842090160e+01
3.3956793995828569165951e+01
3.3956898667939711344843e+01
3.3956982386402579265905e+01
3.3957346584093549779482e+01
3.3957429395956090445452e+01
3.3957523167365280869490e+01
3.3957570126051997760896e+01
3.3957953074401324045084e+01
3.3958065047358928723042e+01
3.3958237468090509025842e+01
3.3958312965428262941714e+01
3.3958700619511944296391e+01
3.3958833930877680984395e+01
3.3958929674687858835114e+01
3.3959121704078995662712e+01
3.3959289615390098049375e+01
3.3959540722868709394788e+01
3.3959660374760360923574e+01
3.3959612787920612220205e+01
3.3959780774389095370225e+01
3.3959678982356649612484e+01
3.3960056208552465761841e+01
3.3960075077102231944082e+01
3.3960346696987528503087e+01
3.3960530582356909690134e+01
3.3960746457107973128586e+01
3.3960886833999495593162e+01
3.3960841532694146849281e+01
3.3961059601882716663113e+01
3.3960821393657134592559e+01
3.3960827914105095715058e+01
3.3960908705905488602639e+01
3.3960947791353618185894e+01
3.3961086055504928538085e+01
3.3961294612510073420708e+01
3.3961123005384941109241e+01
3.3961100735507450565365e+01
3.3961377223990865559244e+01
3.3961604575168991004830e+01
3.3961730879578695407872e+01
3.3961893342059958911250e+01
3.3961663003476402877823e+01
3.3961772575103140070496e+01
3.3961917509697975958716e+01
3.3961855536890340090395e+01
3.3962057436909212526643e+01
3.3962292036481436241502e+01
3.3962152595612565164629e+01
3.3962504738747483656880e+01
3.3962558470125742360324e+01
3.3962684405246314156557e+01
3.3962754989753598522384e+01
3.3962866500482078890855e+01
3.3962817472271076724155e+01
3.3963039109460986253453e+01
3.3963207930850778382137e+01
3.3963184762718753972877e+01
3.3963264134214270484335e+01
3.3963131030279576805242e+01
3.3963259591855795349602e+01
3.3963328883195188723221e+01
3.3963514997660624317177e+01
3.3963710219052657635075e+01
3.3963787410733687011088e+01
3.3964000267129875965111e+01
3.3964085771472610986166e+01
3.3964227347662173883691e+01
3.3964384430663685066065e+01
3.3964532123341676594919e+01
3.3964509909816271715499e+01
3.3964592438979934740928e+01
3.3964791054675210091318e+01
3.3964852026962866204940e+01
3.3965077535515895590379e+01
3.3965053247904748445762e+01
3.3965033886543857022389e+01
3.3965208422381721220518e+01
3.3965132027548513349302e+01
3.3965104988095660587533e+01
3.3965209800136484830091e+01
3.3965095968212921206941e+01
3.3965141644793014563675e+01
3.3965240105950883275909e+01
3.3965307371986163786914e+01
3.3965465209554849934648e+01
3.3965472319452636895676e+01
3.3965693931434387309309e+01
3.3965862420283301048585e+01
3.3965819018274657992151e+01
3.3966002966340788304933e+01
3.3966077229507533274955e+01
3.3966282150029044828443e+01
3.3966396607797825879516e+01
3.3966466580440034306321e+01
3.3966516019698175909980e+01
3.3966594118822960979287e+01
3.3966775055655880066752e+01
3.3966904632135964448025e+01
3.3966955853867759174136e+01
3.3967132989383074459511e+01
3.3967202242410998280775e+01
3.3967286653250937433768e+01
3.3967456472147574686460e+01
3.3967574655301596919799e+01
3.3967711469694862103097e+01
3.3967594310957323955336e+01
3.3967707678878632293618e+01
3.3967967572150755017901e+01
3.3968028708318335873173e+01
3.3968488994066106556602e+01
3.3968699240883616141673e+01
3.3968721296314754454215e+01
3.3968929772513661191624e+01
3.3969119919321194345230e+01
3.3969120227347453067068e+01
3.3969105020760750335285e+01
3.3969303421086571859178e+01
3.3969308648504622283326e+01
3.3969450537813088430994e+01
3.3969582398562906178086e+01
3.3969807444935554485710e+01
3.3969781084798988501916e+01
3.3969760769061835503635e+01
3.3969866750148312917190e+01
3.3970057795133634215290e+01
3.3970229126895056026569e+01
3.3970355059433522626477e+01
3.3970339858315924175258e+01
3.3970400842234568017375e+01
3.3970394120490588818484e+01
3.3970324297205756636231e+01
3.3970476292911769178318e+01
3.3970718033577156802494e+01
3.3970720178765795083109e+01
3.3970619454387865232547e+01
3.3970691412473705383945e+01
3.3970815941604854515390e+01
3.3971095164528648524538e+01
3.3971378129150835434302e+01
3.3971355478014679363241e+01
3.3971422596904702118081e+01
3.3971531115611320217340e+01
3.3971696661565793817772e+01
3.3971927988507694351483e+01
3.3972043187544571196668e+01
3.3972081453754654489785e+01
3.3972107752386278889389e+01
3.3972054038621323002189e+01
3.3971990581760536542788e+01
3.3972106204319274525005e+01
3.3972173735540579286862e+01
3.3972270656704097291367e+01
3.3972114820021062087108e+01
3.3972250408870685589591e+01
3.3972430136897422414677e+01
3.3972619902055768648097e+01
3.3972782695169271960367e+01
3.3972734995672610125439e+01
3.3972971352716257342763e+01
3.3973121246251601235144e+01
3.3973336353059714554092e+01
3.3973493646601887974157e+01
3.3973480651087491821727e+01
3.3973530920793891141329e+01
3.3973684296673447136072e+01
3.3973644305775280827220e+01
3.3973693616390733041044e+01
3.3973638651512800379351e+01
3.3973684969110649944923e+01
3.3973827971052237728600e+01
3.3973978062848971148924e+01
3.3974047172669266103640e+01
3.3974230632243290983752e+01
3.3974312637629644484605e+01
3.3974411668060831459570e+01
3.3974513892758288591267e+01
3.3974576422988313595397e+01
3.3974593380368432349314e+01
3.3974844355432658460359e+01
3.3974932893671208944397e+01
3.3975010025131474833415e+01
3.3975162357599437257250e+01
3.3975334541459929482698e+01
3.3975380612465855278970e+01
3.3975573813096325181959e+01
3.3975768270093873013593e+01
3.3975735875522659057424e+01
3.3975720001444763340714e+01
3.3975949482514295141300e+01
3.3975986100276827528432e+01
3.3976074836450642635555e+01
3.3976209148995472730803e+01
3.3976225266174104433503e+01
3.3976298946859074590066e+01
3.3976382183100064082737e+01
3.3976599027186686896584e+01
3.3976666089065531650704e+01
3.3976657330291764935737e+01
3.3976745802815131014540e+01
3.3976972492105360856840e+01
3.3976760645632381852010e+01
3.3977026647019783922588e+01
3.3977020514252323835080e+01
3.3977073354737413524163e+01
3.3977157924919417553156e+01
3.3977270348984255576852e+01
3.3977396711403017093289e+01
3.3977554750491400170631e+01
3.3977502644782596519235e+01
3.3977368525287495515386e+01
3.3977412562885398017443e+01
3.3977479388999057619003e+01
3.3977681873500976905689e+01
3.3977810431495441889638e+01
3.3977944082625853639001e+01
3.3978191363661359503112e+01
3.3978225767705964699417e+01
3.3978326996492235423375e+01
3.3978357725846969117356e+01
3.3978504177762154370157e+01
3.3978495602055744484460e+01
3.3978572806963292407545e+01
3.3978625593491223355613e+01
3.3978815486022405423228e+01
3.3978896299235010758366e+01
3.3979074322421354281687e+01
3.3979234663802991178727e+01
3.3979198834974198462078e+01
3.3979349029932905068563e+01
3.3979441434330603044600e+01
3.3979384395966242493614e+01
3.3979482292191953263227e+01
3.3979406122620012808966e+01
3.3979499360515021066931e+01
3.3979607765923006468256e+01
3.3979793657464107070609e+01
3.3979810934802230804053e+01
3.3979995095014835726488e+01
3.3980010583451040417913e+01
3.3979997420524341578130e+01
3.3980176596739056549268e+01
3.3980225281477444809752e+01
3.3980319098740672245640e+01
3.3980502595165134493982e+01
3.3980767346647851923080e+01
3.3980687733688618834549e+01
3.3980839014620620730511e+01
3.3980901448578947565693e+01
3.3981150109315287011214e+01
3.3981197752906190601152e+01
3.3981187818138245404498e+01
3.3981198443172289103131e+01
3.3981400579688987306781e+01
3.3981467954542360132564e+01
3.3981495674719198518687e+01
3.3981432987651480459590e+01
3.3981374361261245553578e+01
3.3981505891152387732745e+01
3.3981745269462670933081e+01
3.3981767001935942573709e+01
3.3981841125886006693690e+01
3.3981887839483775337612e+01
3.3981818387513982315795e+01
3.3981998258743502105972e+01
3.3981993842257232074644e+01
3.3982164240142026301328e+01
3.3982125296996493091228e+01
3.3982242387669749916768e+01
3.3982334060280578569291e+01
3.3982563950874727254359e+01
3.3982452133144178674229e+01
3.3982404472202865974850e+01
3.3982500566362560334710e+01
3.3982417657488113604813e+01
3.3982563717387442636664e+01
3.3982639270353082849851e+01
3.3982645206620141209441e+01
3.3982591965766154373796e+01
3.3982673131641028874128e+01
3.3982795025844168890217e+01
3.3982744789248620520539e+01
3.3982717890405666594233e+01
3.3982623575104021540483e+01
3.3982918601373562239587e+01
3.3982921289431040179352e+01
3.3982815450457877659574e+01
3.3983029678282676400158e+01
3.3983228025002439665059e+01
3.3983456808681246741344e+01
3.3983567273522261587004e+01
3.3983590134184922249005e+01
3.3983622064378465665868e+01
3.3983660611237176851773e+01
3.3983789163829236201764e+01
3.3983905652927489882131e+01
3.3984044245446057175286e+01
3.3983890039645515912525e+01
3.3984148825445799957379e+01
3.3984196630592244048330e+01
3.3984371239103836614959e+01
3.3984371756367643513386e+01
3.3984391599648247961341e+01
3.3984208829368803606030e+01
3.3984328610685501814714e+01
3.3984215569348620533674e+01
3.3984264999783114546972e+01
3.3984254302109157208633e+01
3.3984343601999029260696e+01
3.3984514980393186078800e+01
3.3984599065574009557622e+01
3.3984639526917135299300e+01
3.3984814219210555563677e+01
3.3984917149970307548301e+01
3.3985001882093420988440e+01
3.3985185895304816483531e+01
3.3985091017213953534792e+01
3.3985231200641948134944e+01
3.3985402282475405399964e+01
3.3985290474526060222615e+01
3.3985354281697354394964e+01
3.3985287725628381849674e+01
3.3985487916532683527748e+01
3.3985581819601222264282e+01
3.3985720394670991595376e+01
3.3985889296743913234877e+01
3.3985967729130393877313e+01
3.3986006299600042268594e+01
3.3986097391604019435363e+01
3.3985989124325229226997e+01
3.3986268570256434884413e+01
3.3986315299889547247858e+01
3.3986316368800913778614e+01
3.3986554263217328752944e+01
3.3986760969177346680681e+01
3.3986934099172209755579e+01
3.3987108466259535077825e+01
3.3987146421688208874912e+01
3.3987197354928810000274e+01
3.3987274947905270039428e+01
3.3987385594815691547410e+01
3.3987455900241172912501e+01
3.3987564912307853148832e+01
3.3987730797100851987125e+01
3.3987737907510357615593e+01
3.3987729613755135460451e+01
3.3987788101589984535167e+01
3.3987758748560608523803e+01
3.3987848568509733127030e+01
3.3987968623138371526693e+01
3.3987854858528827151076e+01
3.3987956942780805036364e+01
3.3988095405442805940766e+01
3.3988195490470445747633e+01
3.3988189675665104516611e+01
3.3988060188683640205909e+01
3.3988177336500221770166e+01
3.3988190013149136348147e+01
3.3988316456493961936758e+01
3.3988454909521735203271e+01
3.3988546423194378576227e+01
3.3988638204619576299592e+01
3.3988698132741809843083e+01
3.3988655697495929075558e+01
3.3988779726692158078549e+01
3.3988776780547368616681e+01
3.3988730789445966706808e+01
3.3988897479442599092181e+01
3.3988910275975861452480e+01
3.3988935583515534233356e+01
3.3989002754400772232657e+01
3.3989110722524024765789e+01
3.3989127504217385933316e+01
3.3989101374938023525374e+01
3.3989147583366630556156e+01
3.3989219445664843988197e+01
3.3989411757688912985031e+01
3.3989559440509864884916e+01
3.3989486177402767452804e+01
3.3989624442592472064462e+01
3.3989535576261538096787e+01
3.3989615004724861080376e+01
3.3989889797797346204788e+01
3.3989752011936928965952e+01
3.3989917870568220337191e+01
3.3989930866173430956678e+01
3.3989968369214295762504e+01
3.3989945272367016571025e+01
3.3989876453436238534778e+01
3.3990046828696570457851e+01
3.3989960443000931888946e+01
3.3989896818777999953909e+01
3.3990049783417944695429e+01
3.3990037675747650780522e+01
3.3990307071532036786721e+01
3.3990416354625310191295e+01
3.3990398058262371705496e+01
3.3990478704131000142752e+01
3.3990694243940467345055e+01
3.3990907051398735916337e+01
3.3991085313321633520900e+01
3.3991062128426257515912e+01
3.3991238362487791846434e+01
3.3991466456498926618224e+01
3.3991532869913939407525e+01
3.3991651571759206262868e+01
3.3991806886123548281375e+01
3.3991817800456033182854e+01
3.3991977406975728115412e+01
3.3992074383169956774964e+01
3.3992245736897089614104e+01
3.3992335966844237304940e+01
3.3992354177052440888929e+01
3.3992478304871418970379e+01
3.3992533469429339731960e+01
3.3992479130330544023764e+01
3.3992699529479253328645e+01
3.3992687137657505047628e+01
3.3992874537506089893668e+01
3.3992844256957305049127e+01
3.3993016445580295226137e+01
3.3993048018518074115946e+01
3.3993008305893063436542e+01
3.3993143526552998423540e+01
3.3993204403388311618528e+01
3.3993088550849229534379e+01
3.3993230403229603098225e+01
3.3993230359440929078119e+01
3.3993315971777015249700e+01
3.3993484829299013938453e+01
3.3993414368422989468854e+01
3.3993505996981781436261e+01
3.3993508496778289895701e+01
3.3993587121901065017937e+01
3.3993731251773319002041e+01
3.3993706881971256450470e+01
3.3993757761286985896731e+01
3.3993878646880467897518e+01
3.3993909478656732403579e+01
3.3994079715796637231051e+01
3.3994045567065988677768e+01
3.3994202077642654558076e+01
3.3994076186741146727854e+01
3.3994135105775384886329e+01
3.3994140277950499751114e+01
3.3994258867266260892848e+01
3.3994428730265809690536e+01
3.3994410959643609260183e+01
3.3994410034716317170478e+01
3.3994494480197758434770e+01
3.3994450603248679954049e+01
3.3994538584845692241743e+01
3.3994483248685043008663e+01
3.3994646758979662592992e+01
3.3994652545711673496953e+01
3.3994749895518332039046e+01
3.3994864903131855271567e+01
3.3995017699263442523261e+01
3.3995067505474906965901e+01
3.3995176384301785788011e+01
3.3995187228589458072747e+01
3.3995231043963030970190e+01
3.3995191113553744344244e+01
3.3995263490685999840935e+01
3.3995256903862916431081e+01
3.3995271766008315239560e+01
3.3995148333556016950752e+01
3.3995482945670147501005e+01
3.3995332305415026041828e+01
3.3995475471389774213549e+01
3.3995536197151544399730e+01
3.3995563252235726281469e+01
3.3995434326019079662728e+01
3.3995462717799391327844e+01
3.3995434635373349863130e+01
3.3995321748117525828548e+01
3.3995395252593311852252e+01
3.3995423947351405047357e+01
3.3995267358644099431331e+01
3.3995266944867971403710e+01
3.3995627060959684229147e+01
3.3995722326844578731198e+01
3.3995797258786012662313e+01
3.3995964234886535848545e+01
3.3996142823156624501735e+01
3.3996206841082518224084e+01
3.3996276596614627862891e+01
3.3996485306453536168192e+01
3.3996485152197102763694e+01
3.3996757473184388231857e+01
3.3996817309494346659449e+01
3.3996977329175265936101e+01
3.3997098235826420875583e+01
3.3997176798179530976540e+01
3.3997086897237487335133e+01
3.3997278895057625902609e+01
3.3997268185652998795376e+01
3.3997336817673144082619e+01
3.3997473144206459494399e+01
3.3997685462382904120204e+01
3.3997708389812459017776e+01
3.3997735716217661661176e+01
3.3997834993414763005148e+01
3.3997856147527549808274e+01
3.3998006864644978008982e+01
3.3998107525550402385761e+01
3.3998113538963572466400e+01
3.3998438377803310572745e+01
3.3998433699820886033649e+01
3.3998665055969738091335e+01
3.3998845714311755727977e+01
3.3998803147831914373000e+01
3.3998792090939112142678e+01
3.3998946741758928169475e+01
3.3998967614251348834387e+01
3.3998977950616833254571e+01
3.3999141740180412796235e+01
3.3999193797675033579253e+01
3.3999272356162705932547e+01
3.3999296469027278533304e+01
3.3999262573114876317959e+01
3.3999292553551882178908e+01
3.3999417373778456408218e+01
3.3999489141573825179421e+01
3.3999647414218649998929e+01
3.3999675340831473135950e+01
3.3999718776548249365987e+01
3.3999723083149881119880e+01
3.3999776984835378357275e+01
3.3999715313095464352955e+01
3.3999774441519946321932e+01
3.3999728054217435158080e+01
3.4000013906171737687600e+01
3.4000075013486295461007e+01
3.4000227663206977979371e+01
3.4000205021035348806890e+01
3.4000231566365350488468e+01
3.4000269280632828383659e+01
3.4000346022798794365372e+01
3.4000499274583539488503e+01
3.4000597743568839348427e+01
3.4000671085834966334005e+01
3.4000663010924647267075e+01
3.4000782512151012326740e+01
3.4000794225680785132226e+01
3.4000869236568505016294e+01
3.4000786710023476189235e+01
3.4000761244053002485543e+01
3.4000847941593228540569e+01
3.4001014972451422124777e+01
3.4001266890887691829448e+01
3.4001325398268683386505e+01
3.4001136216588299987507e+01
3.4001327803825034834517e+01
3.4001433530319097542360e+01
3.4001414372597857038727e+01
3.4001457652807850706722e+01
3.4001468406860951176895e+01
3.4001488652830360592816e+01
3.4001470601028330520421e+01
3.4001501993900546949590e+01
3.4001393452502391312464e+01
3.4001567677616087337356e+01
3.4001612448370764241190e+01
3.4001480930061013907562e+01
3.4001434053271751167813e+01
3.4001568152180212223357e+01
3.4001691783334472063416e+01
3.4001716153187480529141e+01
3.4001673831453054219764e+01
3.4001839036593992204871e+01
3.4002028467960919044799e+01
3.4002106919307784949069e+01
3.4002333208494405880629e+01
3.4002437895924181532337e+01
3.4002609166384623051727e+01
3.4002714021054607940187e+01
3.4002864499379519713784e+01
3.4002996895952144029707e+01
3.4003037960852481091933e+01
3.4003147423483312650205e+01
3.4003164380322829174474e+01
3.4003202514204311057711e+01
3.4003345106908433592707e+01
3.4003474833652887809876e+01
3.4003623775500400938654e+01
3.4003670396575472523182e+01
3.4003726638714653063289e+01
3.4003665359396954670501e+01
3.4003669058643019695864e+01
3.4003967316961677624931e+01
3.4004060355142179616905e+01
3.4004245247775244820332e+01
3.4004327365290684781485e+01
3.4004414192241434022890e+01
3.4004374536900115799654e+01
3.4004440808400019591318e+01
3.4004388281949488259670e+01
3.4004317684415156008981e+01
3.4004377110768800207552e+01
3.4004557346758289781974e+01
3.4004528300624258463358e+01
3.4004689874265174864831e+01
3.4004686327365234888020e+01
3.4004515577037054185894e+01
3.4004579515129179867472e+01
3.4004808042809834489617e+01
3.4004857784611743909409e+01
3.4004887818289198264665e+01
3.4004775598137584324832e+01
3.4004861566139275907972e+01
3.4005053824184756194882e+01
3.4005168260131362956145e+01
3.4005243463067344578121e+01
3.4005348748041939188624e+01
3.4005319068727295928056e+01
3.4005224656633593838251e+01
3.4005117340810514292571e+01
3.4005377346346968181479e+01
3.4005369059168685907935e+01
3.4005632142380989080266e+01
3.4005788730749756609839e+01
3.4005832864994019359983e+01
3.4005919140057457639159e+01
3.4006093224846075884216e+01
3.4006072071130418521534e+01
3.4006102074613082208998e+01
3.4006212108671363125723e+01
3.4006252595044003328439e+01
3.4006352135373020928455e+01
3.4006497294950762011467e+01
3.4006661260126072932053e+01
3.4006714113832082091449e+01
3.4006701242771413262744e+01
3.4006798136378080243958e+01
3.4006702886525758344760e+01
3.4006983739125068666453e+01
3.4007123872174112477751e+01
3.4007167759351830227388e+01
3.4007107034120664934562e+01
3.4007237272593705768031e+01
3.4007405992451076315319e+01
3.4007548278681404951840e+01
3.4007711843858167810595e+01
3.4007707224129404721680e+01
3.4007862708882768743024e+01
3.4007963864805454079487e+01
3.4008062313743543825240e+01
3.4008087763148338922292e+01
3.4008169024574904426572e+01
3.4008106480437312768572e+01
3.4008225146420819839932e+01
3.4008149742628724254701e+01
3.4008112685168377709033e+01
3.4008153894690295260261e+01
3.4008231713468262569222e+01
3.4008470692320067030323e+01
3.4008487932961322997016e+01
3.4008441073384368280585e+01
3.4008629668273087531816e+01
3.4008666873330561486455e+01
3.4008947390595650972500e+01
3.4008995341457598726720e+01
3.4008995097131901275134e+01
3.4009084527384189300392e+01
3.4009029195946325785371e+01
3.4009200422818572917549e+01
3.4009271598681571902034e+01
3.4009342821470085027613e+01
3.4009258921729085045627e+01
3.4009387196677565157188e+01
3.4009491115473956313053e+01
3.4009656636182704403382e+01
3.4009740184311120003713e+01
3.4009870530757318363158e+01
3.4009957772571866030376e+01
3.4009979600571213609328e+01
3.4010085323004005886105e+01
3.4010117851959172696752e+01
3.4010070373926708953150e+01
3.4010147530483898492548e+01
3.4010220091759912008911e+01
3.4010230402477212408030e+01
3.4010301976724782946349e+01
3.4010414613955795459788e+01
3.4010453423087547264458e+01
3.4010557829164234533437e+01
3.4010586386458847130143e+01
3.4010634780839126278806e+01
3.4010754736380796714457e+01
3.4010861138509184797840e+01
3.4010922263350032324070e+01
3.4010907538310739539611e+01
3.4010969201424686048085e+01
3.4011022510562760601260e+01
3.4011110534749192879644e+01
3.4011136797417641730590e+01
3.4011025042403765894505e+01
3.4010995836021955085471e+01
3.4011082238468986815860e+01
3.4011247435028018060166e+01
3.4011220671216463529163e+01
3.4011161545849489584725e+01
3.4011211885463033866017e+01
3.4011315554090558066491e+01
3.4011302909786380155310e+01
3.4011423417994876672310e+01
3.4011744161989440726757e+01
3.4011724067747806543593e+01
3.4011811903274988821977e+01
3.4011926147272738774063e+01
3.4011883118480277232720e+01
3.4012091855573054033357e+01
3.4012113625145730111399e+01
3.4012175357809582010304e+01
3.4012220686863294361046e+01
3.4012289572844714768962e+01
3.4012456793185805281610e+01
3.4012576054159794125553e+01
3.4012502742455836823865e+01
3.4012437548046989377326e+01
3.4012522682452548394849e+01
3.4012463157813911607263e+01
3.4012644018792585143274e+01
3.4012932392706723305764e+01
3.4013105278681017296094e+01
3.4013187424414816462104e+01
3.4013266918488888279626e+01
3.4013360444367251034237e+01
3.4013533992465426081253e+01
3.4013620598268794026353e+01
3.4013766735378659689104e+01
3.4013684802436166876305e+01
3.4013843607928492929204e+01
3.4014000567842550992737e+01
3.4014062006991132136591e+01
3.4014107415201500828061e+01
3.4014164766102418013816e+01
3.4014134228471824883400e+01
3.4014147827280034164232e+01
3.4014135972004183372519e+01
3.4014238583834028872843e+01
3.4014412030378977647160e+01
3.4014520114295883956856e+01
3.4014737161042361890395e+01
3.4014806522488207463084e+01
3.4014962533822156842689e+01
3.4015068256665912826975e+01
3.4015186109571679651253e+01
3.4015228360445803446055e+01
3.4015250577870183690266e+01
3.4015451509176877209484e+01
3.4015567452744321030877e+01
3.4015725472095134307438e+01
3.4015735541656383134068e+01
3.4015735179582819114330e+01
3.4015803754632401023628e+01
3.4015872500461448169062e+01
3.4015961132219104001706e+01
3.4015990449282824670263e+01
3.4016010545333202230722e+01
3.4016009388219522691088e+01
3.4016149813584505068320e+01
3.4016216124746591731309e+01
3.4016352757417294583320e+01
3.4016352878070357235174e+01
3.4016326666459107741503e+01
3.4016260418114150354540e+01
3.4016543354862960768514e+01
3.4016533554141417994288e+01
3.4016760801367404098983e+01
3.4016739414475786418279e+01
3.4016829841697443725934e+01
3.4016935317675560668249e+01
3.4017053747598701818333e+01
3.4016957105717473552886e+01
3.4017035587388946282772e+01
3.4017056729135823900378e+01
3.4017026349894265990770e+01
