1.8844139482036346453242e+05
1.8844139482023860909976e+05
1.8844139482031253282912e+05
1.8844139482027033227496e+05
1.8844139482028389465995e+05
1.8844139482028971542604e+05
1.8844139482027463964187e+05
1.8844139482029282953590e+05
1.8844139482027571648359e+05
1.8844139482029000646435e+05
1.8844139482027973281220e+05
1.8844139482029704959132e+05
1.8844139482030150247738e+05
1.8844139482031317311339e+05
1.8844139482032530941069e+05
1.8844139482033447711729e+05
1.8844139482034710817970e+05
1.8844139482035074615851e+05
1.8844139482035735272802e+05
1.8844139482036288245581e+05
1.8844139482036881963722e+05
1.8844139482037414563820e+05
1.8844139482038223650306e+05
1.8844139482038837741129e+05
1.8844139482039696304128e+05
1.8844139482040435541421e+05
1.8844139482042059535161e+05
1.8844139482042688177899e+05
1.8844139482043444877490e+05
1.8844139482044221949764e+05
1.8844139482046506600454e+05
1.8844139482046914054081e+05
1.8844139482047513592988e+05
1.8844139482048273202963e+05
1.8844139482050616061315e+05
1.8844139482051550294273e+05
1.8844139482052065432072e+05
1.8844139482052501989529e+05
1.8844139482054894324392e+05
1.8844139482056049746461e+05
1.8844139482056599808857e+05
1.8844139482057007262483e+05
1.8844139482059446163476e+05
1.8844139482060674345121e+05
1.8844139482061238959432e+05
1.8844139482061660964973e+05
1.8844139482064123149030e+05
1.8844139482065392076038e+05
1.8844139482065947959200e+05
1.8844139482066369964741e+05
1.8844139482068899087608e+05
1.8844139482070223311894e+05
1.8844139482070808298886e+05
1.8844139482071256497875e+05
1.8844139482073902036063e+05
1.8844139482075319392607e+05
1.8844139482075886917301e+05
1.8844139482076306012459e+05
1.8844139482078925357200e+05
1.8844139482080354355276e+05
1.8844139482081006281078e+05
