3.5450849471961225489736e+00
3.5450849471961149994570e+00
3.5450849471961078940296e+00
3.5450849471961007886023e+00
3.5450849471960923509073e+00
3.5450849471958911784952e+00
3.5450849472438514808914e+00
3.5450850615162274870329e+00
3.5452220426433673772237e+00
3.5460031505138074336969e+00
3.5469731659052810002208e+00
3.5476821099181949925594e+00
3.5480614695212975284733e+00
3.5493531917081515558721e+00
3.5504009616296987594808e+00
3.5515516774116169251840e+00
3.5528554934064113801639e+00
3.5541046457680960379832e+00
3.5552927038206947329968e+00
3.5568268426365596823757e+00
3.5576563663871594300758e+00
3.5585465402407110424576e+00
3.5592668185820159898469e+00
3.5598979776137165131900e+00
3.5607323387129548031282e+00
3.5615385466553264315337e+00
3.5625803936916700109805e+00
3.5632136990693621392268e+00
3.5640682778520691442736e+00
3.5646157464416083904268e+00
3.5652840737285873551343e+00
3.5658092703672426004857e+00
3.5668942162860606259756e+00
3.5680479130858908654034e+00
3.5693698155315418674149e+00
3.5700076188377769526028e+00
3.5709749978321942975867e+00
3.5712997690176724319144e+00
3.5716078865549025778137e+00
3.5722337022152776953021e+00
3.5728236175837140287115e+00
3.5723168399250067039929e+00
3.5736642032989403006127e+00
3.5737570485336984660307e+00
3.5741463740933654413823e+00
3.5743876267698095894332e+00
3.5746091186871793432545e+00
3.5748611983463947083806e+00
3.5753635756458539418645e+00
3.5754272842269734233867e+00
3.5762533546695878250432e+00
3.5760767341526005225205e+00
3.5765867033320049017675e+00
3.5771460582660483673578e+00
3.5777212153201420896664e+00
3.5773067621325269627164e+00
3.5782194048928981366942e+00
3.5784567111251517346204e+00
3.5787262688584533520952e+00
3.5788583416860015873340e+00
3.5792950621112593623252e+00
3.5795648797834385135275e+00
3.5799336591678452279552e+00
3.5799816922789768902646e+00
3.5812666036185984985707e+00
3.5812636839601337257477e+00
3.5813342120774285248785e+00
3.5819405013853513608524e+00
3.5823644676257937469188e+00
3.5822206212312472928261e+00
3.5827724322692624525644e+00
3.5826843315918641685869e+00
3.5835976733354888423833e+00
3.5827566933976005003615e+00
3.5838733166758034442978e+00
3.5845739562867038330296e+00
3.5847749100729715543423e+00
3.5851459610806846178832e+00
3.5854827740108912159656e+00
3.5856049514327104077438e+00
3.5857541452871926068724e+00
3.5855897097639464199403e+00
3.5861488527648730517683e+00
3.5858929315418830441331e+00
3.5862899857609424891791e+00
3.5869389548087804442389e+00
3.5873092327868221218523e+00
3.5871181093199009382033e+00
3.5876492406556956815677e+00
3.5880113523188463808822e+00
3.5881502736327841596164e+00
3.5876315747866818206546e+00
3.5883528601562169058070e+00
3.5884832460765059281016e+00
3.5888750922607934867870e+00
3.5885713812071813322291e+00
3.5895270800511989151005e+00
3.5888383882347687503511e+00
3.5898787423043483357787e+00
3.5900905122668262947627e+00
3.5901973347922431223367e+00
3.5894447486686678061574e+00
3.5900667234563701235572e+00
3.5898670273980313183415e+00
3.5909218385810031115568e+00
3.5904526648750598738502e+00
3.5910709246686458584463e+00
3.5912669768334417597089e+00
3.5921133526424253723519e+00
3.5922289880525930527710e+00
3.5929652231047892740889e+00
3.5913760704260564438073e+00
3.5923567775085984976613e+00
3.5918389513055828388133e+00
3.5923360083883402182892e+00
3.5927262583434318443665e+00
3.5926766924802122638027e+00
3.5926352633303366701512e+00
3.5937824044061272843464e+00
3.5937092222741942038056e+00
3.5941763461180329386480e+00
3.5935903223239584747262e+00
3.5931283588364002490323e+00
3.5935948688620804603033e+00
3.5938788085558854845658e+00
3.5935386115773497728298e+00
3.5941860788296216000504e+00
3.5940108545974602805018e+00
3.5942680641090944959615e+00
3.5947746001987090913588e+00
3.5946287771770037977603e+00
3.5951786138649874935425e+00
3.5948604775144632483830e+00
3.5946587355655146289735e+00
3.5951777104704576437655e+00
3.5946453703401184398558e+00
3.5948188287706166477165e+00
3.5956718958487101645005e+00
3.5956354338578115914515e+00
3.5951294880431223788264e+00
3.5958898628293893828811e+00
3.5956484985652328312256e+00
3.5957717689487518342162e+00
3.5958264173760290383086e+00
3.5958199414146609917964e+00
3.5959681425449883107603e+00
3.5960035331522437473950e+00
3.5956210605048548600848e+00
3.5977265221924277227572e+00
3.5971595314002509091722e+00
3.5971212033325179469045e+00
3.5970068285249681139248e+00
3.5971787680579287993510e+00
3.5967637849432190222387e+00
3.5971167399464665237474e+00
3.5971177268537775084667e+00
3.5971625162539844211551e+00
3.5963875881068094741977e+00
3.5975783609302043331013e+00
3.5982762232776326349892e+00
3.5980912572769740975787e+00
3.5975898205336247492880e+00
3.5982156953460551207513e+00
3.5978294564905182184589e+00
3.5982055286796859050469e+00
3.5980931797374493541497e+00
3.5991603246339667343534e+00
3.5978868427486974113094e+00
3.5983356669262018812105e+00
3.5992057815551241617413e+00
3.5989360700039756402191e+00
3.5984452018429817776735e+00
3.5985512115960527346203e+00
3.5991012805986675182623e+00
3.5990758454691365031408e+00
3.5991990720804611925132e+00
3.5990958846653495761814e+00
3.5992402030267278689735e+00
3.5989493999197001983248e+00
3.5995122631737626051063e+00
3.5998603925789298685345e+00
3.5992901962973107288235e+00
3.5987420374379039955670e+00
3.5994600604821695988278e+00
3.5995057594465555972363e+00
3.5998381362966749286159e+00
3.6003034453325617469943e+00
3.5996534292974988744618e+00
3.6007406901146277178327e+00
3.5999378034070637077946e+00
3.6003921898579633875670e+00
3.6008021567001815554931e+00
3.5999666904809255463249e+00
3.5999387990144309235063e+00
3.6002753620970144865510e+00
3.6004245531591618778577e+00
3.6010100506012334697914e+00
3.6005469881286971123302e+00
3.6008027823177894966022e+00
3.6010929353728413637725e+00
3.6004294026175478471430e+00
