1.8843923834343638736755e+05
1.8843923877655161777511e+05
1.8843923858727377955802e+05
1.8843923866011004429311e+05
1.8843923865462705725804e+05
1.8843923863151911064051e+05
1.8843923867420759052038e+05
1.8843923862924118293449e+05
1.8843923867455354775302e+05
1.8843923863619193434715e+05
1.8843923866878726403229e+05
1.8843923864427630905993e+05
1.8843923866287586861290e+05
1.8843923865041256067343e+05
1.8843923865878026117571e+05
1.8843923865411581937224e+05
1.8843923865657218266279e+05
1.8843923865592884249054e+05
1.8843923865568713517860e+05
1.8843923865658606518991e+05
1.8843923865552686038427e+05
1.8843923865667148493230e+05
1.8843923865566626773216e+05
1.8843923865654732799158e+05
1.8843923865586909232661e+05
1.8843923865639528958127e+05
1.8843923865603699232452e+05
1.8843923865630262298509e+05
1.8843923865628428757191e+05
1.8843923865671170642599e+05
1.8843923865700903115794e+05
1.8843923865732285776176e+05
1.8843923865766331437044e+05
1.8843923865795452729799e+05
1.8843923865830825525336e+05
1.8843923865862263482995e+05
1.8843923865901905810460e+05
1.8843923865939807728864e+05
1.8843923865980125265196e+05
1.8843923866017680848017e+05
1.8843923866058539715596e+05
1.8843923866100420127623e+05
1.8843923866142187034711e+05
1.8843923866180612822063e+05
1.8843923866217979229987e+05
1.8843923866260162321851e+05
1.8843923866307220305316e+05
1.8843923866352654295042e+05
1.8843923866390838520601e+05
1.8843923866429549525492e+05
1.8843923866480076685548e+05
1.8843923866538004949689e+05
1.8843923866585150244646e+05
1.8843923866614303551614e+05
1.8843923866649757837877e+05
1.8843923866721117519774e+05
1.8843923866788743180223e+05
1.8843923866822186391801e+05
1.8843923866857538814656e+05
1.8843923866935216938145e+05
1.8843923867008238448761e+05
