1.5700485782714011406824e+02
1.5699228573254586649455e+02
1.5698210354539105537697e+02
1.5697992911194609177983e+02
1.5698160796340113165570e+02
1.5698035211034982694400e+02
1.5697693646082916529849e+02
1.5697597109280096105977e+02
1.5697599824946007629478e+02
1.5696748770226281521900e+02
1.5694563645934593409947e+02
1.5691624443050099557695e+02
1.5689130777649606329760e+02
1.5687772162475727100173e+02
1.5687295565378113337829e+02
1.5687023554744726538956e+02
1.5686289112803996204093e+02
1.5684050689278288359674e+02
1.5678456637949236096574e+02
1.5651023547596261664694e+02
1.5526962794356549579788e+02
1.5349410117687554588883e+02
1.5153929136805652433395e+02
1.4958439958835799643566e+02
1.4763878617376920487914e+02
1.4491376916493834414723e+02
1.4123720605443128306433e+02
1.3665563156269894307115e+02
1.3141207458941826757837e+02
1.2619039598185325701252e+02
1.2152480101822263236500e+02
1.1784034808186426346310e+02
1.1530981127340443492812e+02
1.1360443109318110543882e+02
1.1207268467207045148371e+02
1.1021828230307013996025e+02
1.0851635994102694837693e+02
1.0734365127890751523410e+02
1.0594267344259321816935e+02
1.0469030781967106236152e+02
1.0340120806738705994121e+02
1.0218837681828077279533e+02
1.0109992249547698861534e+02
1.0008139647503415403662e+02
9.9142039617209363200345e+01
9.8096323378826852490420e+01
9.6767507542320913671574e+01
9.5269780457266890039136e+01
9.3780954414218157921823e+01
9.2182785307267067764769e+01
9.0506924791643740491054e+01
8.8890342801311305720446e+01
8.7357318469779073666359e+01
8.5903290714532118954594e+01
8.3857385810256829472564e+01
8.1333873379619177512723e+01
7.9054144695530766284719e+01
7.6828370250803672547590e+01
7.4012526992441479478657e+01
7.2034742557647930993880e+01
7.0131745982360897073704e+01
6.8296180840836683501038e+01
6.6154874524431178883788e+01
6.4007610989708609849913e+01
6.1861868673316791955585e+01
5.9493671251359003804282e+01
5.7271703544286417297826e+01
5.5249745421460559668958e+01
5.3552673620582481817110e+01
5.1929785649098029409743e+01
4.9528994756220221518106e+01
4.7377156622862038659605e+01
4.5352899767084828397401e+01
4.3298238427955986651341e+01
4.1415684253686542604100e+01
3.9663915257082798859756e+01
3.8419872677114796033493e+01
3.7440529454811915854862e+01
3.6219684509152720863767e+01
3.4554127145037455193233e+01
3.2934397322509802563673e+01
3.1621338027777017742892e+01
3.0198250605302227711491e+01
2.8964767507136532032064e+01
2.8035875749056039296647e+01
2.7131811150897707562990e+01
2.5940399574435968332864e+01
2.4764605604798536120370e+01
2.3990685068938731205890e+01
2.3518197621411182751672e+01
2.2971171441820150249669e+01
2.2456929043975648596643e+01
2.1951924893972609709181e+01
2.1544487209437633623565e+01
2.1151633415871273768971e+01
2.0624476159604657965474e+01
1.9980136849710234514532e+01
1.9519480688068259865986e+01
1.9043886143084424844574e+01
1.8329472297330386965086e+01
1.7726042622068671761326e+01
