3.5450849471961234371520e+00
3.5450849471961016767807e+00
3.5450849471960945713533e+00
3.5450849471960821368555e+00
3.5450849471960776959634e+00
3.5450849471960674819115e+00
3.5450849471960590442166e+00
3.5450849471961429770772e+00
3.5450849472522651950612e+00
3.5450849802231165774913e+00
3.5451043379076807582351e+00
3.5455232003368939430743e+00
3.5456660933695838266999e+00
3.5457072971162526542344e+00
3.5457702559628474503484e+00
3.5457669481523450549787e+00
3.5460961432759079414723e+00
3.5462507414223938262410e+00
3.5463425247293289821471e+00
3.5463854043357940781789e+00
3.5464282881116933054955e+00
3.5464686385707588911487e+00
3.5465127396848878937874e+00
3.5465664752971473028254e+00
3.5466690343854376799015e+00
3.5467362688231718337306e+00
3.5469106855748924189697e+00
3.5469990962606163797943e+00
3.5471450472403223130868e+00
3.5471336134709749998706e+00
3.5473592905058226598669e+00
3.5473890028544254882092e+00
3.5474632563604169277482e+00
3.5473736495571150939554e+00
3.5475895851328163033145e+00
3.5475308419476179189189e+00
3.5476494815539050264874e+00
3.5475841805914445359349e+00
3.5477168393246483191206e+00
3.5476638686156958257811e+00
3.5477741622235838825361e+00
3.5477185167669653687028e+00
3.5478442157064087325580e+00
3.5477937052814847440629e+00
3.5479043608000662146651e+00
3.5478495568957657546605e+00
3.5479669803363265145890e+00
3.5479135964109733691885e+00
3.5480275978741162568042e+00
3.5479694625471340785339e+00
3.5480797845365454890043e+00
3.5480245407277286595615e+00
3.5481415033146106452477e+00
3.5480822472936859313108e+00
3.5481882574977459121612e+00
3.5481319883878543741673e+00
3.5482510106808096139730e+00
3.5481872558870266587405e+00
3.5482984568059117158612e+00
3.5482400304025087933724e+00
3.5483593297887474626862e+00
