3.3184129158446829421791e+01
3.3184129158413497862057e+01
3.3184129158383733226856e+01
3.3184129158369664480688e+01
3.3184129158359624511831e+01
3.3184129158344582322115e+01
3.3184129156756725365085e+01
3.3184125947261790656739e+01
3.3181724787082025329710e+01
3.3176174976961320339797e+01
3.3172366491504533314583e+01
3.3170436622454040787034e+01
3.3163624065295060461267e+01
3.3154747781185704980089e+01
3.3145804020923264943121e+01
3.3137365272497916635075e+01
3.3133788575363013251263e+01
3.3127212766860665738022e+01
3.3128342072905887505385e+01
3.3128087233896685859236e+01
3.3121003417788770661900e+01
3.3120872103213180537296e+01
3.3118472068193405277725e+01
3.3115839447671170603371e+01
3.3119673714896656235851e+01
3.3119229698920307214394e+01
3.3113855374484771232346e+01
3.3112239617419511716889e+01
3.3108117673400471403511e+01
3.3107469160672373220677e+01
3.3117567366282052887527e+01
3.3112654057239204519192e+01
3.3109332785897223061511e+01
3.3104555759154301597391e+01
3.3114866872109615769659e+01
3.3116938071677601840292e+01
3.3126179940894878939162e+01
3.3127894224020415947507e+01
3.3124949142991354733567e+01
3.3123913986870341830127e+01
3.3121830023690343125509e+01
3.3118273714506045735106e+01
3.3112332149546801929318e+01
3.3114922631925836071787e+01
3.3117533322171404108758e+01
3.3119494858185312580190e+01
3.3120813506249454860608e+01
3.3126599322293401428396e+01
3.3129495027799123363366e+01
3.3125208549834596283290e+01
3.3121947287832512074601e+01
3.3118667642631365310990e+01
3.3123417204886699494182e+01
3.3128751624422271504500e+01
3.3125346023284635066375e+01
3.3124059607806835003885e+01
3.3123309408033783540759e+01
3.3115097199982500342230e+01
3.3123190874371402969700e+01
3.3125651087695310081926e+01
3.3129490290301355059910e+01
3.3129565533496247553558e+01
3.3129045563155436582292e+01
3.3124779074019976121690e+01
3.3128320830225405302372e+01
3.3124121845201273117709e+01
3.3127985099021366011129e+01
3.3126276895584240378412e+01
3.3131984662806907238064e+01
3.3139703542150478199346e+01
3.3149669571075556007145e+01
3.3155997178017187820842e+01
3.3167751808030409677031e+01
3.3169962928920305955671e+01
3.3171569415267661895541e+01
3.3178184406546961326967e+01
3.3187850628470400238257e+01
3.3192419155594798496622e+01
3.3192022810540478872099e+01
3.3189004390243439956976e+01
3.3197049227535998738858e+01
3.3200957864278940689928e+01
3.3209928045545304087227e+01
3.3214897776967148956828e+01
3.3219351749849209909371e+01
3.3215259099961087940756e+01
3.3220014949106889901032e+01
3.3216420886933867961943e+01
3.3222813280883691788858e+01
3.3223162538690701239830e+01
3.3223435178675302381635e+01
3.3224529220293220532767e+01
3.3224050193574854006329e+01
3.3240831738286701124707e+01
3.3251786634454433055907e+01
3.3264324647960123115809e+01
3.3269573843903216925355e+01
3.3272925279914254304003e+01
3.3274174804148017869920e+01
3.3283344486782773685718e+01
3.3280693010599009085126e+01
3.3287429230548184477811e+01
3.3289160829113292550119e+01
3.3286110176499569490716e+01
3.3289994724904303780022e+01
3.3293640805217968647867e+01
3.3305048590486265425170e+01
3.3312588138240954549474e+01
3.3303855867137947655010e+01
3.3299476157242679619230e+01
3.3306164567406767673674e+01
3.3309847327734622979278e+01
3.3314028186484762272812e+01
3.3323231476494250102860e+01
3.3321146067514902711082e+01
3.3321061336071309710860e+01
3.3329191929219291523623e+01
3.3343459025410851381821e+01
3.3344362888833110503128e+01
3.3354522517552872784563e+01
3.3351680196389800414636e+01
3.3354068222448177039041e+01
3.3357071551143512522231e+01
3.3362899413546600158043e+01
3.3366077224393734468322e+01
3.3367845956797630435631e+01
3.3371949285999889411869e+01
3.3373787444055437845236e+01
3.3370477343577313433798e+01
3.3380058677225065366656e+01
3.3387581264406357206553e+01
3.3394609668054478390786e+01
3.3404481228604204545718e+01
3.3409019404085064763876e+01
3.3409461322521870840774e+01
3.3410527606987315607512e+01
3.3412781450342883715621e+01
3.3419771685799432248132e+01
3.3423993935792871923240e+01
3.3423351800117174548177e+01
3.3428673175856182808729e+01
3.3434910271341472309814e+01
3.3434802731553148191779e+01
3.3443742159288881055090e+01
3.3445475629671953754496e+01
3.3448350611045903235663e+01
3.3451846301977845143938e+01
3.3453524273152481782745e+01
3.3455675638334305688204e+01
3.3457142140099008997822e+01
3.3457362214077029705095e+01
3.3453545678734535329113e+01
3.3458407104102285245517e+01
3.3462002267558460744112e+01
3.3474820014634886433669e+01
3.3478405360704449833520e+01
3.3484831924661484947592e+01
3.3485597300075887972071e+01
3.3494485833203299307570e+01
3.3493336935851210967030e+01
3.3491524873680191376479e+01
3.3496171547539482560296e+01
3.3498951858572432627170e+01
3.3497396563214927311947e+01
3.3497136769170602121903e+01
3.3502306142656557597093e+01
3.3506687368036537577609e+01
3.3511917764783298423481e+01
3.3513086325423579125982e+01
3.3516873875117461523132e+01
3.3512898178942101878874e+01
3.3512012958474990398372e+01
3.3510720384836581331456e+01
3.3516416610762249206346e+01
3.3521396544458028188274e+01
3.3519332447785082251812e+01
3.3519518006051413294699e+01
3.3528592066979157948481e+01
3.3534850709332289397935e+01
3.3538782022328042842219e+01
3.3539492536375732356646e+01
3.3545719794152013548683e+01
3.3539669132626734437963e+01
3.3539231781563366041610e+01
3.3540362197803219146408e+01
3.3542806182006323467704e+01
3.3541120851207480768608e+01
3.3539990104925983871453e+01
3.3541047525985618449340e+01
3.3543257381243478221222e+01
3.3554893479128374167431e+01
3.3562753318105976063634e+01
3.3564571631094324288824e+01
3.3565642761258096982147e+01
3.3565411801930821411588e+01
3.3559750612733871832916e+01
3.3559769982190459813864e+01
3.3562144876796800474494e+01
3.3564043961799733040152e+01
3.3567782679237431864294e+01
3.3572386455951004791132e+01
3.3576528683097819794057e+01
3.3580835114643086569686e+01
3.3590383413323607442180e+01
3.3595800657861637716906e+01
3.3593019613835821246539e+01
3.3598070758223592235936e+01
3.3604730470320987478772e+01
3.3597920841680057435497e+01
3.3597442813952405060718e+01
3.3599076967474388766277e+01
3.3593734154722433515872e+01
3.3598295038914578469758e+01
3.3595486614613470521817e+01
3.3600640763990803350225e+01
3.3605560195879178309042e+01
3.3606154376382683324209e+01
3.3607317862623858673032e+01
3.3600337784256311124409e+01
3.3602234689675590573188e+01
3.3595049768149706892473e+01
3.3603636251668902445999e+01
3.3609460370507960647046e+01
3.3611442645372584081542e+01
3.3614873798250371805807e+01
3.3617777461787390791415e+01
3.3623052275625205709275e+01
3.3635369230632896631050e+01
3.3631842464182398089179e+01
3.3626630085577204454239e+01
3.3629222037814173518200e+01
3.3632360362273551857015e+01
3.3625848047496837978088e+01
3.3628605587479242444715e+01
3.3621089840022264638719e+01
3.3612117480964549542932e+01
3.3618200722052641538085e+01
3.3635383836893524289735e+01
3.3643685799548023851457e+01
3.3651482302645902677796e+01
3.3645479784256693278621e+01
3.3645455132465443170986e+01
3.3649132533980633752435e+01
3.3648569604155589729544e+01
3.3646314640958955521910e+01
3.3636412176663661455223e+01
3.3639108920608094877025e+01
3.3637608251472421727613e+01
3.3647049724174095786111e+01
3.3657002789644174356454e+01
3.3666496250438200377175e+01
3.3670696404690602321352e+01
3.3666428044413009956770e+01
3.3664445052670416203000e+01
3.3666727777309922942095e+01
3.3664841791285880390205e+01
3.3663539777890747473066e+01
3.3660834551716050100367e+01
3.3656627996773686106735e+01
3.3655866426560663740020e+01
3.3662742755320081755599e+01
3.3674527076139078474171e+01
3.3690164901388264695470e+01
3.3686641735292383259548e+01
3.3682561583090112833361e+01
3.3680567379923907367356e+01
3.3678486218181532763083e+01
3.3681774538688067366365e+01
3.3674711990857730370408e+01
3.3673760714006000682730e+01
3.3675028205464926145396e+01
3.3668117894942817258652e+01
3.3674129778502710053090e+01
3.3684104177620199038756e+01
3.3685582228669545656885e+01
3.3687093298458187007327e+01
3.3689990296462930530197e+01
3.3686767177739902479061e+01
3.3690493663233226584452e+01
3.3691235349735407567096e+01
3.3687854784016899145627e+01
3.3687865380056649655671e+01
3.3685582954381253273368e+01
3.3690586009001755485315e+01
3.3691075876385809806379e+01
3.3691883029801140025938e+01
3.3701523724266671422356e+01
3.3696933444068001506366e+01
3.3698532261952358624058e+01
3.3694209600492804668193e+01
3.3691324468858702800844e+01
3.3689948626671444742442e+01
3.3692017564006341956429e+01
3.3693232660429501379440e+01
3.3688637360531899389571e+01
3.3688844768082823577515e+01
3.3698570221011927117161e+01
3.3703525075205121197541e+01
3.3708335391218042786932e+01
3.3711419326392309869789e+01
3.3709071962116233578399e+01
3.3712790453435481197175e+01
3.3718524241360974258441e+01
3.3709256061354921030215e+01
3.3711264374002801957886e+01
3.3712462003717540426351e+01
3.3711296583790634429079e+01
3.3707328783012563633292e+01
3.3708819531091435806047e+01
3.3712606063083065066621e+01
3.3719158080505643226843e+01
3.3715448564068019265960e+01
3.3715388533926883951608e+01
3.3712079828599478048545e+01
3.3716610488438391257660e+01
3.3714055537760486913612e+01
3.3715971494560527332851e+01
3.3714041351753735398233e+01
3.3708646904838666102933e+01
3.3712788102147875690662e+01
3.3722775642561238385042e+01
3.3724414145060855219072e+01
3.3727361641239994582975e+01
3.3719222596571803762799e+01
3.3720437879507151990310e+01
3.3719064698840760740950e+01
3.3719130618686072864421e+01
3.3716099716964549770637e+01
3.3710260166512071577927e+01
3.3706516464680127853626e+01
3.3706600593617196182095e+01
3.3715430970028869239741e+01
3.3720648504227703767810e+01
3.3729860942800208079007e+01
3.3736855899393432878242e+01
3.3738866057276595711301e+01
3.3734585696854622938190e+01
3.3734717998816080353208e+01
3.3727148604371549822645e+01
3.3727236362452863716044e+01
3.3722056048848507714411e+01
3.3715632210243768440705e+01
3.3710399728942306296631e+01
3.3713474384919614124101e+01
3.3722108883029413561871e+01
3.3735581805291104728894e+01
3.3737483062401750544268e+01
3.3736958293259434071842e+01
3.3730144748832032064456e+01
3.3734596009220325640854e+01
3.3729110669718266990458e+01
3.3725691593121268851974e+01
3.3721019478255151113899e+01
3.3718525791784976775034e+01
3.3714280780054060926432e+01
3.3723187482311828944148e+01
3.3735470014422872964133e+01
3.3742547895496656451542e+01
3.3736253272658878188395e+01
3.3735114458136905568608e+01
3.3739041382777259059367e+01
3.3740165246193598136415e+01
3.3736535396873243541904e+01
3.3735763663810082846339e+01
3.3726798325476366358089e+01
3.3722459084906830639738e+01
3.3723079608743645962932e+01
3.3734312168062984937933e+01
3.3742895890530178348854e+01
3.3751458449316395160622e+01
3.3742382206437959268897e+01
3.3742268057588013618897e+01
3.3743277610417450773639e+01
3.3744493800423789764409e+01
3.3733487218852090450127e+01
3.3729272015587831390349e+01
3.3730452164246045754226e+01
3.3727524380617118993086e+01
3.3734276435544970240699e+01
3.3731856384601385911992e+01
3.3739668042503772937835e+01
3.3747355361990813094053e+01
3.3740285017383904175858e+01
3.3737578209009939200769e+01
3.3731987594147739173422e+01
3.3738357837112836534743e+01
3.3728704968179222589697e+01
3.3731339485431227842582e+01
3.3729622532799254486235e+01
3.3719887921024067622966e+01
3.3724612029121871614734e+01
3.3730954058734198497405e+01
3.3741536148046201049056e+01
3.3746490854310991380771e+01
3.3749724181039475467969e+01
3.3744281251412374444953e+01
3.3749240406998822550122e+01
3.3749740353468730802433e+01
3.3743332596755337249306e+01
3.3745478200023605097613e+01
3.3739373730996426559159e+01
3.3735034462912807384782e+01
3.3737125169294230886408e+01
3.3749274366132155478226e+01
3.3745167245317205129140e+01
3.3748923727264745764387e+01
3.3744372881483670312264e+01
3.3740153042877146560841e+01
3.3739454054344122369002e+01
3.3739591208650338671760e+01
3.3741500425016745623452e+01
3.3735400702399722661085e+01
3.3733511521125848275915e+01
3.3740223207495930068944e+01
3.3743089968854704352452e+01
3.3748538203522109313326e+01
3.3749350532905026511798e+01
3.3748394576648259146623e+01
3.3744766551219335326550e+01
3.3748268322971284760570e+01
3.3748909747944871639902e+01
3.3743170053233455973896e+01
3.3741729138455248460104e+01
3.3737334553012814808426e+01
3.3738048986177233246053e+01
3.3740808540662555969902e+01
3.3745450152849471692207e+01
3.3748682494768196704626e+01
3.3753402808456471007048e+01
3.3748811199834307217316e+01
3.3749974476512861087940e+01
3.3752653220826609015148e+01
3.3759625740148159422915e+01
3.3750565894021420376703e+01
3.3751911182905438124635e+01
3.3752244976046945623693e+01
3.3748153511545510241376e+01
3.3754728872667655537043e+01
3.3760744507626341714968e+01
3.3760892242049131084514e+01
3.3766197278191583563967e+01
3.3756627846176350260521e+01
3.3748015685851250111682e+01
3.3749545207011379943651e+01
3.3750089757024859693502e+01
3.3748674902284449217404e+01
3.3751295284593538781337e+01
3.3753093598953121556860e+01
3.3746259139812259775226e+01
3.3746800560982940453414e+01
3.3748141167508293847277e+01
3.3759084389272125292791e+01
3.3764996701943957191361e+01
3.3761465349174557104561e+01
3.3759006868193864647765e+01
3.3758673169841955541415e+01
3.3749017013333400427655e+01
3.3749542430643394652634e+01
3.3749312811935098466165e+01
3.3743314959057762791872e+01
3.3743488567960426394166e+01
3.3750295755034343869738e+01
3.3763352354317831327535e+01
3.3763691673227882006358e+01
3.3766303435141580280288e+01
3.3767623627557583176895e+01
3.3764203069547072288970e+01
3.3758862744297410074523e+01
3.3753083756189283803906e+01
3.3753540706659954651059e+01
3.3757339376750131521021e+01
3.3756955107738313870414e+01
3.3758420265819168548660e+01
3.3759629117783049423451e+01
3.3764953559370567859332e+01
3.3767565182553546776489e+01
3.3766248981077957580510e+01
3.3762886939966307409122e+01
3.3758452410589107728356e+01
3.3761674293587006445705e+01
3.3761987698935634227837e+01
3.3760049879230692226884e+01
3.3756292059615461198518e+01
3.3754822083804661758677e+01
3.3744147642640648143697e+01
3.3748090822786004139289e+01
3.3751701999415423927076e+01
3.3760834810811289230514e+01
3.3761471825208026587006e+01
3.3763119780668112923649e+01
3.3763459732841710092544e+01
3.3765528662667811943265e+01
3.3762851665294007830198e+01
3.3764343141632075173675e+01
3.3759716650823939687598e+01
3.3760439941003902220018e+01
3.3764606786702088925267e+01
3.3766529351612881271194e+01
3.3767363374436392575717e+01
3.3767276975595315491319e+01
3.3764899023606432137967e+01
3.3765336032189644299706e+01
3.3759224205347493352747e+01
3.3764289119517634674139e+01
3.3758336620839848762898e+01
3.3763224533456174469848e+01
3.3763726664291233703352e+01
3.3760350693240617658830e+01
3.3764749207016073739851e+01
3.3764133546486249315421e+01
3.3768538622598640586148e+01
3.3777748608243896910608e+01
3.3770829104719375379773e+01
3.3770152305815841486947e+01
3.3764712818432769836363e+01
3.3770254894801873035703e+01
3.3767733534717898180588e+01
3.3770851668518972132915e+01
3.3767594474750076471992e+01
3.3763026472182779968989e+01
3.3764651501948229395111e+01
3.3769839291439993189670e+01
3.3774019706875471058538e+01
3.3778914233435756386825e+01
3.3776070706469631943492e+01
3.3771204192100761076745e+01
3.3772606227669825784687e+01
3.3777656664077284176528e+01
3.3772906651766497532208e+01
3.3774143712375682468974e+01
3.3771309748187562149724e+01
3.3760369121021412297523e+01
3.3756694083297794861664e+01
3.3765155424358063385171e+01
3.3769572262416566843513e+01
3.3776904852492727115987e+01
3.3774936202705696075554e+01
3.3770350755654476415657e+01
3.3772102342719307443986e+01
3.3779696296495600904564e+01
3.3774267531201260794660e+01
3.3778079524247480946997e+01
3.3771017923954595119085e+01
3.3769493655341200621933e+01
3.3768501479542514687182e+01
3.3779113298578494095636e+01
3.3779535789695735559235e+01
3.3781742260410652534119e+01
3.3775866341239471069002e+01
3.3777876995819276828570e+01
3.3776430332218190244475e+01
3.3772848686938651496803e+01
3.3781091361090979319215e+01
3.3780771652518005510046e+01
3.3774014546977340955891e+01
3.3768055415069326841149e+01
3.3773101212121346748063e+01
3.3774856256800802611906e+01
3.3781017457851930885226e+01
3.3785787092813542642489e+01
3.3784148661568863758475e+01
3.3782053832896515643824e+01
3.3785077607089199602797e+01
3.3781546166059150948513e+01
3.3782481936445464043572e+01
3.3781758791849043177535e+01
3.3772783034438077720552e+01
3.3767155347255275898988e+01
3.3777384402579997413341e+01
3.3785891929244463938176e+01
3.3786691368139997848630e+01
3.3783219406068035084445e+01
3.3781969369838016348240e+01
3.3783895965239608472075e+01
3.3787106237471114411619e+01
3.3780850123233790327504e+01
3.3782690323363581796912e+01
3.3779236925703109761798e+01
3.3768563792655569955059e+01
3.3778414375888395682068e+01
3.3786052468995521280704e+01
3.3783970860852512885231e+01
3.3790152684103553326622e+01
3.3782074703630001977217e+01
3.3784706556033590629795e+01
3.3784735943566786886549e+01
3.3786769819499362199622e+01
3.3779752667673989208197e+01
3.3784345794154674536003e+01
3.3781055410222954549226e+01
3.3780743472440576624649e+01
3.3782897527621024380551e+01
3.3784311923079329176289e+01
3.3788219870406905442906e+01
3.3789499153782280416181e+01
3.3791182481363442491329e+01
3.3785300668506508259270e+01
3.3785559564325048143019e+01
3.3778085121267871215878e+01
3.3779725177214992015706e+01
3.3776978079704839785791e+01
3.3771261123156421035674e+01
3.3771415996533832526438e+01
3.3775005024967285294224e+01
3.3783194782043160842022e+01
3.3787599716967918084265e+01
3.3793106252980919634865e+01
3.3787070780693760241320e+01
3.3778362081890428214592e+01
3.3780017144649349347674e+01
3.3784767934105353504037e+01
3.3783443939969295399806e+01
3.3779161121885046270563e+01
3.3776678030946598596529e+01
3.3772912781295559625505e+01
3.3780144667015250092845e+01
3.3786326303239540891354e+01
3.3795433432958567721016e+01
3.3791766185411880485390e+01
3.3791177609224028799417e+01
3.3787385506528934797643e+01
3.3794075954404682704535e+01
3.3785313509557205691181e+01
3.3786709822332312569415e+01
3.3784174379937120136219e+01
3.3775742437095033210426e+01
3.3776018956657615888162e+01
3.3783233627785442365621e+01
3.3788539866781007958707e+01
3.3795732310277038834556e+01
3.3794604977033642967399e+01
3.3798838021678797360892e+01
3.3793513628939109594285e+01
3.3790755812291756399190e+01
3.3784373995076251162573e+01
3.3788296741281307333793e+01
3.3781768687980701315610e+01
3.3776413406429995234248e+01
3.3783078570672415708032e+01
3.3789137903724679290463e+01
3.3794044607825981074711e+01
3.3803686876382961656873e+01
3.3801497915026878615663e+01
3.3797044243251583850451e+01
3.3795771022016616313977e+01
3.3796027681436548562033e+01
3.3787656959776747100932e+01
3.3792485500684811938754e+01
3.3784630688229405848233e+01
3.3780113208120880585739e+01
3.3785856185469263834875e+01
3.3790375364276776792849e+01
3.3798389622418874012055e+01
3.3799847168542683562009e+01
3.3801317622978210408746e+01
3.3794627436791046193321e+01
3.3796577599886980181054e+01
3.3793229336145010677228e+01
3.3791056445267038554903e+01
3.3783053978766552916113e+01
3.3777063324760710827377e+01
3.3768538181142481846564e+01
3.3777463598455526039288e+01
3.3788559925180088328034e+01
3.3791692231637313170722e+01
3.3795476880723427370867e+01
3.3791273437450769279167e+01
3.3790753464462369493049e+01
3.3790280296831603834562e+01
3.3791627557515781177244e+01
3.3781439643092141977831e+01
3.3781369549781956607148e+01
3.3778680257275418341578e+01
3.3781805830559896719478e+01
3.3782902533070711115215e+01
3.3787333882526020545356e+01
3.3797767016943396356510e+01
3.3799979622768077547335e+01
3.3801508193907054078409e+01
3.3800037110261314410309e+01
3.3805623196287406528882e+01
3.3800863697217543801798e+01
3.3808218977355366519078e+01
3.3795733485685637731422e+01
3.3789542216376332817163e+01
3.3789516585103875456753e+01
3.3790791498161603101380e+01
3.3790420163141682508012e+01
3.3798516316197925846154e+01
3.3794251116953731184367e+01
3.3791714941513653513994e+01
3.3792785656764039003974e+01
3.3796886348827825941044e+01
3.3795170810494425950310e+01
3.3794509753013940667188e+01
3.3789845955511168540397e+01
3.3786813550867123012722e+01
3.3790818984047469086818e+01
3.3798938113547670525350e+01
3.3793941335331659558960e+01
3.3803004582637335317941e+01
3.3797715086285656127529e+01
3.3791928192414708576052e+01
3.3792746173142646171073e+01
3.3797735910669665315709e+01
3.3793606167609709700628e+01
3.3794082804755554150233e+01
3.3792969168602247975741e+01
3.3787016141996190299324e+01
3.3785141772995970654847e+01
3.3793454158056356106954e+01
3.3795077593669383020369e+01
3.3794631898780338019606e+01
3.3789088873938091239779e+01
3.3788150104643129623128e+01
3.3788575201911847045722e+01
3.3788537136471148869532e+01
3.3787502269035606161651e+01
3.3777813844691898736983e+01
3.3784338693201803494048e+01
3.3785353269656155816847e+01
3.3785526079225064677303e+01
3.3793320126187772700632e+01
3.3794983356364205917544e+01
3.3802087169879456496346e+01
3.3800938090462800289515e+01
3.3794146773181211074188e+01
3.3795794116705877740969e+01
3.3796531713166409360838e+01
3.3792912521655189550529e+01
3.3792874988081379683535e+01
3.3792000241406178417947e+01
3.3799207759325177846677e+01
3.3798909366552145172591e+01
3.3808215188321113942038e+01
3.3811079075338049904076e+01
3.3809957079689617387430e+01
3.3807239418431933586362e+01
3.3802593211287053520664e+01
3.3801565959682896789218e+01
3.3794859062187981635361e+01
3.3798593560737764107671e+01
3.3796012781983399975161e+01
3.3793969783462983969002e+01
3.3797708774841659362664e+01
3.3802463154185630855864e+01
3.3808241267077015379527e+01
3.3814538190885521373730e+01
3.3811541263363046994073e+01
3.3802784250172756230768e+01
3.3804120092101513250782e+01
3.3802917450692739009810e+01
3.3797399500346131162587e+01
3.3795211518581815823836e+01
3.3796135884559554085627e+01
3.3787178957072548257656e+01
3.3789450727913113325940e+01
3.3789314428525315747720e+01
3.3794162543453076352762e+01
3.3800550781957866774974e+01
3.3806629750059720151967e+01
3.3809229758095320050870e+01
3.3806585100400418752997e+01
3.3799179793764437818027e+01
3.3803500231426390598699e+01
3.3804187020664301144279e+01
3.3799460993728644098155e+01
3.3794395174095747336196e+01
3.3795505921867395215941e+01
3.3805001474592266674790e+01
3.3807601456135571993400e+01
3.3807317114719801054434e+01
3.3809163223979787460394e+01
3.3806564575695297492075e+01
3.3804584561128827147058e+01
3.3798686825861622651246e+01
3.3794999116735255029198e+01
3.3797928022269438486092e+01
3.3796084308217750447056e+01
3.3791827371134665725094e+01
3.3792515705056302977027e+01
3.3804395417696042613898e+01
3.3806135161235154384940e+01
3.3814192597560776221144e+01
3.3810627342784869142633e+01
3.3806165624451367079928e+01
3.3810367786062371919797e+01
3.3806790379491928888456e+01
3.3802577765439444590356e+01
3.3802738490411833538474e+01
3.3795531521360480553540e+01
3.3788178520092621681670e+01
3.3791223531877498942322e+01
3.3798687166080277677338e+01
3.3805297561689734209267e+01
3.3809405248881994054955e+01
3.3805714370346962027725e+01
3.3802828605616447532611e+01
3.3804217639252804872285e+01
3.3801929052105535333794e+01
3.3808169242457658754120e+01
3.3806968124543921305758e+01
3.3799099534475850248327e+01
3.3804915260333984861063e+01
3.3805832443609453719091e+01
3.3814322466710621029051e+01
3.3814623071522269981415e+01
3.3815238382152109863910e+01
3.3813438394706949452484e+01
3.3808573217221642437380e+01
3.3810807693059786060985e+01
3.3803860580853807960011e+01
3.3810438283546695004134e+01
3.3801198162325547968976e+01
3.3807256879269452554126e+01
3.3808577235676501970829e+01
3.3812786950816409614617e+01
3.3808966483459940377543e+01
3.3812534654709139658735e+01
3.3808724435237280658839e+01
3.3805321938513642976432e+01
3.3806616504602921224887e+01
3.3808143616408905529624e+01
3.3809569356755702074224e+01
3.3805578259759251125161e+01
3.3802244002428260216675e+01
3.3797749322116153791740e+01
3.3801704312387307993504e+01
3.3806435347390646484200e+01
3.3816043794443004344430e+01
3.3817435633988125687210e+01
3.3806297564362253638137e+01
3.3803248917126488493068e+01
3.3803624573282689880216e+01
3.3806477385838789473382e+01
3.3809905819564889384310e+01
3.3812340723459229252512e+01
3.3806406870572942580111e+01
3.3798543882737014598661e+01
3.3804856071066360811983e+01
3.3813480097361917842136e+01
3.3816844780861913477565e+01
3.3822027467825535040902e+01
3.3817745740743454518906e+01
3.3813991751094299331726e+01
3.3812819639073751432079e+01
3.3815178757879827742272e+01
3.3816018175067220852270e+01
3.3811917561019086519991e+01
3.3800487425095397497898e+01
3.3804628457480795589163e+01
3.3815177319125950816670e+01
3.3823534805505147460281e+01
3.3824632689039376032270e+01
3.3820275546014940459827e+01
3.3821692736276638413528e+01
3.3818946100192569303999e+01
3.3816986417511188278695e+01
3.3816166691030623780989e+01
3.3816794312630563013045e+01
3.3813653909583067047606e+01
3.3813047785838577397044e+01
3.3819754324419854185635e+01
3.3821705451355043692274e+01
3.3822993787228469386719e+01
3.3825712299958496487307e+01
3.3825295640920828077469e+01
3.3826068190346390451850e+01
3.3818017181074033317145e+01
3.3816616356905569773517e+01
3.3821296233497008643099e+01
3.3825372892696336180052e+01
3.3820733515484917575122e+01
3.3813622255433280372472e+01
3.3806568632582390421248e+01
3.3814982456430193735741e+01
3.3818936875687889198616e+01
3.3823780643886628638484e+01
3.3817926428043023179271e+01
3.3811041520821781602990e+01
3.3814434797744958416388e+01
3.3816524468629800992403e+01
3.3812608336105000716998e+01
3.3815817228739781796776e+01
3.3807976633830953971938e+01
3.3802503081993648947901e+01
3.3806589662202398471891e+01
3.3815356808429626767065e+01
3.3823263035343700266822e+01
3.3824563504999503038562e+01
3.3820303025081578596200e+01
3.3817561374126135831375e+01
3.3823472406118270328079e+01
3.3817234736691602847714e+01
3.3817141367445053390384e+01
3.3817932152913549259665e+01
3.3811677715506405661472e+01
3.3818093105407413645480e+01
3.3820290705119923302391e+01
3.3818615190794758973425e+01
3.3820212608567565837348e+01
3.3816374689573429179745e+01
3.3819084539287864288326e+01
3.3817131244628981789901e+01
3.3823007582291026551502e+01
3.3823566164950925383437e+01
3.3826022789021841674639e+01
3.3827458009944322725460e+01
3.3825803924890045948359e+01
3.3830315103752944594362e+01
3.3827487836980409952048e+01
3.3829401314334617723034e+01
3.3829189219581280667626e+01
3.3826439224349577727935e+01
3.3827063780007136983841e+01
3.3819525930555066395300e+01
3.3815948382574184449822e+01
3.3819669164211440204326e+01
3.3821244916440591055107e+01
3.3819921683496190212281e+01
3.3812403727453471447006e+01
3.3816652933882835441182e+01
3.3822729438704605797739e+01
3.3819782444439155710825e+01
3.3822741625498366602187e+01
3.3821345830832996171011e+01
3.3811778656087312810996e+01
3.3820224723248863085701e+01
3.3817969337457640222055e+01
3.3814288104504903742509e+01
3.3817382814158158055307e+01
3.3812465844829510785985e+01
3.3814910598260297547313e+01
3.3815629813293739402980e+01
3.3822223320075373464988e+01
3.3823083122650409393373e+01
3.3822359401727737804322e+01
3.3824019470975123624612e+01
3.3823249083119335978154e+01
3.3823973473212063822757e+01
3.3820463822288296285024e+01
3.3818451561501028379553e+01
3.3817668207230781263206e+01
3.3811649788831786622723e+01
3.3813998501448601530228e+01
3.3819358724652069270178e+01
3.3827675803063762316469e+01
3.3831279600551923181229e+01
3.3825640923318658792596e+01
3.3824947289602199873570e+01
3.3819821903939981666554e+01
3.3825372381669133403648e+01
3.3818613443314248456772e+01
3.3820648988078460206452e+01
3.3814388931982499286732e+01
3.3815424549959530509113e+01
3.3821620724066313812273e+01
3.3827901428029313990464e+01
3.3826372409871972024575e+01
3.3828924356696120412380e+01
3.3835449875569437949707e+01
3.3823588865650577872657e+01
3.3818675747479993276556e+01
3.3825510652166030922672e+01
3.3826495476228167547106e+01
3.3828714484435742804180e+01
3.3821601648582806376453e+01
3.3817658232079878644072e+01
3.3812677068013485381925e+01
3.3818194331241315353509e+01
3.3823450436159276932813e+01
3.3834512533996750960341e+01
3.3833967300652886933676e+01
3.3831511383033898709982e+01
3.3829927123733106952841e+01
3.3822928266113130746362e+01
3.3819290967386265833738e+01
3.3813476866002041276715e+01
3.3807729186881090299721e+01
3.3811491468772082669147e+01
3.3814662878311231963835e+01
3.3825652492465209775219e+01
3.3826660728033566272188e+01
3.3832556082828446619715e+01
3.3830912973913264352177e+01
3.3830332379736276493531e+01
3.3826878557807596337170e+01
3.3822432804194917821405e+01
3.3826101695680485192952e+01
3.3827246082264252891036e+01
3.3821899961996088279648e+01
3.3815080115382649239564e+01
3.3816289324206437072462e+01
3.3821714132776072858633e+01
3.3827248399579978865859e+01
3.3825805872010818120543e+01
3.3821536483805964223848e+01
3.3821693151798811527442e+01
3.3824295028670356089151e+01
3.3815500383051130484091e+01
3.3819527410216394969211e+01
3.3815648076062529980845e+01
3.3814423822137570141422e+01
3.3818987155172997915997e+01
3.3821023710602702294636e+01
3.3827920414146404937128e+01
3.3835687166640141754215e+01
3.3833131830200798617625e+01
3.3827307782626448329211e+01
3.3823188843732239661222e+01
3.3830790132624372290593e+01
3.3825600056761018663565e+01
3.3821575753446559531312e+01
3.3821500681347849592839e+01
3.3811908001836798121076e+01
3.3814525990692374080027e+01
3.3819707967568923834278e+01
3.3826176746450833832114e+01
3.3829193852047431789742e+01
3.3831735058275889116430e+01
3.3826532508666623755289e+01
3.3824116035070687757980e+01
3.3820602248106176546116e+01
3.3819706135167955096676e+01
3.3825983727224240737996e+01
3.3828414060019447617833e+01
3.3832012828671352622223e+01
3.3832318980839779953840e+01
3.3838532761431601159074e+01
3.3836765158005739806413e+01
3.3840658026689084181271e+01
3.3838122129135243199016e+01
3.3831510570429557560601e+01
3.3832271096823014033816e+01
3.3827705861455335423216e+01
3.3832516421237038173331e+01
3.3831140783414987538436e+01
3.3826317255453126620068e+01
3.3825154470372254422728e+01
3.3823298771072359159007e+01
3.3827808211326747311887e+01
3.3832589190657252231631e+01
3.3841885712301639443922e+01
3.3831665863334592359024e+01
3.3830985158152003577925e+01
3.3824181988289765854461e+01
3.3829050188619063987971e+01
3.3825378760917054421498e+01
3.3820237907615656069993e+01
3.3816741459770803146512e+01
3.3821576280690287319430e+01
3.3824545450489573283903e+01
3.3830699570779422913347e+01
3.3834235405053398437758e+01
3.3833905486687214647645e+01
3.3831156881470093367170e+01
3.3831024561832983010845e+01
3.3829433358577517765298e+01
3.3830312491841439737073e+01
3.3825530655273134073013e+01
3.3827151518868092239245e+01
3.3827423385701450797569e+01
3.3831415698626948085348e+01
3.3829707531607567716492e+01
3.3837291930590630784081e+01
3.3839032628759539989005e+01
3.3834278096431241067421e+01
3.3833630663882438227574e+01
3.3833109318552885724785e+01
3.3828592826477262178742e+01
3.3823621430173915314299e+01
3.3820647905985126158157e+01
3.3814909038450394973552e+01
3.3816301981690017441906e+01
3.3819872621363337827916e+01
3.3829044635867091983528e+01
3.3831819232070465375273e+01
3.3834962499507135191834e+01
3.3835777683271004434573e+01
3.3830951248138518394626e+01
3.3830392396123905029981e+01
3.3829072284127960301703e+01
3.3825825904732873539160e+01
3.3829568443271249122972e+01
3.3824237090580773212878e+01
3.3823398788253626889855e+01
3.3824955812121899612066e+01
3.3833342155221245661778e+01
3.3838818724203918009152e+01
3.3841432762034671100082e+01
3.3839305455004797806851e+01
3.3832211241734967188677e+01
3.3837747787704003599174e+01
3.3832199973459168518275e+01
3.3829456989532239674645e+01
3.3834204569897323722216e+01
3.3831187946836600133338e+01
3.3820827137942622186983e+01
3.3822087232432743064692e+01
3.3831313183570458136273e+01
3.3835594784710586679921e+01
3.3838340641002247366487e+01
3.3837921738006926375419e+01
3.3831057668368671897952e+01
3.3829986863955483045174e+01
3.3827428434377871724337e+01
3.3831980940374620558941e+01
3.3831421104865960103325e+01
3.3827135530032073518214e+01
3.3828672071927492481791e+01
3.3828847706776166148757e+01
3.3831624782681330998457e+01
3.3841427432689002330335e+01
3.3842217794356962201618e+01
3.3845742214173675677102e+01
3.3845137556665392253308e+01
3.3843937417123051147883e+01
3.3831935916001071973369e+01
3.3831314768818380400717e+01
3.3823677053795329072727e+01
3.3823341572881325589606e+01
3.3821613426434574023460e+01
3.3827672484597627544645e+01
3.3831704291059914169182e+01
3.3840710424385633814381e+01
3.3834211506805708324919e+01
3.3829083352374162529941e+01
3.3832976698954283278908e+01
3.3837549011539607590748e+01
3.3842337734824830874913e+01
3.3838462126328494150584e+01
3.3833981812737270900016e+01
3.3827862474179909213490e+01
3.3828706511817294710909e+01
3.3835668805925408264557e+01
3.3850663609617910765337e+01
3.3848488410611039967080e+01
3.3850557682863296804499e+01
3.3844653868392164497436e+01
3.3845879676174000394440e+01
3.3842763181598257915539e+01
3.3843388068629096210316e+01
3.3843743766314098309067e+01
3.3836612557274861501355e+01
3.3829811985665351414809e+01
3.3829854979795193514747e+01
3.3836501235200394432923e+01
3.3842123113147202673190e+01
3.3848264115346594849143e+01
3.3848039302169468101056e+01
3.3842205820377834868395e+01
3.3840761942052260735636e+01
3.3837374994509893610939e+01
3.3835929255173240903787e+01
3.3835332249128647674752e+01
3.3832094436260383929493e+01
3.3834206647198868722626e+01
3.3838097084412467552283e+01
3.3844281520524809536710e+01
3.3854074291142701724766e+01
3.3845797587714223197963e+01
3.3848692961762615993848e+01
3.3853675212169996200373e+01
3.3857059888135736969161e+01
3.3850432114759748003507e+01
3.3847415417485507305173e+01
3.3846197883905844605579e+01
3.3835704310122551419227e+01
3.3839305024313333092323e+01
3.3842552369446977422740e+01
3.3853190125499864393532e+01
3.3858310286695981972116e+01
3.3857800350232352570856e+01
3.3855825360252694622432e+01
3.3851525000376035734462e+01
3.3849473231620486046722e+01
3.3845867022302932980438e+01
3.3840661985808608847037e+01
3.3830566190555089178815e+01
3.3826745702364370060877e+01
3.3836863273575502830681e+01
3.3849944101230441617645e+01
3.3856127813291692518760e+01
3.3854667399894218249301e+01
3.3853516565637711721592e+01
3.3847818520723755852941e+01
3.3841464888145708300726e+01
3.3838321702613377794933e+01
3.3842380437751636179655e+01
3.3836469244025764169237e+01
3.3834182988070175213124e+01
3.3831906717314005561548e+01
3.3837212138068530009605e+01
3.3847787662621620086156e+01
3.3853957833779347197378e+01
3.3845154343361848248151e+01
3.3842960439023570984318e+01
3.3840989895789405750293e+01
3.3844749101285735548572e+01
3.3839340086122227546639e+01
3.3845189958757629256070e+01
3.3832539670109603946457e+01
3.3832630256443060545735e+01
3.3833836404581020929072e+01
3.3845212737600881780509e+01
3.3850957403279956281494e+01
3.3853449381190962697019e+01
3.3847420957625502069277e+01
3.3846752947952928991526e+01
3.3844889787815652937297e+01
3.3843787349054231583523e+01
3.3848370754308760410822e+01
3.3847779956792422240142e+01
3.3845992720108533546863e+01
3.3840721403869451933133e+01
3.3841741374131899533495e+01
3.3844251654881290392041e+01
3.3857885495239280260193e+01
3.3856082378337525540246e+01
3.3856887034026939886644e+01
3.3852225475294716261487e+01
3.3851229571829314579645e+01
3.3849654472696421692035e+01
3.3844684005868685972018e+01
3.3836215496157862503424e+01
3.3833824800777115626715e+01
3.3830825873004236825636e+01
3.3838236246716036248472e+01
3.3845294725834541793574e+01
3.3851400878249449988289e+01
3.3847793378244141138111e+01
3.3843736763063404282548e+01
3.3844896433568415261561e+01
3.3851126582873796166950e+01
3.3852367156581074425503e+01
3.3850965898917685592551e+01
3.3844381832372036456036e+01
3.3836712280118469209356e+01
3.3831537063307010271274e+01
3.3841548076566532188281e+01
3.3849835325237812355681e+01
3.3858639204483750972940e+01
3.3854882830735355980778e+01
3.3857426826038732770030e+01
3.3856894083216580781936e+01
3.3851029748628818083489e+01
3.3848864726693413729208e+01
3.3848565799018857092051e+01
3.3841056223889310672348e+01
3.3839599046351246158792e+01
3.3846945839826290125529e+01
3.3852685068198915985249e+01
3.3860306246710862865257e+01
3.3863589371854537546369e+01
3.3866296845784169988747e+01
3.3864168901466918271126e+01
3.3865595232503643785549e+01
3.3862588852141684014896e+01
3.3850067328870466099033e+01
3.3845980314060710725244e+01
3.3838117624849331832593e+01
3.3837432606593168316067e+01
3.3844881346251547427073e+01
3.3848410876875860253676e+01
3.3846144425107794972973e+01
3.3850031664010430176859e+01
3.3852292744899884269216e+01
3.3846322249293457673502e+01
3.3848616523434927216840e+01
3.3850035706875488017431e+01
3.3853178674132607284264e+01
3.3847130857495017153269e+01
3.3841301596797535466976e+01
3.3840679255682481141321e+01
3.3840219910022383942305e+01
3.3852478977208718902148e+01
3.3857891402681794090768e+01
3.3857893395279866410874e+01
3.3855052392303484509739e+01
3.3855157758623114716556e+01
3.3851342510711894817632e+01
3.3846458434948722526769e+01
3.3846423719470259072750e+01
3.3847656880872868612187e+01
3.3841608061120460604343e+01
3.3840662200682430693632e+01
3.3838650740118914939103e+01
3.3846640060143514006086e+01
3.3852134591774138527853e+01
3.3847468150182564272654e+01
3.3852420597836378135526e+01
3.3849884698190351173253e+01
3.3845888574697994499729e+01
3.3845864197577562038077e+01
3.3846488604697242408292e+01
3.3839458527699243006737e+01
3.3841008353315679357820e+01
3.3847124397936333650705e+01
3.3857298714181467857998e+01
3.3857442379015139977128e+01
3.3862288489432216920250e+01
3.3862099107023560407015e+01
3.3856350027895430798708e+01
3.3859606278763195064130e+01
3.3860965266956768005002e+01
3.3858128870855132674933e+01
3.3847950518880573156366e+01
3.3842989596708733301966e+01
3.3846686878780367635500e+01
3.3845948269884246428774e+01
3.3856353060190507164862e+01
3.3861009712614979605405e+01
3.3861708175837229362060e+01
3.3859555192828857173026e+01
3.3863246243841260252339e+01
3.3865815365117548196849e+01
3.3865357967400662175805e+01
3.3860399947807700016256e+01
3.3854118385165364202294e+01
3.3849345291310797279039e+01
3.3845574748434856360291e+01
3.3846719098331895736465e+01
3.3853280410857962579030e+01
3.3859821251246138729130e+01
3.3861626906318441854182e+01
3.3863546127936871243946e+01
3.3862427218139536932995e+01
3.3856103002434281279420e+01
3.3856287143561537789083e+01
3.3854262648478645303385e+01
3.3855735029333857255551e+01
3.3856261493086591940482e+01
3.3862057580512320953403e+01
3.3867231020646059391765e+01
3.3868431667374018445571e+01
3.3867098350026161313053e+01
3.3860314379222323566410e+01
3.3859669409222114211389e+01
3.3854602004960504757491e+01
3.3852098301272221192448e+01
3.3845654436333553860550e+01
3.3848829947052713862377e+01
3.3848932289301089326727e+01
3.3848608458080136074386e+01
3.3850777020129605432430e+01
3.3859237836057253900890e+01
3.3861159888480493407314e+01
3.3865070370230952789825e+01
3.3862179610430189313774e+01
3.3861690495800509381752e+01
3.3862258970442624672614e+01
3.3863305116663106275610e+01
3.3858505715343881092849e+01
3.3850310503758421987186e+01
3.3840147378141843148569e+01
3.3839291837553943764760e+01
3.3843934050982788619422e+01
3.3851193922933155988630e+01
3.3856477165902681747411e+01
3.3860792749859221828501e+01
3.3857520690104948357657e+01
3.3856973718731289579864e+01
3.3853375468222402844276e+01
3.3854255046288564301449e+01
3.3851527670263891423019e+01
3.3847382567381743001533e+01
3.3844121075698524236941e+01
3.3837457635538108036144e+01
3.3844212663313946620747e+01
3.3851961234511115605983e+01
3.3853124651218038820844e+01
3.3859785236895035609450e+01
3.3855506287283525068688e+01
3.3849454192410973973892e+01
3.3841668535510869730842e+01
3.3845365278193170865961e+01
3.3843422871096926485279e+01
3.3846657757388513232399e+01
3.3845969971319860292169e+01
3.3851632933009049963857e+01
3.3855554361471270397033e+01
3.3862313196896721478879e+01
3.3866057432020745920909e+01
3.3863491853255737851214e+01
3.3865394725930549668647e+01
3.3863358777838953983519e+01
3.3855119722269925830460e+01
3.3853790283884322320773e+01
3.3848878005736580121265e+01
3.3840593165401976705198e+01
3.3839659244862616560567e+01
3.3845873698111404337396e+01
3.3854785764803679626311e+01
3.3860348541403880062717e+01
3.3859792102216282216887e+01
3.3859444065632992248993e+01
3.3855863642685889658424e+01
3.3859320245337507060412e+01
3.3861167839363510267958e+01
3.3858552405756476844090e+01
3.3862769312127397824952e+01
3.3856689435298882528969e+01
3.3851805738820168301118e+01
3.3855244787735486511338e+01
3.3855148145694563766028e+01
3.3854890375201811991701e+01
3.3850963942446327337166e+01
3.3847946884709394055335e+01
3.3847744933238651299234e+01
3.3853219802484524336705e+01
3.3851860725238459792763e+01
3.3851904939073463651766e+01
3.3850231794933129947367e+01
3.3848085344237233584863e+01
3.3853842225005244870317e+01
3.3859488514249150625801e+01
3.3862816080142025043642e+01
3.3870130045110059313629e+01
3.3874061153185564876367e+01
3.3875971587522684558280e+01
3.3876937506357322149597e+01
3.3872350189588225077841e+01
3.3864433999200493019544e+01
3.3867513942764055911994e+01
3.3858074167571992063586e+01
3.3859189638979003689201e+01
3.3856894743028021821374e+01
3.3860838875666125602493e+01
3.3861008949527395373025e+01
3.3865089620191724861797e+01
3.3868059245988689553997e+01
3.3862976261134072331060e+01
3.3866799673476506882253e+01
3.3866330110520991070189e+01
3.3864345576841316187711e+01
3.3866666553286471241790e+01
3.3866743293613666310193e+01
3.3863918765095341711913e+01
3.3864788265941925260449e+01
3.3867782933952796042831e+01
3.3872337138762731001407e+01
3.3871714212769518326240e+01
3.3871862607623164365123e+01
3.3867636512157289985225e+01
3.3868398192043457584077e+01
3.3865805671221956174577e+01
3.3863600737220266978511e+01
3.3866501730405694559067e+01
3.3866522717228235705988e+01
3.3864276956858660128091e+01
3.3865606195693096935884e+01
3.3870813367035957242024e+01
3.3873224297505991842172e+01
3.3874350183651181112054e+01
3.3870864306888186945343e+01
3.3870400243211626900575e+01
3.3871590376401719879595e+01
3.3868436028098109602524e+01
3.3867212445219934124907e+01
3.3865131202769006790732e+01
3.3860694032683589682620e+01
3.3864202926821199923779e+01
3.3870873962150923830450e+01
3.3871925451743479129618e+01
3.3869117616224087896626e+01
3.3865215474963726194346e+01
3.3864337380998982496294e+01
3.3858932304056288842276e+01
3.3859489046965556724444e+01
3.3855510284618034688719e+01
3.3857729310670343636502e+01
3.3859719639335139618197e+01
3.3859465671708470324575e+01
3.3865525815013697297218e+01
3.3872012584689073833033e+01
3.3874686991212961117981e+01
3.3880385394770129892095e+01
3.3873841121913820018108e+01
3.3868214207166744245114e+01
3.3870854253715627635302e+01
3.3869602061295751127545e+01
3.3867565527809986747343e+01
3.3866540973949064152748e+01
3.3860030218808745416936e+01
3.3855176580024910037992e+01
3.3853517500745148538499e+01
3.3858090113369556206635e+01
3.3862898338551453036871e+01
3.3865925176577896138497e+01
3.3862529976971288192544e+01
3.3858158359820194505119e+01
3.3865260073402502882800e+01
3.3862816457999009855939e+01
3.3870288222925253762696e+01
3.3868925820274661475651e+01
3.3863449176593597655938e+01
3.3864837440703226434380e+01
3.3872286191476220551522e+01
3.3874709410135970699685e+01
3.3878331776843786826703e+01
3.3876647362761865167613e+01
3.3876341107110093275878e+01
3.3880901129545698324819e+01
3.3872022337465601538042e+01
3.3865136517164820872949e+01
3.3865897595843620138112e+01
3.3858023800003863357233e+01
3.3853777613461154771812e+01
3.3853205228416435090821e+01
3.3859131002434509127852e+01
3.3872684867824183641005e+01
3.3876553958947525302392e+01
3.3870747816124513462910e+01
3.3865156407694655626983e+01
3.3869809407258507860661e+01
3.3871206336736250364083e+01
3.3874061321052771234008e+01
3.3870535467294857312481e+01
3.3865698938231965087198e+01
3.3862449586237211462958e+01
3.3860986681732981651294e+01
3.3868466554771146093117e+01
3.3875492338798750324713e+01
3.3874501526830506747956e+01
3.3870012027292752065932e+01
3.3862975868384765476549e+01
3.3863620291551157492904e+01
3.3861529675487929580413e+01
3.3868864203040686788881e+01
3.3866037745919918222626e+01
3.3861638550849328055392e+01
3.3857942785694035592314e+01
3.3869668049892034389359e+01
3.3867892716243417794431e+01
3.3874581486496921911566e+01
3.3867134006490267950085e+01
3.3863117412190852917320e+01
3.3861895084063149852227e+01
3.3863736118874868452622e+01
3.3862721424215671106595e+01
3.3868698369451117002882e+01
3.3865158274251825787360e+01
3.3854531147811194102815e+01
3.3855490432360397790035e+01
3.3867116259596912186680e+01
3.3866953101525396618854e+01
3.3869753430557281603797e+01
3.3870501310975107855938e+01
3.3864748166958193564824e+01
3.3869831562396456092756e+01
3.3873847905612535669206e+01
3.3871009555732143780915e+01
3.3868924508586950139488e+01
3.3863098939486768301776e+01
3.3863739437441410018437e+01
3.3869918041605295400132e+01
3.3875186425248536181698e+01
3.3882704449505411048449e+01
3.3878967970694290556821e+01
3.3876000209861913958775e+01
3.3872381820590980794350e+01
3.3873249618895080459424e+01
3.3868147787334166309847e+01
3.3868067926945187195997e+01
3.3868536510898763935984e+01
3.3866002120805227093570e+01
3.3867851557331739797974e+01
3.3869383317365695518220e+01
3.3873842678229685532187e+01
3.3875596875696963650171e+01
3.3881454602986075030913e+01
3.3878278867670594820538e+01
3.3877503801131105376498e+01
3.3877979207437135755754e+01
3.3883591943022466352886e+01
3.3888165575521206562826e+01
3.3883785235198423890779e+01
3.3875022095102082175799e+01
3.3870928541598111394251e+01
3.3871079288638597404315e+01
3.3873699144483062184463e+01
3.3876566229100063765145e+01
3.3872018880813840269184e+01
3.3866841429788273387658e+01
3.3865993525021110599482e+01
3.3872837928988353439763e+01
3.3869524076440818305400e+01
3.3868432593487938220278e+01
3.3864676364711925771189e+01
3.3867988158344637383834e+01
3.3867310732174694010155e+01
3.3870185930533473595005e+01
3.3877661251545148957121e+01
3.3878823022093122574461e+01
3.3880150800213833406360e+01
3.3879821147783189871916e+01
3.3882124300137263617216e+01
3.3875030209817964532704e+01
3.3873801973186225211521e+01
3.3869360332115924450136e+01
3.3872543116197896040376e+01
3.3870075093695206192024e+01
3.3876780519942656155763e+01
3.3869996264849810074793e+01
3.3879501333245791272475e+01
3.3875647803924110235130e+01
3.3875149830114658300317e+01
3.3878117707679159309464e+01
3.3880793361168805688521e+01
3.3875344415028578737292e+01
3.3874473223012863343229e+01
3.3869793354937208107458e+01
3.3866366221263767499750e+01
3.3864535349844857137214e+01
3.3869653329911095340776e+01
3.3865777140035412173802e+01
3.3872645374159986886298e+01
3.3868549168359521672755e+01
3.3868222650395757966635e+01
3.3868316816051688533662e+01
3.3871686143423744397296e+01
3.3865271462448035322268e+01
3.3868730498625630787046e+01
3.3866880793505472979632e+01
3.3862349893963738622915e+01
3.3869134744941547410235e+01
3.3882219958656982328193e+01
3.3878751962670762054586e+01
3.3879184425630867849577e+01
3.3876520597107507626333e+01
3.3874651748459967848248e+01
3.3871012525168914919504e+01
3.3868812626069420446129e+01
3.3869373363352622163802e+01
3.3868091689050956460960e+01
3.3868152634190089145250e+01
3.3867881779856453761113e+01
3.3869482383501157585215e+01
3.3876425329230102079237e+01
3.3881938522186402451553e+01
3.3878795171755037074490e+01
3.3880016735759987511756e+01
3.3879023327507518104085e+01
3.3878299988308747003884e+01
3.3873405772847306138829e+01
3.3865570337829261404750e+01
3.3863546630022241856750e+01
3.3858104750900011481463e+01
3.3866404707460645795436e+01
3.3872967519840756267513e+01
3.3872653509193831666835e+01
3.3874193877386474582636e+01
3.3873656073071408911801e+01
3.3869511766679480047060e+01
3.3873526908318162043088e+01
3.3873449910796885831132e+01
3.3871180669009504526912e+01
3.3870398632965610374868e+01
3.3869965749273973187883e+01
3.3867311668630094345644e+01
3.3870829076387742873067e+01
3.3873441139825487766757e+01
3.3871332281733046443151e+01
3.3880627884589337384114e+01
3.3876847086962371236041e+01
3.3874192494201992076341e+01
3.3874519533270749604981e+01
3.3874019358351262098950e+01
3.3869917961792040728142e+01
3.3865290396503091585600e+01
3.3864611956517805424483e+01
3.3867006806385305139884e+01
3.3871557485959556288435e+01
3.3879548996540407301836e+01
3.3884406831048686115082e+01
3.3884009305066975059617e+01
3.3883283934272924398101e+01
3.3882719568656654018923e+01
3.3877263973792125284490e+01
3.3873282799738156256808e+01
3.3874717969372440506959e+01
3.3871963901970005395015e+01
3.3867648633576109773458e+01
3.3871579187917568276589e+01
3.3878560585476478195233e+01
3.3875366775012217601670e+01
3.3880604942745470964383e+01
3.3884571537502658600260e+01
3.3883308420907397362498e+01
3.3879760304780816682069e+01
3.3880897571493377995466e+01
3.3878636842462846345825e+01
3.3878911710015024993936e+01
3.3873735955536318442682e+01
3.3873904076931843576403e+01
3.3874871279727123862813e+01
3.3880384581032139124090e+01
3.3877626218437384864046e+01
3.3886244925408526285082e+01
3.3887747647491579527923e+01
3.3888959458781862110754e+01
3.3890490720809971492145e+01
3.3888480721526050842840e+01
3.3884002377050840948414e+01
3.3885832151716648752426e+01
3.3881566457212684895239e+01
3.3877468501020516100652e+01
3.3873285487989946318521e+01
3.3880347034906762360151e+01
3.3883914441116793625497e+01
3.3881609912329047062940e+01
3.3876029314699735550676e+01
3.3870427829854598655857e+01
3.3867577157010806843118e+01
3.3867825344067824744343e+01
3.3861790579977757431607e+01
3.3870107613660131562483e+01
3.3868730301426055007141e+01
3.3875385679774446145984e+01
3.3876678841256740781773e+01
3.3886251561889601191524e+01
3.3883215979426566377697e+01
3.3887700779797619077272e+01
3.3883095211295135129603e+01
3.3881949682898003572973e+01
3.3877839732770716807408e+01
3.3882984790751876857939e+01
3.3884963350146847460564e+01
3.3883317805997670291163e+01
3.3875072124107482807176e+01
3.3877304493267338614260e+01
3.3882342261324630783292e+01
3.3884203579126030092539e+01
3.3885825803882170248471e+01
3.3887042121572370945159e+01
3.3884861284449918628070e+01
3.3886142585878566535484e+01
3.3879198406980378877051e+01
3.3877839968549025684297e+01
3.3879791343828564720297e+01
3.3874357839219946697540e+01
3.3873402470918172468828e+01
3.3873929974294028966142e+01
3.3877602532179125205403e+01
3.3877925316846031478235e+01
3.3880584169398773042303e+01
3.3880064265276025992080e+01
3.3878053366902918241976e+01
3.3877535180658910007878e+01
3.3877530613334037923323e+01
3.3873515876404965752045e+01
3.3869128727228087427648e+01
3.3867677419838784658168e+01
3.3865077136154134507251e+01
3.3863868266816702146116e+01
3.3874400298005440390625e+01
3.3878886287567574697732e+01
3.3882518078179273857131e+01
3.3881043962384090661999e+01
3.3878277987759737754914e+01
3.3870343465013121431184e+01
3.3872262632577694319025e+01
3.3862464100077040995984e+01
3.3865275582459489100984e+01
3.3861861592103352336380e+01
3.3866399979610712023259e+01
3.3871431071058097472815e+01
3.3877317848657803267542e+01
3.3886178874499044866297e+01
3.3884431133613361453172e+01
3.3881133809649895738403e+01
3.3883216195273782034292e+01
3.3879101505097501956243e+01
3.3875177563153798132589e+01
3.3883352078526613126996e+01
3.3879566696521038693390e+01
3.3888340604899127583849e+01
3.3882534654605777291181e+01
3.3884335616233911991912e+01
3.3881237041866143044899e+01
3.3884801369183946917474e+01
3.3881099531901149646274e+01
3.3882617173359513174091e+01
3.3878114456390640896188e+01
3.3879567984479024289612e+01
3.3880578696359464174748e+01
3.3878737220953553332947e+01
3.3872374940335731707819e+01
3.3870540449793388404487e+01
3.3873497487619964374517e+01
3.3880240139978035074364e+01
3.3886046458555576066374e+01
3.3885078926880417782286e+01
3.3882278737913694044437e+01
3.3877548454556489332390e+01
3.3879667631176367592616e+01
3.3876358580725032254577e+01
3.3876375298379869605014e+01
3.3871326754083554533281e+01
3.3865073675452066481739e+01
3.3866213943469908542738e+01
3.3876201111278277267047e+01
3.3887665535538843641916e+01
3.3891965807465538773613e+01
3.3893315622547490306715e+01
3.3890942899636236518290e+01
3.3884086832245174036871e+01
3.3876879569695361738013e+01
3.3871691370476348481589e+01
3.3878450189910140011307e+01
3.3879330621450350236046e+01
3.3875841910592647820977e+01
3.3879836918174952131722e+01
3.3888891920173698224517e+01
3.3885524519742766358377e+01
3.3891707313318818250991e+01
3.3890635711896635484663e+01
3.3885007292912511900340e+01
3.3885350144984506925994e+01
3.3876214797552918867041e+01
3.3881898669753255148862e+01
3.3880002589755527253601e+01
3.3881566067068561665110e+01
3.3883030696381418067631e+01
3.3886949942864021068090e+01
3.3892075428207697029848e+01
3.3893904066020496657075e+01
3.3893951755452924601286e+01
3.3894333761149496808684e+01
3.3887642097091770665429e+01
3.3888971803799840643023e+01
3.3880586027251823111328e+01
3.3885560813020639159276e+01
3.3881472092917412908264e+01
3.3873187556441038736921e+01
3.3870014272372756636287e+01
3.3881250088069478465513e+01
3.3886852356139300468385e+01
3.3891439034991250878193e+01
3.3887085776128913039429e+01
3.3878781382186069492946e+01
3.3879321677425899395075e+01
3.3880206055303887069385e+01
3.3878799891187021842143e+01
3.3884155075635632670128e+01
3.3882333420816387103969e+01
3.3870675630464361915983e+01
3.3869665111135986990121e+01
3.3884787132331425141274e+01
3.3888822705641132415622e+01
3.3888707327672044300471e+01
3.3886459722106074821113e+01
3.3878903810370339044766e+01
3.3878483742967141267854e+01
3.3882834576095760326098e+01
3.3882179307257935363396e+01
3.3877865341751061123432e+01
3.3870772996590325476518e+01
3.3868834205210553989218e+01
3.3880293317390929530575e+01
3.3888735396863481241780e+01
3.3894769806476467977063e+01
3.3891828806845509802770e+01
3.3888651854148413633538e+01
3.3889534246590422128520e+01
3.3894750495862659533941e+01
3.3884366164552133682264e+01
3.3886675486769576082224e+01
3.3885450948004347537790e+01
3.3880956207935390978037e+01
3.3881124420265642527283e+01
3.3879378129945848741045e+01
3.3885205995941880985356e+01
3.3894046321825079814971e+01
3.3893109815819350671973e+01
3.3890893943445831837380e+01
3.3887666544121465506123e+01
3.3890035198060871834969e+01
3.3887381084027033750772e+01
3.3887793785740129237638e+01
3.3877869275747237054475e+01
3.3874419071797625235831e+01
3.3871396641541501537631e+01
3.3876297142104839110743e+01
3.3878054336554392023118e+01
3.3885151955406733748077e+01
3.3884763034330681819029e+01
3.3880069975077951482945e+01
3.3881932825492306449178e+01
3.3887980587629982665021e+01
3.3883560345922063561375e+01
3.3879370889398053634523e+01
3.3877804803982726866707e+01
3.3876754346264739581329e+01
3.3877932490359860651097e+01
3.3883946510284062014762e+01
3.3884853460712513140152e+01
3.3877418364626777247395e+01
3.3876092188415988459838e+01
3.3875103340251570216424e+01
3.3881638873868681116619e+01
3.3875437523733303635254e+01
3.3878226731558193307592e+01
3.3878185305832417384408e+01
3.3875679023684931223670e+01
3.3873324976104733252669e+01
3.3881921460505090237803e+01
3.3883705828206551302628e+01
3.3884488279856334713713e+01
3.3881204023222288412853e+01
3.3878420858061552678464e+01
3.3882992185595028900025e+01
3.3886031909666577632834e+01
3.3888466162635076273091e+01
3.3889456459290663303818e+01
3.3884853880116082791574e+01
3.3878506383546124425266e+01
3.3878819123890885123274e+01
3.3889119611624366257274e+01
3.3892569702677988630057e+01
3.3894595565340708276381e+01
3.3893335803941241124448e+01
3.3892694570457116753914e+01
3.3886168289409191345385e+01
3.3884926428667249354021e+01
3.3888291215726219718363e+01
3.3882977894015624542590e+01
3.3879449440922634551043e+01
3.3881203819390428577663e+01
3.3883789612625335507801e+01
3.3889177244420615409126e+01
3.3892625147630546678101e+01
3.3887940183698916030153e+01
3.3884997451660055389766e+01
3.3886301941591561615041e+01
3.3880790538324781380197e+01
3.3878545121133733175611e+01
3.3877023022449584743754e+01
3.3874715229095819779559e+01
3.3870116310535280490512e+01
3.3877966774772701796792e+01
3.3885884517001876758968e+01
3.3889905691549813582242e+01
3.3891682114128720115787e+01
3.3895573459800381499463e+01
3.3890953681355419746524e+01
3.3896789440510218582858e+01
3.3888740877182854660532e+01
3.3885227623515817185762e+01
3.3883586557848488496347e+01
3.3877756927242536733047e+01
3.3877000732891104917144e+01
3.3884113178657173648389e+01
3.3889551575062775157221e+01
3.3898010327945499398083e+01
3.3899942880322527116732e+01
3.3897677376175060715013e+01
3.3888512556199913206001e+01
3.3887598320751997960087e+01
3.3882461859388918412606e+01
3.3886991960245417487840e+01
3.3884050285858343443124e+01
3.3882379528531984647088e+01
3.3880407964277253540786e+01
3.3891330619676828916909e+01
3.3892869238674165899283e+01
3.3895120583247418721839e+01
3.3888061089518728863368e+01
3.3886429863420609365221e+01
3.3887467470672099523199e+01
3.3891962791133671828447e+01
3.3886508497090034097710e+01
3.3888730935321689230477e+01
3.3882090370694434966481e+01
3.3877917646483957980763e+01
3.3884663566226272735094e+01
3.3891723761304760387247e+01
3.3894179648444833219401e+01
3.3897018186019238328299e+01
3.3897250801762460525879e+01
3.3889034553149983253206e+01
3.3885883500747205232528e+01
3.3885923451975770603894e+01
3.3886317265645239160676e+01
3.3883210206113872686728e+01
3.3879624615746024574037e+01
3.3878074584584730644110e+01
3.3883340994483461372511e+01
3.3885468822884433848230e+01
3.3889936473071003320001e+01
3.3889907809627423773691e+01
3.3889971048556667199136e+01
3.3888870083343128669640e+01
3.3891826762961827057552e+01
3.3886141802565823866189e+01
3.3894718298185296134761e+01
3.3891756943620180209109e+01
3.3884566478189221072626e+01
3.3894240214339149019906e+01
3.3901292183580373773566e+01
3.3896756185318807297335e+01
