4.4576570145109414511353e+01
4.4576570145109414511353e+01
4.4576570145109428722208e+01
4.4576570145109421616780e+01
4.4576570145109414511353e+01
4.4576570145109414511353e+01
4.4576570145109414511353e+01
4.4576570145109428722208e+01
4.4576570145109421616780e+01
4.4576570145109421616780e+01
4.4576570145109407405926e+01
4.4576570145109400300498e+01
4.4576570145109407405926e+01
4.4576570145109393195071e+01
4.4576570145109378984216e+01
4.4576570145109378984216e+01
4.4576570145109378984216e+01
4.4576570145109378984216e+01
4.4576570145109364773361e+01
4.4576570145109343457079e+01
4.4576570145109293719088e+01
4.4576570145109243981096e+01
4.4576570145109187137678e+01
4.4576570145109130294259e+01
4.4576570145109080556267e+01
4.4576570145109052134558e+01
4.4576570145109023712848e+01
4.4576570145109002396566e+01
4.4576570145109023712848e+01
4.4576570145109087661695e+01
4.4576570145109180032250e+01
4.4576570145109208453960e+01
4.4576570145109158715968e+01
4.4576570145109066345412e+01
4.4576570145109080556267e+01
4.4576570145109180032250e+01
4.4576570145109137399686e+01
4.4576570145109066345412e+01
4.4576570145109187137678e+01
4.4576570145109073450840e+01
4.4576570145109165821395e+01
4.4576570145109130294259e+01
4.4576570145109094767122e+01
4.4576570145109101872549e+01
4.4576570145109094767122e+01
4.4576570145109137399686e+01
4.4576570145109130294259e+01
4.4576570145109158715968e+01
4.4576570145109151610541e+01
4.4576570145109094767122e+01
4.4576570145109094767122e+01
4.4576570145109108977977e+01
4.4576570145109016607421e+01
4.4576570145109549514473e+01
4.4576570145112071941185e+01
4.4576570145023580948873e+01
4.4576570145731011507451e+01
4.4576570145127838884491e+01
4.4576570062490631585206e+01
4.4576569910052853629168e+01
4.4576570633213641769999e+01
4.4576576224976527385024e+01
4.4576593610985995042029e+01
4.4576621503325405626583e+01
4.4576625232070966831088e+01
4.4576628989129311264605e+01
4.4576798819746130675412e+01
4.4576756706221864590134e+01
4.4576696615657390054821e+01
4.4576859636721259505521e+01
4.4577284279637225949955e+01
4.4578353196501566912957e+01
4.4581344441503702569207e+01
4.4584226794124049320089e+01
4.4599814229727996917063e+01
4.4613639232425221337053e+01
4.4652953427809890740718e+01
4.4712269559206738733792e+01
4.4762760909157151445470e+01
4.4800778948887497676878e+01
4.4840313129036402983729e+01
4.4891462099958324927229e+01
4.4944674130419635105227e+01
4.5001060399985149729218e+01
4.5055223571356272316280e+01
4.5118597046068707356881e+01
4.5178747178518456451002e+01
4.5250258346718382540530e+01
4.5332885859539061357282e+01
4.5408697530688591825765e+01
4.5472166633532886237390e+01
4.5558207813705990929520e+01
4.5629960583606006707669e+01
4.5785987783793146377320e+01
4.6005862069860995688941e+01
4.6124666170834537126666e+01
4.6237933142585553980553e+01
4.6353730318666571008634e+01
4.6434446532084386660699e+01
4.6500486440377031271964e+01
4.6574268994828834422606e+01
