-2.0750318123339074105616e+01
-2.0749731350395627771377e+01
-2.0749483710526547497466e+01
-2.0749439517003828825636e+01
-2.0749131364790539322485e+01
-2.0748824040651044242622e+01
-2.0748744292520779453071e+01
-2.0748743395431379354932e+01
-2.0748487672814423632417e+01
-2.0748269627488106436886e+01
-2.0748705976496168545964e+01
-2.0749185830664981011751e+01
-2.0749417694266146128257e+01
-2.0749548991068117231862e+01
-2.0749617987786930228822e+01
-2.0749639089152712045916e+01
-2.0749627944289123604449e+01
-2.0749577232298925366649e+01
-2.0749579570409924400565e+01
-2.0749947164091746998338e+01
-2.0750868237469788368799e+01
-2.0752628844613361991378e+01
-2.0755287875398849450903e+01
-2.0758593672960685694306e+01
-2.0762982211282380973216e+01
-2.0764540244059986662251e+01
-2.0762476954500243664370e+01
-2.0758516749968926262682e+01
-2.0752883193225070357357e+01
-2.0746433924152501759863e+01
-2.0735309301526807956861e+01
-2.0719295855344679324617e+01
-2.0703053899980670138348e+01
-2.0686470058570289864974e+01
-2.0674912287654443332485e+01
-2.0667672988567286296302e+01
-2.0656318675861740530308e+01
-2.0639908731491040327910e+01
-2.0629668484388997029555e+01
-2.0616641136326936845080e+01
-2.0604277064662348095680e+01
-2.0591075839751642462261e+01
-2.0576421888910463309230e+01
-2.0561886748042297767824e+01
-2.0548313341739309123568e+01
-2.0537180270625146505381e+01
-2.0531973741712643999335e+01
-2.0526882098520939479158e+01
-2.0468930166288963334864e+01
-2.0383038109383033287259e+01
-2.0178459563236227580774e+01
-1.9863988118380497382987e+01
-1.9454888105805380860147e+01
-1.8930320616224044272258e+01
-1.8234234677114290690270e+01
-1.7358424814544481051826e+01
-1.6329472470765978187046e+01
-1.5164940059227074442560e+01
-1.3909825688528892229101e+01
-1.2826859172684480725479e+01
-1.1954966772399757246603e+01
-1.1152256537814341896819e+01
-1.0130491412791345240407e+01
-9.0580999131585961947621e+00
-7.8885686763757600914460e+00
-6.7736851944797287217170e+00
-5.7829892873135975150944e+00
-4.8869933140958803363674e+00
-4.0507404427570241622902e+00
-3.2008591653368752005804e+00
-2.2181700053411428363859e+00
-1.0569217170647835501995e+00
1.2007286909866078574577e-03
1.1255135082007889923972e+00
2.2215044233187284383746e+00
3.5539941779828816414977e+00
4.7747216576383504360592e+00
5.7985074001440013446995e+00
6.7445414234225911087606e+00
8.0401448651654696675450e+00
9.5229611009793639908594e+00
1.0904694629211352463471e+01
1.2325555000772977720658e+01
1.3690549444250857291649e+01
1.4600123994842938657257e+01
1.5566971422294466620428e+01
1.6629554659967940466458e+01
1.8030319389464406043544e+01
1.9169144248023446408524e+01
1.9843333441081103529768e+01
2.0464815510375885310168e+01
2.1071007795559467012936e+01
2.1823150741289783383081e+01
2.2378758232739144773404e+01
2.3053740407677700829936e+01
2.3739765416568456402047e+01
2.4584265871635214040225e+01
2.5463615980986588738233e+01
2.6140670764584726271096e+01
2.6898665724335785398580e+01
2.7740115186313669681795e+01
