1.2566370614327061261406e+01
1.2566370614327063037763e+01
1.2566370614327055932335e+01
1.2566370614327059485049e+01
1.2566370614327054155979e+01
1.2566370614327059485049e+01
1.2566370614327057708692e+01
1.2566370614327059485049e+01
1.2566370614327050603265e+01
1.2566370614327055932335e+01
1.2566370614327059485049e+01
1.2566370614327059485049e+01
1.2566370614327059485049e+01
1.2566370614327057708692e+01
1.2566370614327059485049e+01
1.2566370614327059485049e+01
1.2566370614327061261406e+01
1.2566370614327063037763e+01
1.2566370614327052379622e+01
1.2566370614327059485049e+01
1.2566370614327059485049e+01
1.2566370614327057708692e+01
1.2566370614327055932335e+01
1.2566370614327059485049e+01
1.2566370614327059485049e+01
1.2566370614327059485049e+01
1.2566370614327059485049e+01
1.2566370614327061261406e+01
1.2566370614327059485049e+01
1.2566370614327055932335e+01
1.2566370614327057708692e+01
1.2566370614327055932335e+01
1.2566370614327057708692e+01
1.2566370614327059485049e+01
1.2566370614327057708692e+01
1.2566370614327059485049e+01
1.2566370614327057708692e+01
1.2566370614327057708692e+01
1.2566370614327057708692e+01
1.2566370614327054155979e+01
1.2566370614327057708692e+01
1.2566370614327057708692e+01
1.2566370614327055932335e+01
1.2566370614327059485049e+01
1.2566370614327059485049e+01
1.2566370614327055932335e+01
1.2566370614327059485049e+01
1.2566370614327052379622e+01
1.2566370614327054155979e+01
1.2566370614327059485049e+01
1.2566370614327057708692e+01
1.2566370614327054155979e+01
1.2566370614327059485049e+01
1.2566370614327055932335e+01
1.2566370614327057708692e+01
1.2566370614327055932335e+01
1.2566370614327059485049e+01
1.2566370614327061261406e+01
1.2566370614327059485049e+01
1.2566370614327059485049e+01
1.2566370614327055932335e+01
