8.7711332648731474281867e-02
6.4534964010687229096774e-02
2.0852195052138228215100e-02
1.4298171282296683677789e-04
1.0769411513841210467635e-02
2.6441513108916687990746e-02
2.7889364587967358649623e-02
1.9973609815814419299329e-02
1.1301055449964462346069e-02
2.8386619873849183205705e-03
1.7222883133808720209496e-03
2.0854982885342102788551e-02
5.2766482254651476957452e-02
6.5185017907915171475608e-02
4.2471081262547373535998e-02
1.8056189935910415406140e-02
3.8541796065229741441449e-02
9.9528069022445334046445e-02
1.4309886798995335999152e-01
1.2698836580289152298207e-01
7.7977973051614857258329e-02
6.1918493001975515033219e-02
1.1102991443767336321446e-01
1.9100293169760068634488e-01
2.3810193171735866135563e-01
2.2265509010436829173685e-01
1.8169819861971284180591e-01
1.9406364038461360044252e-01
3.0639615293627214809291e-01
4.7385127636264001704802e-01
5.9001408993619042231416e-01
5.9819846487895667053181e-01
5.6653278444401633517913e-01
6.2872456110639995952027e-01
8.2932247149099402871997e-01
1.0567433933641001697623e+00
1.1530164561565110492580e+00
1.0898922466970857314550e+00
1.0016727106680269887562e+00
1.0387831352140963758757e+00
1.2006451364658665692531e+00
1.3334710798006073062538e+00
1.3010293325536419484223e+00
1.1284326950906315989442e+00
9.6909513235260313912534e-01
9.4584519816095158351033e-01
1.0272395668742821950303e+00
1.0751084428549571025968e+00
9.9301990095813463810259e-01
8.2186753417706703839229e-01
6.8948441544928540380965e-01
6.7914641461460378835113e-01
7.4938771861080610836581e-01
7.8461208824212924639596e-01
7.1096588514883163334446e-01
5.7258838751390572774369e-01
4.7720380853167931878289e-01
4.8310083550537602503638e-01
5.3963123386501687939187e-01
5.4754576671516808072937e-01
4.6810874634245791536813e-01
3.6098387604026721531270e-01
3.1528718683189926874633e-01
3.5010980226548998883729e-01
4.0086001491133665952660e-01
3.9479485807374631312072e-01
3.2876284326312388284208e-01
2.6945394475632100661500e-01
2.8263417550030872638089e-01
3.6540627541505577013936e-01
4.5006407522085467576289e-01
4.7394614094339554410951e-01
4.4099903890169839248969e-01
4.2307291869335095224613e-01
4.8893126510382262095433e-01
6.2720888173512423513500e-01
7.4792631072486226440077e-01
7.7117259667858018001851e-01
7.1942189369298792378515e-01
6.9662616026970058946688e-01
7.7678075822487746560085e-01
9.1674084605808725534359e-01
9.9520921208520607414982e-01
9.4652967105673924130826e-01
8.3294754127858450232225e-01
7.7545531602019313055507e-01
8.2033371438389612873010e-01
8.9312426449097737091165e-01
8.8392603488723087146184e-01
7.6522648671369508655005e-01
6.1883566428545455639920e-01
5.4929379501181685441225e-01
5.8270044116935637568133e-01
6.5100946099223500063147e-01
6.6127636677051249147752e-01
5.8463782417330933949273e-01
4.8635047923172586292750e-01
4.5879628146729239945856e-01
5.2390369890742993774779e-01
6.0406041150132516737159e-01
6.0069285046719056442299e-01
5.0323885881979668610597e-01
3.9879554224786067928576e-01
3.7586355474715227309446e-01
4.2535788871648699815964e-01
4.5812195653805992678897e-01
4.1025798291827664243669e-01
3.0966695048734815820524e-01
2.3986544025973130511709e-01
2.5437210858475078900653e-01
3.3181381590414427140701e-01
4.0194984104816794401316e-01
4.0780822678624512045431e-01
3.5908707068294565267763e-01
3.3361040644968092960809e-01
4.0180547396195720466494e-01
5.4067743402637025162960e-01
6.4297954312014760080984e-01
6.2991183467556655095620e-01
5.4588706575141665577888e-01
5.1964463517419812177423e-01
6.1712403325234421735956e-01
7.6090282997530611641679e-01
8.1249387469524958493849e-01
7.2525670490224136699453e-01
5.9507135936969279832454e-01
5.5818556446718448071920e-01
6.4202675900969830014020e-01
7.4475191703732623871304e-01
7.4834670155486915366083e-01
6.3771717177058340197959e-01
5.1432861407966401490199e-01
4.9448546734834653015866e-01
5.9476825339696970385006e-01
7.1197160711556373158260e-01
7.2282276442367776603248e-01
6.1121405913844784052458e-01
4.8941369573522280900235e-01
4.8254381033382404142529e-01
5.8982408918346485027229e-01
6.8199119659465212706095e-01
6.4137325340860995570580e-01
4.9396242623904995650008e-01
3.8059043609183990097833e-01
3.9647811355771334085318e-01
4.8860793210098441008427e-01
5.2548597636950766798236e-01
4.4610682216339675454364e-01
3.1845574377275542854449e-01
2.5643373182703432799912e-01
3.0641757716487466600697e-01
4.1285171562905681463818e-01
4.7496170396592102269651e-01
4.4038652446847692534249e-01
3.5845461067393619147836e-01
3.4223272935771631431123e-01
4.5645624962679920422204e-01
6.3207629135918308449504e-01
7.2394027138916150487802e-01
6.6881392441336173781963e-01
5.6497748308638140457560e-01
5.6943276196699543767465e-01
7.1551578633969747933463e-01
8.6565455978120031677037e-01
8.6732562166411109050301e-01
7.2277439512207741767469e-01
5.7984042909769195617287e-01
5.6968093543878739470898e-01
6.7672483382834014431495e-01
7.6589745580128476554194e-01
7.3113165330658691498655e-01
5.9704153813433435971092e-01
4.8682133991075371426405e-01
5.0575157810170623395862e-01
6.3377306469665140031822e-01
7.3971090497489555559696e-01
7.1324123691780227929371e-01
5.7929287262914630485255e-01
4.7442354909883371893997e-01
4.9768171248727777200571e-01
6.0023949844190094271568e-01
6.4215399915032400635084e-01
5.5217077918292301053071e-01
4.0347001745767158142897e-01
3.2437993660821862196286e-01
3.5890565214496744639305e-01
4.2760336352639194412717e-01
4.2799499956021952451479e-01
3.4325008478525426136585e-01
2.4825961832796128447853e-01
2.2736685562524477921542e-01
2.9294931572986965262473e-01
3.8015587357794361489383e-01
4.0817915270119703441409e-01
3.6124201337268274647485e-01
3.0813632789891348684463e-01
3.3600049574393764384439e-01
4.5284447058309457156966e-01
5.6809403686487813800454e-01
5.8557509428523524253052e-01
5.1259938123341508564579e-01
4.5566575293045430417038e-01
5.0131364400501188249848e-01
6.1688097530148355840396e-01
6.8940213788613335932354e-01
6.5148632155957697520421e-01
5.5131513414059418742852e-01
4.9892704567372903046163e-01
5.5076181850768279879560e-01
6.5523961190376966978732e-01
7.0957778643571678411917e-01
6.6142555737071617727452e-01
5.6244579840187347574698e-01
5.1545524689374833116062e-01
5.6991174034885572208253e-01
6.6736268204869175768579e-01
7.0354884825879648868607e-01
6.3572488219358080918653e-01
5.3080079367631827214069e-01
4.9274826739912103157337e-01
5.4831017720626507028214e-01
6.2050235090011163219259e-01
6.1405667052461831989518e-01
5.1874317889415466620306e-01
4.1701262626189450344327e-01
3.9250981994411493491981e-01
4.4240816268099714125839e-01
4.8736823801885376106213e-01
4.5944323018256949531235e-01
3.7117594767928957510961e-01
2.9864398557101989872820e-01
3.0173578125823163897934e-01
3.6643662622834455300236e-01
4.2249692058586840737178e-01
4.1350943528300915241758e-01
3.5391472273257057468143e-01
3.1901788205203313042446e-01
3.6500736500793978800417e-01
4.6338693316972118241281e-01
5.2713477491158944321370e-01
5.0331989896162410147440e-01
4.3536661429041911830495e-01
4.1694849681993945145209e-01
4.8527754967953451448182e-01
5.8136059208052648372700e-01
6.1282690887843871418994e-01
5.5580420787797557569121e-01
4.7782419144808674360547e-01
4.6801567570216429103880e-01
5.4409616478090938596068e-01
6.3709529893429150959605e-01
6.5973083071657023790380e-01
5.9725847832755729616139e-01
5.2350498671729972510747e-01
5.2671512979972046064603e-01
6.1390057555000199229767e-01
7.0164532040405369617275e-01
6.9770559258785969092287e-01
6.0367742401855895018059e-01
5.1364355000858985533796e-01
5.1134773760766971673064e-01
5.7939534815973814385615e-01
6.2310482970431058102889e-01
5.7344130127299242083438e-01
4.6082838296198380678703e-01
3.8132219800368583051409e-01
3.9036783692784943200493e-01
4.5121883172085530677720e-01
4.7973884914040831883852e-01
4.2935070035989159054068e-01
3.4025157337108219435251e-01
2.9583162512067540106386e-01
3.3668923567516800821053e-01
4.1860367531528019924281e-01
4.5574400093488875995718e-01
4.1052526866968219732001e-01
3.3699054701106856413162e-01
3.2393753748665277125696e-01
3.9670994713165502743024e-01
4.8561529273113956950425e-01
5.0210301243955668404340e-01
4.3445193428796730072960e-01
3.6267339123114461507669e-01
3.7199435828025634309668e-01
4.6368759351418376013498e-01
5.5392683917788687608663e-01
5.6118754732673936658216e-01
4.8995838773849220704193e-01
4.3081485561571936093728e-01
4.6643525171516425631424e-01
5.8501821630438166632615e-01
6.8491170847393312293150e-01
6.7750097075830284509834e-01
5.8663271803230321310707e-01
5.2527434495863334351640e-01
5.7515746589876004524200e-01
6.9271526916748038527061e-01
7.5187242418135191712736e-01
6.8409069946675271634007e-01
5.5248706320851181938991e-01
4.8166603115642842025679e-01
5.2418102550724310351171e-01
6.1034618861635347997208e-01
6.2643246413052477983285e-01
5.3782772297945891093462e-01
4.1920611988408429393616e-01
3.7539042735755445701074e-01
4.3560267654171014317654e-01
5.2474562853575945631235e-01
5.3977452412435877882046e-01
4.5760367743275759400134e-01
3.5875908147003576775802e-01
3.4329777638238856418695e-01
4.2207480478801084888829e-01
5.0217379465004952088236e-01
4.8774948168165010997654e-01
3.8682483870898376476788e-01
3.0176087496630049633595e-01
3.1663715807137982061192e-01
4.0486775789565482286392e-01
4.6159759882970297084626e-01
4.2097209734455437457612e-01
3.2481781206970783415500e-01
2.7543619917050321532770e-01
3.2644843866400630183477e-01
4.3014694105632367282510e-01
4.8664448026520068513179e-01
4.4695680464071146920091e-01
3.6520976355945217184384e-01
3.4613667125069041974328e-01
4.3639854927182480937020e-01
5.6836583302676546569643e-01
6.2363155779892065488923e-01
5.6179784809091037889317e-01
4.6808275882218886021491e-01
4.6608013529023317733646e-01
5.7753477380329043544549e-01
6.9323397216299054157673e-01
6.9270556659074922212227e-01
5.7942970750073030661298e-01
4.7101757357696294459259e-01
4.7456220577000879368157e-01
5.7172467704021534551373e-01
6.4583388579555378594677e-01
6.0947173067977800098305e-01
4.9334415402087172797252e-01
4.0807798257042954270801e-01
4.3367358574063114007302e-01
5.3634540994118440337957e-01
6.0448334878597242969533e-01
5.6185722986168940007445e-01
4.4877323319984874228084e-01
3.7866284426666196871736e-01
4.2019283952447328278623e-01
5.1821277714455360463575e-01
5.5521665717669621553654e-01
4.8068755080845637639442e-01
3.6507706449019317052063e-01
3.1988392133000903561069e-01
3.7473613383950493682661e-01
4.5004396489316766949429e-01
4.5021976547130809764852e-01
3.6606844585789016788269e-01
2.7746786674045059717386e-01
2.6924378210864419180837e-01
3.4585051483182849274556e-01
4.3057787227517024808421e-01
4.4269664515015932915176e-01
3.8126592842376799685766e-01
3.2681947052988979951493e-01
3.6319642933493206937712e-01
4.8233527148155730390755e-01
5.8349371081513090597781e-01
5.7842960872313264886202e-01
4.9268337348286983523593e-01
4.4096419756281957091915e-01
4.9719558728084983778572e-01
6.1075805186582177164212e-01
6.6429766116188737612447e-01
6.0256717014019844924633e-01
4.9233091822002666981817e-01
4.4680787630941615207192e-01
5.0767742114320280055750e-01
6.0555750062828905821988e-01
6.3610371963749678947408e-01
5.6655636695411337733219e-01
4.6858485524956677847896e-01
4.4393713380554328251648e-01
5.2027436585179009931323e-01
6.2032761533754643412664e-01
6.3923876118868705464848e-01
5.5610464673604609320279e-01
4.5949949479478435776514e-01
4.4946255727574635496779e-01
5.2726605120323133402138e-01
5.9412441121216019723761e-01
5.6180891931224730129202e-01
4.4892227790027200429179e-01
3.5831524537233189198204e-01
3.6160823306237083185621e-01
4.2705400953714317546783e-01
4.6199420509392635780799e-01
4.1315293275851705523394e-01
3.1995334616964826723873e-01
2.6820264070961036262375e-01
3.0110054167899824584254e-01
3.7817472531244811229101e-01
4.1791330176086816106107e-01
3.8079918227709269595849e-01
3.1104707236504841594282e-01
2.9410873304771323333284e-01
3.6358829001119924440033e-01
4.6287850061014151892280e-01
5.0018160691003177298342e-01
4.4881329479287801476062e-01
3.7929340013918727558817e-01
3.8366378079521362698401e-01
4.7353981040058457097075e-01
5.6619837786162241499710e-01
5.7353518385711665938942e-01
4.9886787303601776155659e-01
4.3236105824477250036963e-01
4.5554553578582057671298e-01
5.5350662180626497566038e-01
6.3233853354002234059550e-01
6.1733361432596278728369e-01
5.3099909857994176398677e-01
4.7133962538476559256395e-01
5.0904546831401886741730e-01
6.1131630455467311779927e-01
6.7380085189364480324770e-01
6.3022275528754045925695e-01
5.2409855985076914119958e-01
4.6182568614184066335682e-01
4.9853494427503258767942e-01
5.8160326370114123761823e-01
6.0812886739373139821652e-01
5.3528352663704947822509e-01
4.2564432615248981583989e-01
3.7887158469212678379989e-01
4.2474717617909946154597e-01
4.9524890512187436097946e-01
4.9931979347930949275636e-01
4.1939948011477151679216e-01
3.2837086370609402941056e-01
3.1074226129758913961254e-01
3.7462316845154686184571e-01
4.4458728219732512876305e-01
4.4249482363848524624217e-01
3.6825269905962226824059e-01
3.0131280526280856957300e-01
3.1581843079173671506865e-01
4.0008763037791961192369e-01
4.6818369443285745568062e-01
4.5162094111972195253912e-01
3.7390192348473799688335e-01
3.2841852030989587829524e-01
3.7677532378606548579825e-01
4.7941100823341886716378e-01
5.3816190300316435468631e-01
5.0086609115337532571743e-01
4.1839019296107449186195e-01
3.9155051819134184531990e-01
4.6401633146762510939709e-01
5.7398060759109881256990e-01
6.1714826923249221923840e-01
5.5812158449852555808235e-01
4.6866651292420086205581e-01
4.5464995025971977060664e-01
5.4439510110312061552662e-01
6.5288592068179507332815e-01
6.7291962172240193940098e-01
5.8760421698079234875678e-01
4.9156448874592645337245e-01
4.8848858542666850901526e-01
5.7908513651592752324859e-01
6.5845002466628388404501e-01
6.3225700905357273828855e-01
5.1784361533365175223054e-01
4.2401053995592330458919e-01
4.3325422442024563718377e-01
5.1636881585540073125173e-01
5.6793729360619360502227e-01
5.1955080772994344240345e-01
4.1006722290530350782944e-01
3.4157043236930573204546e-01
3.7281807685151635567422e-01
4.5672953563268026133670e-01
4.9132678845403221501442e-01
4.3045970670158811843820e-01
3.3075145428320251728138e-01
2.9145410257838250123186e-01
3.4722143953909723190776e-01
4.3186600924563278702806e-01
4.5045568349633335891724e-01
3.8171843882219042010107e-01
2.9948783083499286306051e-01
2.9397679431104928315932e-01
3.7600882574378613476540e-01
4.6468776479364337639311e-01
4.7254107189113980780348e-01
3.9896033049840617934478e-01
3.3269771458687624754447e-01
3.5862680239026506479050e-01
4.6606303914248753406113e-01
5.5631038672843680092939e-01
5.4697651125413360162497e-01
4.6187182319689867870949e-01
4.0772104765530114978134e-01
4.6076876020628648733535e-01
5.8237612881254374741502e-01
6.5554598135334096742355e-01
6.1105517420749821955184e-01
5.0423417644869206188929e-01
4.5485227139559619713438e-01
5.1844664015718533445209e-01
6.2630721662891963852360e-01
6.6003211516422599647314e-01
5.7978811395185947397124e-01
4.6437978011604003070190e-01
4.2626317533247576330169e-01
4.9464940676572743960548e-01
5.8616452783792882819114e-01
5.9526550743118511466179e-01
5.0394836101464879352108e-01
3.9908224886591514568579e-01
3.8161264282648332812897e-01
4.5895955019554324216813e-01
5.3893365303729967585866e-01
5.2715749178920334738763e-01
4.2861585081090425308759e-01
3.4158801359472784620053e-01
3.5040289645711136801154e-01
4.3450078785509910206386e-01
4.9183186514606230810287e-01
4.5166930439317221068762e-01
3.5035741411401133404979e-01
2.8979775388337580821485e-01
3.2716818689046978096968e-01
4.1571573621687146760095e-01
4.5822706778477417799422e-01
4.1046268703267685395986e-01
3.2730196574779313323234e-01
3.0370786547130079746637e-01
3.7634124184588868544665e-01
4.8324335922920147456949e-01
5.2519951695018440851470e-01
4.7090617512659443955059e-01
3.9287807015746667449463e-01
3.9373862127294312340808e-01
4.9269865349317537583929e-01
6.0200316228996286760378e-01
6.1797390009435404500948e-01
5.3529010189632475480437e-01
4.5410660638894317919778e-01
4.7174610453586479641430e-01
5.7592497167344514075182e-01
6.5924559609162203255295e-01
6.3498181604996728477630e-01
5.2861961563789905405031e-01
4.5200726937714186259853e-01
4.8239248806463241869835e-01
5.8330446013403403071607e-01
6.4307537891074373348488e-01
5.9475116928253712877961e-01
4.8509353144519345990560e-01
4.2388910823312569986498e-01
4.6635284240549601531001e-01
5.5649277692323328992074e-01
5.8794198516250872899036e-01
5.1619693255510401552755e-01
4.0671916364821825151665e-01
3.6183823285206406783487e-01
4.1254317520558247966989e-01
4.8637276492913084080527e-01
4.8889993313871887847810e-01
4.0452414626674432218678e-01
3.1069404263450495218279e-01
2.9380760125306837338144e-01
3.5673455768229755946663e-01
4.2106291615843505216077e-01
4.1272006784684123203988e-01
3.3776917966731262454871e-01
2.7616392996399624637505e-01
2.9694794056248302593914e-01
3.8680883956471923124099e-01
4.6132092358547127641799e-01
4.5168981951192233026404e-01
3.8073208779636708021243e-01
3.4134224171370874945097e-01
3.9589709710648240958974e-01
5.0522431793554978263217e-01
5.6803939211403076114948e-01
5.3067475769911398586487e-01
4.4561842634768622506414e-01
4.1774184411099413161139e-01
4.8902554385061897113118e-01
5.9389559551912252111094e-01
6.2890223831206182314446e-01
5.6378562790285147166003e-01
4.7224377716683191286151e-01
4.5652696978924434123570e-01
5.3757680970628840544379e-01
6.3318845120485867106197e-01
6.4481591204227384217518e-01
5.6071205191210438112392e-01
4.6967118507376792724273e-01
4.6549143491434130659457e-01
5.4939714043935328202650e-01
6.2800136362701119985275e-01
6.0952631700455883745349e-01
5.0769256781744864781558e-01
4.2089974903907656500479e-01
4.2982586716861453934868e-01
5.0912190237356491628873e-01
5.5785654992823152653614e-01
5.0975865129011521670321e-01
4.0337065930501053712121e-01
3.3746271267666477777780e-01
3.6595620250982613397284e-01
4.4100232947343248612881e-01
4.6951836647796474366601e-01
4.1154116296954368348082e-01
3.2052077210668850071329e-01
2.8630219928168743059871e-01
3.3917702149785527998560e-01
4.1954601466559360289921e-01
4.4123976592148267394933e-01
3.8355334341653923857507e-01
3.1232650098926129089705e-01
3.1263356457422403211766e-01
3.9552917700960249502984e-01
4.8363440729036488718862e-01
4.9210199351693190150669e-01
4.2211955372584786250201e-01
3.5967162364118937523116e-01
3.8597164301850211964862e-01
4.8679125807786016721934e-01
5.6771068163036031428703e-01
5.5335644670296380009944e-01
4.7013512642182891942966e-01
4.1853347669690105226081e-01
4.6815232942234341617649e-01
5.8250002293542191278419e-01
6.5439574148631407535248e-01
6.1792759452026158051297e-01
5.2219699529512553226596e-01
4.7787621178170974767241e-01
5.3908205333538095072043e-01
6.4224728933607955205787e-01
6.7392115658403228817264e-01
5.9369684075241568876891e-01
4.7800704451982573006674e-01
4.3637125999514969620918e-01
4.9540056639860502452066e-01
5.7376884940583883221166e-01
5.7327019693759617702256e-01
4.7954311110754721525495e-01
3.7943469713392097286686e-01
3.6231436676518541384340e-01
4.3141466365588221343330e-01
5.0039490333069369665253e-01
4.8557062602037204257499e-01
3.9397287859926927167109e-01
3.1505909854126634694893e-01
3.2534681616053012787049e-01
4.0744098339033818501065e-01
4.6813024228926802816630e-01
4.3851933987117930335842e-01
3.4831250113142042668102e-01
2.9444440562806201144852e-01
3.3461226310004554829192e-01
4.2649239054353565991917e-01
4.7220213773945218793671e-01
4.2514689316393233786684e-01
3.4060916268331947742709e-01
3.1531739913830669763684e-01
3.8491962350949748827844e-01
4.8546939532462834998583e-01
5.1961179863032713743820e-01
4.6111359863596534935937e-01
3.8360400820945289579456e-01
3.8567605555123379845739e-01
4.8477943484865987366916e-01
5.9430428306625482370862e-01
6.1324673393025919132526e-01
5.3456678334961715837181e-01
4.5584817917409337084678e-01
4.7484753589336309298474e-01
5.8037420358259761421493e-01
6.6403889922091474673493e-01
6.3690432764942594978663e-01
5.2643530097532431621943e-01
4.4561892954348808482123e-01
4.7204090560453487723791e-01
5.6839999354876225012845e-01
6.2300404414169541222890e-01
5.7060194632149663362952e-01
4.5891188660429471646296e-01
3.9754643401914696587696e-01
4.4201161049564402505396e-01
5.3667980567826822912991e-01
5.7333903146183051724449e-01
5.0579753839805463577761e-01
3.9869157718462916450974e-01
3.5771010590530055717196e-01
4.1585189864256316694124e-01
4.9683014104421968637482e-01
5.0046545643874418285435e-01
4.1235739846296698418726e-01
3.1781680970576342559752e-01
3.0673598392796036504748e-01
3.7704991322418679455808e-01
4.4208731685977931125109e-01
4.2552468534833237656656e-01
3.4196017044944632123915e-01
2.7798316196978045677923e-01
3.0248029734026987691564e-01
3.9347786423751729412146e-01
4.6348389629688435675803e-01
4.4778322146461629893466e-01
3.7337458824655200828602e-01
3.3443126534911477021339e-01
3.9373526695912108852582e-01
5.1250504395476847996349e-01
5.8550399890733750840610e-01
5.5249278992448569436391e-01
4.6798855678622514053799e-01
4.4311224886624922536527e-01
5.2400354215310085415069e-01
6.3575526258357473174954e-01
6.6511152820626617820921e-01
5.8373663701516809165781e-01
4.7900037300071063306461e-01
4.5844313617629084411931e-01
5.3415976670533238390703e-01
6.1468543390245722335408e-01
6.0630556115738398759163e-01
5.1007794638041781265514e-01
4.1889938634472961842548e-01
4.1906141564912019470412e-01
5.0296253369789212239738e-01
5.7843350324547693208643e-01
5.6170837979417365115609e-01
4.6557583111660499897155e-01
3.8635007582870406483977e-01
4.0133198970725275644966e-01
4.8468112807843766187688e-01
5.3486041195234412803927e-01
4.8614054121490674065242e-01
3.7986541495763748166326e-01
3.1679583121525067834767e-01
3.4829410873861021968878e-01
4.2156337081507022634952e-01
4.4427101090228637847446e-01
3.8292784528489209883162e-01
2.9596778052635758227140e-01
2.6981381720613850649926e-01
3.2859517125659626346490e-01
4.1022890710141285408596e-01
4.3197558384029505207380e-01
3.7671995877332964397510e-01
3.1261598185547162520592e-01
3.2294418532716145930905e-01
4.1502149098850321662368e-01
5.0938164957534359800206e-01
5.2062820999893155704541e-01
4.5224846151607217548118e-01
3.9586005482869662808199e-01
4.3186624396159634109438e-01
5.3982661310133028820246e-01
6.1668982048016074415386e-01
5.8909758593176675400827e-01
4.9440313683386427623390e-01
4.3891781817002761822977e-01
4.8479221125072247122745e-01
5.8475824897837014315627e-01
6.3478530721384696100529e-01
5.8380546956378309708668e-01
4.8583361452601692143105e-01
4.4423460151863797262806e-01
5.0461002988254022305625e-01
6.0651227743074087594977e-01
6.4368496997444513141318e-01
5.7609591403860538338932e-01
4.7309738532711059777469e-01
4.4082146335960664673692e-01
5.0373702538247211446532e-01
5.8017450709085593985037e-01
5.7126994031510591742773e-01
4.7032285398411977084265e-01
3.6787338989595341764982e-01
3.5070393855548648298637e-01
4.1176411977266325070701e-01
4.6211154610691190791627e-01
4.3053439385231340175153e-01
3.3725485972828356251441e-01
2.6870075240850388453850e-01
2.8495913203591505258316e-01
3.5943386234243601684568e-01
4.0894956116789721312088e-01
3.8009804087457260690641e-01
3.0516788556980173341415e-01
2.6910121918494539494660e-01
3.2090797277774618656565e-01
4.1900632809323579142102e-01
4.7121616517305009441685e-01
4.3252089519265324302211e-01
3.5782477941566986912036e-01
3.4427424807792739169798e-01
4.2483599870416172139542e-01
5.2802713239298149083822e-01
5.5605110522716783005848e-01
4.9025896891930842436125e-01
4.1362906441977059790460e-01
4.2203644688114005933954e-01
5.1946791237145872877079e-01
6.1384427396047802627521e-01
6.1464402777520033005487e-01
5.2775561412024907248508e-01
4.5153604179795259199182e-01
4.7288166169841577834987e-01
5.7490207569566420531260e-01
6.5277395498267887230526e-01
6.2478686801256722027631e-01
5.1966424224829466105291e-01
4.4643445064151204837444e-01
4.7775403420572726265192e-01
5.7212356288561438955043e-01
6.1921028094890384618765e-01
5.5848144218850936937315e-01
4.4339832579875010365456e-01
3.8228176445384925985493e-01
4.2279919793749620726686e-01
5.0274305440921207566163e-01
5.2062654051156143086843e-01
4.4335273263037106028506e-01
3.3989753545294504322172e-01
3.0521216094122860518212e-01
3.6177989811694793997887e-01
4.3725215011570611745029e-01
4.4281817742795948067425e-01
3.6663893601359204277301e-01
2.8833366932165782614561e-01
2.9098511281731237465564e-01
3.7212490347510795984931e-01
4.4386921088181019445784e-01
4.3034886391169374642018e-01
3.4935243340293181679712e-01
2.9393056851299531606614e-01
3.3163159245000206620801e-01
4.3088072855172765418530e-01
4.9408595956814999050621e-01
4.6294843880865477192543e-01
3.8033178367582648471412e-01
3.4728067300015824647730e-01
4.1387555964386368856367e-01
5.2541582842204603842617e-01
5.7775989658392834513734e-01
5.2772209930501789987289e-01
4.4054388441522090991143e-01
4.2385057360456512842717e-01
5.1158218002116895295472e-01
6.2553119136848600589929e-01
6.5560786538433935000114e-01
5.7797542032105053699809e-01
4.8286713275136289302836e-01
4.7732711234834540592331e-01
5.6988818717783951139921e-01
6.5918510037302346926680e-01
6.4472184025155299114118e-01
5.3498436733878051985158e-01
4.3793804659862611838861e-01
4.4150410291045166788493e-01
5.2233449653333352546980e-01
5.7485653176619955218030e-01
5.2722276537780388139254e-01
4.1472258917939774924832e-01
3.3919780093687645905476e-01
3.6191903970849415017597e-01
4.4164086845909139578126e-01
4.7982838719798853732712e-01
4.2675116511658295337384e-01
3.2979900652824190032675e-01
2.8516249745406957449845e-01
3.3197675980889734814738e-01
4.1319543703020389369129e-01
4.3580675326896411991839e-01
3.7260730264156027846667e-01
2.8951081106448262048048e-01
2.7540332823842855747287e-01
3.4611161514139843209392e-01
4.2834974587950591651264e-01
4.3869930166786746950081e-01
3.7208518548196228836744e-01
3.0848474503165834725849e-01
3.2905314828614362632209e-01
4.2707668220169076045423e-01
5.1389799903550104076544e-01
5.1170721542435515516445e-01
4.3839620536852891286017e-01
3.9039726916796557709688e-01
4.4071405340930691618695e-01
5.5688959153566275350755e-01
6.3242196210922574373114e-01
5.9928126621190880296552e-01
5.0347684864719099984143e-01
4.5733585643724622427087e-01
5.1641448643345322366827e-01
6.1907517287547197959441e-01
6.5439394201240663750951e-01
5.8193934740454889009698e-01
4.7321276427892000615572e-01
4.3513437672245952603234e-01
4.9718965310608376206858e-01
5.8222424522050586492838e-01
5.9123223272440439401976e-01
5.0600161115583175419630e-01
4.0666714694504912941397e-01
3.8766858854058094951966e-01
4.5742905851090603919218e-01
5.3118433991450297870784e-01
5.2107784356726905006241e-01
4.2925305203306657331197e-01
3.4543731767246388386639e-01
3.4957021646356861710458e-01
4.2384603809648879746419e-01
4.7536799489220288306157e-01
4.3731149435538790859468e-01
3.4227186385934726953195e-01
2.8387874285139574892511e-01
3.1472152861431818005045e-01
3.9087642136071887311033e-01
4.2313072811399365935614e-01
3.7401753504425866436733e-01
2.9589774054608136699684e-01
2.7319762417473891780162e-01
3.3555789301959243475793e-01
4.2555897977378326357822e-01
4.5916604023573986959050e-01
4.1138411629920751400036e-01
3.4767642021912986693977e-01
3.5481548897464115777112e-01
4.4954191807539722880449e-01
5.5396823638625425356707e-01
5.7566847651708696886885e-01
5.0810852055053379316973e-01
4.4175379495778166472064e-01
4.6742699000333359782289e-01
5.7376993476968096707935e-01
6.5764608722656348049895e-01
6.3600249837562627952536e-01
5.3608898806775828749238e-01
4.6587464652442173163038e-01
4.9744880981240807704680e-01
5.9047399137366640697877e-01
6.3819802697648675415820e-01
5.8234081964660355801300e-01
4.7243267762412505250680e-01
4.1245817844337173685432e-01
4.5084328936836659540432e-01
5.3375191712571168345391e-01
5.6136195907458286136205e-01
4.9427176061634842119119e-01
3.9305810287038012162952e-01
3.5444505121517577705959e-01
4.0803252759919678149814e-01
4.8344327238984086125839e-01
4.8690504281837732047933e-01
4.0283413051453631492649e-01
3.1049443760378503398556e-01
2.9479174632015525681084e-01
3.5609664051226036507458e-01
4.1361199866565029337195e-01
3.9537786651656176006853e-01
3.1505812389600407197321e-01
2.5300699184396746588277e-01
2.7314436401803587894932e-01
3.5501643231139629053317e-01
4.1638299051243821136126e-01
3.9823182555607655741525e-01
3.2865485405668665164214e-01
2.9596698402953042217334e-01
3.5410697848551803135209e-01
4.6139764977973590776017e-01
5.2044773435866586996923e-01
4.8307247092145938482943e-01
4.0642696909188508191946e-01
3.9381670787227196495195e-01
4.7799612547730502276622e-01
5.8533135341318165423274e-01
6.1190652323462901840401e-01
5.3822414185897371474709e-01
4.5023224601778333298085e-01
4.4760501987287748537625e-01
5.3541054038519542146446e-01
6.2043492902248054132741e-01
6.1153790487582315726911e-01
5.1557754416094536686899e-01
4.2967849819186271220772e-01
4.3980654310694528019710e-01
5.3195125878803839469811e-01
6.0700877922694840282958e-01
5.8363138794839786172020e-01
4.8326427633026242114411e-01
4.0952232858411691251987e-01
4.3595842883814062140857e-01
5.2497751740410825149752e-01
5.6889377791525952421381e-01
5.0772357543627988363255e-01
3.9459379558745266702857e-01
3.3512409574699658643127e-01
3.7268392594654620175731e-01
4.4492675193971836788975e-01
4.5537373207144471454200e-01
3.7912331958041206592114e-01
2.8582497892450597909431e-01
2.6282542479633974608078e-01
3.2229450251840208174769e-01
3.9257215724262650713428e-01
3.9593483120818856457745e-01
3.2872742922682446353733e-01
2.6511276038745557048770e-01
2.8122431860337021580776e-01
3.7191365525251918189298e-01
4.5516203535686439174412e-01
4.5472965935961695560508e-01
3.8411826992660630386567e-01
3.3631420456823812870084e-01
3.8368287718369964434117e-01
4.9599791007280685795067e-01
5.6912076047830806313499e-01
5.3848171565182434417096e-01
4.5005548549862189888771e-01
4.1264868415505145948785e-01
4.7983503293239415654625e-01
5.8932742736617749201855e-01
6.3140791559945497191109e-01
5.6540544939195858109571e-01
4.6454121384452068399540e-01
4.3703043807143393539860e-01
5.1043336219550516918986e-01
6.0351785186766215840493e-01
6.1467731803007386037763e-01
5.2820623571155289610601e-01
4.3080984232974151026951e-01
4.1787420747381709418278e-01
4.9474905978528926908666e-01
5.7007600886896248049140e-01
5.5366072596143289796800e-01
4.5300668822008949288005e-01
3.6368212800442756282848e-01
3.6677359031981948689349e-01
4.4203231865329473126991e-01
4.9128675923917619616788e-01
4.4763777183294300998639e-01
3.4542387009374420081542e-01
2.8054066128078458675077e-01
3.0629320260191583713549e-01
3.7985660267828746938790e-01
4.1256259682745366479395e-01
3.6355095172059614938576e-01
2.8211361373250826156678e-01
2.5441185717767217377983e-01
3.1329244213289680898171e-01
4.0076236612496057842847e-01
4.2905092547494561028287e-01
3.7514658039987414106520e-01
3.0705208500402580984456e-01
3.1257233684801499773442e-01
4.0181787674583596681188e-01
4.9452686669795598017885e-01
5.0431447798783035629810e-01
4.3436723365309143352064e-01
3.7579855039031734298405e-01
4.0929063343938421049018e-01
5.1619800404178650676812e-01
5.9497604884063537422634e-01
5.7200728475148054918975e-01
4.8039592222769361695711e-01
4.2507664342138867796805e-01
4.7043948570526950003767e-01
5.7375005893068087292619e-01
6.2850096093856699930313e-01
5.7967139239114606752423e-01
4.8000573158272208385000e-01
4.3495032683041412457925e-01
4.9178505671559002987436e-01
5.8908437663908941317459e-01
6.1936327883770936342245e-01
5.4645454770343959705059e-01
4.4133628533633306734174e-01
4.0732560252316568627506e-01
4.6791397147535790379536e-01
5.4168291470167395651458e-01
5.3421235110797549161532e-01
4.3914992508816103056191e-01
3.4374308017572718920718e-01
3.3156972074336810152317e-01
3.9439365701277762088495e-01
4.4517320386594438907935e-01
4.1423587366288761035804e-01
3.2345000363080161909224e-01
2.5845237116437003166425e-01
2.7709297657554193827778e-01
3.5121972542357282609515e-01
3.9731345454787159177101e-01
3.6568707738795003248100e-01
2.9212997649069155636781e-01
2.6056678971721403126338e-01
3.1499860102369781067466e-01
4.1065443608215612680823e-01
4.5775017248711075135148e-01
4.1789634792195201606901e-01
3.4835680757624748471457e-01
3.4211486292360149263914e-01
4.2596952770386847797468e-01
5.2776417970142741609152e-01
5.5299722824759911521397e-01
4.8733876687817806461211e-01
4.1434238447776805536193e-01
4.2619970761908448908528e-01
5.2221481456817575583784e-01
6.0987792571022503285150e-01
6.0183983619636749473614e-01
5.1190107942993778866736e-01
4.3855590921452736186126e-01
4.6190601539568187927642e-01
5.5712871128362773109899e-01
6.2139086764659257067223e-01
5.8401808700384294503749e-01
4.8133908521372970046315e-01
4.1659361172889847191314e-01
4.5138671379932049365635e-01
5.4022003987605293762186e-01
5.7931030976438180335464e-01
5.1687277034376621909217e-01
4.0874677908708978435470e-01
3.5680606697642447411312e-01
3.9953094502398839305002e-01
4.7206014663506912221180e-01
4.8040882900757791995616e-01
4.0139186127340992227275e-01
3.0676697493776050595926e-01
2.8314914118072326276732e-01
3.4092173639724460132427e-01
4.0715602267710482298213e-01
4.0319163995334766914524e-01
3.2899555251380552256535e-01
2.6226197158567288170161e-01
2.7499451857495293971567e-01
3.5685876588643222762087e-01
4.2337247411629785887044e-01
4.0827263442470557164299e-01
3.3505624060404248787393e-01
2.9348397290341365906130e-01
3.4240690674197760134945e-01
4.4379169487179048747549e-01
5.0152746392163283228882e-01
4.6407839386451382734933e-01
3.8386523288543461518429e-01
3.6088311194006250648414e-01
4.3476216441666709622282e-01
5.3969369851299786589038e-01
5.7524340257185946345686e-01
5.1251839983231661790342e-01
4.2786896002211388667646e-01
4.2032777194125281461368e-01
5.0758167963457778704139e-01
6.0490737426917928765135e-01
6.1538766202734940247154e-01
5.3219798571641308004843e-01
4.4702626556720265194045e-01
4.5369575600615869026555e-01
5.4639930078376797162321e-01
6.2485408662561781056866e-01
6.0151365283230773250978e-01
4.9426492848795500201220e-01
4.1059119817053668644036e-01
4.2668921672934939648414e-01
5.0784487337179173849222e-01
5.4851903068433183197072e-01
4.8930437521712111248462e-01
3.7770049309941089443754e-01
3.1530498960591291091049e-01
3.4737492108867429330132e-01
4.1863548643015674466383e-01
4.3708339782189381539368e-01
3.7098697897587867844393e-01
2.8116135331212122050459e-01
2.5473594168239876989190e-01
3.1255224891803318199024e-01
3.8952845074260383784193e-01
4.0260891682067240227028e-01
3.3976728851013232590716e-01
2.7191998099964143076335e-01
2.7937511096849398928299e-01
3.6401531552646604339429e-01
4.4492480869249001473875e-01
4.4394071253506783847342e-01
3.7159935217958045550191e-01
3.1891548494539240232726e-01
3.5807429272301194433936e-01
4.6280409723527587972924e-01
5.3369935457447403859277e-01
5.0663226612569378648487e-01
4.2251525709440734823730e-01
3.8556006810199611178902e-01
4.5002047280761198200238e-01
5.6133968539571521549902e-01
6.1237996002691241770322e-01
5.5777289973736243755553e-01
4.6245556420575611999979e-01
4.3405266466081338094796e-01
5.0661725730786322241528e-01
6.0399072317694080247463e-01
6.2141235109196080177441e-01
5.3814897887009049970430e-01
4.3834582570806618351256e-01
4.2273475129216109280605e-01
4.9902985296179624974400e-01
5.7519819141633921066870e-01
5.5891629004648457623716e-01
4.5753304065106181752753e-01
3.6579842343125912318413e-01
3.6524599618904213249593e-01
4.3748426121260480803343e-01
4.8817751043983947933924e-01
4.4957015786555354353027e-01
3.5176183613575529030015e-01
2.8772724401847876718463e-01
3.1394935471704682461436e-01
3.9147149150438853570932e-01
4.2928783162445988130784e-01
3.8160230387173788013655e-01
2.9689475404096005162202e-01
2.6593581284723466495734e-01
3.2108179344984971725907e-01
4.0274173697130244420350e-01
4.2369666470876166108894e-01
3.6380204658615100665742e-01
2.9254887874881763121238e-01
2.9430211409231016306265e-01
3.7663566622295041597113e-01
4.6174296554497357147895e-01
4.6767139650581623921966e-01
4.0028771204078161805029e-01
3.4416665502635440665458e-01
3.7558183312882609250494e-01
4.7820665737361589542331e-01
5.5807259747791737591882e-01
5.4335677959014549998074e-01
4.6117196312540076341691e-01
4.1172498093017717568642e-01
4.6119470605971507604082e-01
5.6987005820092340169225e-01
6.3218531324094384693524e-01
5.8761907190311968296470e-01
4.9021448176608511948515e-01
4.4754495596259141754203e-01
5.0618439599358044933552e-01
6.0082408470946391254586e-01
6.2456145467083634681416e-01
5.4513786851406531575037e-01
4.3864139663947038227931e-01
4.0596256732813107426239e-01
4.6514358294378471692099e-01
5.3487894675191582916085e-01
5.2466311991441694217997e-01
4.3055354960432806743498e-01
3.3812092108335545237452e-01
3.2764555112936699643456e-01
3.9192032589417902244122e-01
4.4581955690676267067829e-01
4.1985088314589452673786e-01
3.3194877030897962377765e-01
2.6694914875792596919979e-01
2.8529424640919681666063e-01
3.6019475080434149028008e-01
4.0620317314971443600768e-01
3.7226641350270245345300e-01
2.9538275184567064357566e-01
2.6117957025452992469994e-01
3.1157357437372668051978e-01
3.9888996635799794931998e-01
4.3592333563160445830675e-01
3.9016072888251090988732e-01
3.2017460586429485891458e-01
3.1406054691873830364557e-01
3.9398685008565681453518e-01
4.8980733398649262122504e-01
5.1202976668960098471928e-01
4.5033263715694649143018e-01
3.8547253839380030138173e-01
4.0362032052697643935701e-01
5.0202306394844042891634e-01
5.8843821112412475482500e-01
5.8105025912546448552121e-01
4.9583175255007838622134e-01
4.3185790075992319669851e-01
4.6334149929589762972881e-01
5.6136465751581632321887e-01
6.2351333070444026063228e-01
5.8282759845688991706680e-01
4.7982499649492404980577e-01
4.1918446791096375392272e-01
4.5837106226546270315581e-01
5.4583586699974684375292e-01
5.7835408073960792307844e-01
5.1142735635301983521117e-01
4.0641867425205441266556e-01
3.6277327910970008639779e-01
4.1182726162317379037248e-01
4.8702297059153487612804e-01
4.9524170934277045308392e-01
4.1667516225042261490685e-01
3.2527476190365994801468e-01
3.0820263819232246449431e-01
3.7167806487829652128951e-01
4.3634470709575040592298e-01
4.2339882962732849902565e-01
3.4079912125229316899322e-01
2.7304095268840472554572e-01
2.8820686107984089252554e-01
3.6562451743188212338609e-01
4.1906303178338688564253e-01
3.9071887846018016343663e-01
3.1263177772593248038291e-01
2.7404628198229846747225e-01
3.2272232454308674709509e-01
4.1532973761075575591661e-01
4.6214204164100380900493e-01
4.2230571491160512342944e-01
3.4871473576521955228813e-01
3.3372267471579875053322e-01
4.1049913742345639500186e-01
5.1450482620795534582925e-01
5.5013002504995278663102e-01
4.9232277865006957018323e-01
4.1656085921749658185220e-01
4.2046944343276071442972e-01
5.1427155413053637911247e-01
6.1020559911658533991385e-01
6.1295446944831988300706e-01
5.2437841645748795027515e-01
4.4266806916221379530896e-01
4.5650440602605729667474e-01
5.4764652095826926725408e-01
6.1264849401006282736404e-01
5.7490339703125881154477e-01
4.6674310612071134851675e-01
3.9313261174086228111335e-01
4.1739479237357657304130e-01
4.9851405412267013605998e-01
5.3569703750012609422271e-01
4.7728775075074003630959e-01
3.7342106481231907011420e-01
3.2179643885417835713625e-01
3.6369783864095994729837e-01
4.4113154844809931987015e-01
4.6056152364734176396510e-01
3.9218166333750625884846e-01
3.0179056597932396588391e-01
2.7873813355892096410571e-01
3.3840543780608883794869e-01
4.0856771876946101906825e-01
4.0765010348776420379124e-01
3.3330367803274596472107e-01
2.6365667253872265840542e-01
2.7325294842625758029442e-01
3.5318297726885711229627e-01
4.2096806517571538908129e-01
4.0883152608255846072183e-01
3.3663338213825788614031e-01
2.9266854192977853621471e-01
3.3778239554236699770939e-01
4.4066592443030644377089e-01
5.0516767885607483101751e-01
4.7528304430528994783955e-01
3.9735395912763454839833e-01
3.7196211951769553305525e-01
4.4463942970097741769209e-01
5.5336757263340152768194e-01
5.9324435469271774579170e-01
5.3113448397688900470826e-01
4.4152852612499149387304e-01
4.2770204057782196249704e-01
5.0850122483152615515678e-01
5.9917361864703044815883e-01
6.0235252867118327380069e-01
5.1217815271685274147728e-01
4.1978855740987763844885e-01
4.1602850203098629133791e-01
4.9630524958244337518920e-01
5.6720376623848500763359e-01
5.4638661316217052021926e-01
4.4937503643649090445678e-01
3.7188367245660935989093e-01
3.8770474724734366178680e-01
4.7096650932391992405712e-01
5.2303535054760186273626e-01
4.7901059570237247697833e-01
3.7785242867136514810511e-01
3.1875767644316188587084e-01
3.5289827908843807158235e-01
4.2842892194491782875687e-01
4.4868578103739026330388e-01
3.8137943772891175209239e-01
2.9004788527766162120614e-01
2.6330647515143151826678e-01
3.1883380409922168485792e-01
3.8890541494039898573476e-01
3.9410772672458488363745e-01
3.2835786924240667472574e-01
2.6333075192526789187752e-01
2.7272254708101451026181e-01
3.5598465118260186335064e-01
4.3571471351817103734305e-01
4.3837548643717744178971e-01
3.7336280004349803318675e-01
3.2576408883105328895269e-01
3.6708556619928484066051e-01
4.7391366338749690845233e-01
5.4959816587487264616385e-01
5.2704570787746851667777e-01
4.4462142781406738256678e-01
4.0662127016570126514239e-01
4.6874048170158838511057e-01
5.7561015801645787348662e-01
6.1942274009432418679921e-01
5.5767365961705583909946e-01
4.5899544109135298475266e-01
4.2776823889467668893261e-01
4.9279754192151487002249e-01
5.7813082345446509258124e-01
5.8629751655473705262978e-01
5.0195831711714211653685e-01
4.0597736589927774231157e-01
3.8965166098018089169130e-01
4.5975399326149912759831e-01
5.3230666217764199821261e-01
5.2140280128914184842870e-01
4.3030165439172141095270e-01
3.4768972064105285735280e-01
3.5238008484326227565120e-01
4.2615273007736781396559e-01
4.7767572157294135859473e-01
4.3955901831851856842448e-01
3.4280581387948594329629e-01
2.7977554168036405934927e-01
3.0404927203020720716253e-01
3.7457946032533878666371e-01
4.0403402471706395537865e-01
3.5368897099556079188787e-01
2.7275062254747783896391e-01
2.4553033642322694141136e-01
3.0205858125077056364205e-01
3.8632981567144991652540e-01
4.1421566075516369487275e-01
3.6389762380029366806156e-01
3.0022290284857106046346e-01
3.0697457503028718894811e-01
3.9467337720608308693215e-01
4.8501753384780016409294e-01
4.9410521616750219253689e-01
4.2489091964993602745793e-01
3.6736063099434618228756e-01
4.0085079494774733532836e-01
5.0478284836126507961751e-01
5.8043348328860810969587e-01
5.5524397976785699881930e-01
4.6428061612708670935490e-01
4.1069587266763268873504e-01
4.5537936323064365229385e-01
5.5127045954025100105156e-01
5.9742026610669585195978e-01
5.4262402004091636609218e-01
4.4409378495825219124171e-01
4.0267965288634505194310e-01
4.5917510625296903414849e-01
5.5063364404018899644910e-01
5.7742862778293335690449e-01
5.0727529334693144402735e-01
4.0972495839640798998005e-01
3.8362906557581916144883e-01
4.4796433497302740045498e-01
5.2274946779281961095620e-01
5.1558129885980519269140e-01
4.2194198282083766882167e-01
3.3127797155888782931754e-01
3.2459286989771796161364e-01
3.8956196465425624309020e-01
4.3711009591505339821893e-01
4.0094439428491146504285e-01
3.0885230818035880329120e-01
2.4911045380071764054897e-01
2.7375300529191221032832e-01
3.4722756585679803720268e-01
3.8720684734695526296733e-01
3.5025390524193689145704e-01
2.7785173648929317735679e-01
2.5301630195331614725518e-01
3.1353202112780959032179e-01
4.0911977551896427929279e-01
4.5083003611880034799952e-01
4.0605339722312172590080e-01
3.3767060618286709461344e-01
3.3783533787702973993916e-01
4.2693309113171573621059e-01
5.2542888789547204098085e-01
5.4064627733164571932178e-01
4.6726253536020390111361e-01
3.9733104423113058123462e-01
4.1820573467901178688066e-01
5.1762120864459559843596e-01
5.9575814494591594616679e-01
5.7295172665633176123379e-01
4.7688544099204321913277e-01
4.1024151758965193836914e-01
4.4207768332330349414505e-01
5.3486999626031839216722e-01
5.8669743088597414715224e-01
5.3888922619662238400196e-01
4.3711704149368652005947e-01
3.8392465149857962769531e-01
4.2945074383208686752411e-01
5.1829459088610896344562e-01
5.4736886090862924003630e-01
4.7806524424163465702975e-01
3.7563505768883714841522e-01
3.4045843734999248209050e-01
3.9625210167567237462549e-01
4.6767736289084799183868e-01
4.6302127418114752410716e-01
3.7579054896025043674967e-01
2.8715284594932094508479e-01
2.7713223110301676843648e-01
3.4031343370932387593086e-01
3.9651962978511734458920e-01
3.7801821687932940507793e-01
2.9997928420975794594483e-01
2.4431422328681154376717e-01
2.7171354378569811949262e-01
3.5698761358035990820525e-01
4.1385733872326679883002e-01
3.8769904592554293998319e-01
3.1520166427975665479622e-01
2.8787253457631084563317e-01
3.5144226874374490110498e-01
4.5353348109106739194374e-01
4.9717399389603633697021e-01
4.4753913396635447430327e-01
3.7131019046333124666859e-01
3.6542288997847965914545e-01
4.5006496501250803365934e-01
5.4539006553002844501776e-01
5.5670313532376047849226e-01
4.7904754386846493119378e-01
4.0059070855291872836901e-01
4.1079602403773141094945e-01
5.0320168232730477786419e-01
5.8475912781239591797799e-01
5.7271037064316598907965e-01
4.8277448005007533859967e-01
4.1295131200809287452813e-01
4.3981672996056714319835e-01
5.3565000217537539484169e-01
5.9715791711576327038813e-01
5.5515829125639459817876e-01
4.4991388641369223222455e-01
3.8692671008822210332312e-01
4.2299398499760948455517e-01
5.0355115510591663685602e-01
5.2619494476639361302261e-01
4.5284085363005316393625e-01
3.4821353701773338773506e-01
3.0823221966450409237126e-01
3.5545490090092551893619e-01
4.1899954330568661697853e-01
4.1491197174733618346920e-01
3.3620540021612915770888e-01
2.5642606877452778224580e-01
2.5024845379387550270422e-01
3.1594937705448772335970e-01
3.7979209946558784016801e-01
3.7349367247400794278533e-01
3.0668635307693670188911e-01
2.5584522182713220761485e-01
2.8600061733868487046095e-01
3.7734090275196613406550e-01
4.4352557530589958867395e-01
4.2387052170546485330149e-01
3.5144037236668168588949e-01
3.1949508472765947297844e-01
3.7973331838266621840461e-01
4.8231350002686351752246e-01
5.2898908290204127435885e-01
4.7980416022889493810055e-01
3.9878105835723670624660e-01
3.8370708501062550377370e-01
4.6154983564461576905913e-01
5.5753017752911959714623e-01
5.7584671108269247508105e-01
5.0219555866713760927666e-01
4.1921622208089881489457e-01
4.1813821584812732590208e-01
5.0202009520876644810272e-01
5.8214920313764362269637e-01
5.7218024282934609736628e-01
4.8116517611985037961020e-01
4.0213430383881226815035e-01
4.1486870714665496917561e-01
4.9822117593203635310672e-01
5.5416313089420676796237e-01
5.1344437605170967220403e-01
4.1034312003168482707594e-01
3.4297303064693918095429e-01
3.6818228954594806046074e-01
4.4088657670272451971627e-01
4.6727763124821575235757e-01
4.0632770104921794862562e-01
3.1105627073233582668976e-01
2.7163221701801271157350e-01
3.1753302734103633353513e-01
3.8901426104006631145893e-01
4.0260375773417272915466e-01
3.4011308061306355643438e-01
2.6716719281830214605122e-01
2.6247998443487374764516e-01
3.3344922550330075017300e-01
4.0640746006573263970907e-01
4.0645280581783244100436e-01
3.3952794656369983394839e-01
2.8756383557964237951410e-01
3.1872916200477469095276e-01
4.1319660073913277997804e-01
4.8058698728895271612416e-01
4.5833308682803336475686e-01
3.8166975054435819947329e-01
3.4492671724323104021082e-01
4.0051712664514393935633e-01
5.0139836797966053083542e-01
5.4908765014880733801306e-01
5.0093737411054806152322e-01
4.1591788045277405805322e-01
3.9278024186038784648645e-01
4.6527852728297497408860e-01
5.6481577814314620766822e-01
5.9269771347214539325421e-01
5.2424777204473838043697e-01
4.3694558986202364225804e-01
4.2766334333052236083006e-01
5.0817246683689765163194e-01
5.8957934230847564016642e-01
5.7973214504946779523920e-01
4.8261198996298687591278e-01
3.9346536006347476721601e-01
3.9437033239647562021801e-01
4.6727733610185973045503e-01
5.1581537957784506787107e-01
4.7219832292360747194593e-01
3.6907494717307393061745e-01
3.0204483047146080121337e-01
3.2464577228297941680069e-01
3.9541332832725489820902e-01
4.2435227672984499047715e-01
3.7104419771176999631734e-01
2.8452858702710792648816e-01
2.5053044767195192799036e-01
2.9936604175987613363219e-01
3.7571323239037668351159e-01
3.9650087308579484712823e-01
3.3997935672729256983970e-01
2.6959509495788280819539e-01
2.6686011445515384066240e-01
3.4267052633652100857020e-01
4.2365752954926094719923e-01
4.3039269375919442239820e-01
3.6464049436775869406091e-01
3.0890892021807880851725e-01
3.3773506165262073830391e-01
4.3527168595582904631058e-01
5.0896268767401786625726e-01
4.9089669784219491788235e-01
4.1109779211362912354488e-01
3.6789835634049788959388e-01
4.2043155516808444760457e-01
5.2449110952645539018846e-01
5.7810293481814012395148e-01
5.3128056318115435274763e-01
4.3993878859878626785829e-01
4.0740457616509878624456e-01
4.7275493725319905902182e-01
5.6889588790540013274466e-01
5.9302084418327549730776e-01
5.1769785665202894264780e-01
4.2009344828399269866637e-01
3.9901250981698638264916e-01
4.6741886651252073647811e-01
5.4196191530411019776636e-01
5.3254014182569475721607e-01
4.3948338685552618132490e-01
3.5027742372686143657035e-01
3.4645292628352292174654e-01
4.1674940095105889037441e-01
4.7174825063413144965452e-01
4.4117247790099956006316e-01
3.4796986484394543115428e-01
2.8264513752368874976995e-01
3.0579204591089248488345e-01
3.8252716962555444180083e-01
4.2298201750016234390372e-01
3.7827451088526747868812e-01
2.9390373067087577352297e-01
2.6001415050096371439636e-01
3.1222951263191739412761e-01
3.9264304131820026988464e-01
4.1474484237091618910043e-01
3.5670849167760437792296e-01
2.8541931141192772303228e-01
2.8470929968538449816862e-01
3.6431717856096546004352e-01
4.4797418393008370252062e-01
4.5521763719877533782565e-01
3.8765416665749691249587e-01
3.2846617388691851102678e-01
3.5597480123353786307661e-01
4.5586402144161825011892e-01
5.3543913312336299803462e-01
5.2166887183501375879757e-01
4.4037371333378799720393e-01
3.9038026678771081678931e-01
4.3854859802154627645976e-01
5.4318758305086478621604e-01
6.0022603851305900146684e-01
5.5331551487497387942227e-01
4.5592759500109514281263e-01
4.1403665242365783605294e-01
4.7160912109925645641084e-01
5.6271956657614052854655e-01
5.8356511586450865447517e-01
5.0516149979050672946812e-01
4.0233337120412787646373e-01
3.7343957813735773054731e-01
4.3388184442411831254205e-01
5.0315231290472717251561e-01
4.9361773564431549177201e-01
4.0397512175972621895070e-01
3.1826663706878177695359e-01
3.1408500342151868256479e-01
3.8228779036809235059025e-01
4.3649836472361386308094e-01
4.0917856167139599055105e-01
3.2152779341498666232368e-01
2.6037080113075344867113e-01
2.8451004714449157351197e-01
3.6123246635412115113084e-01
4.0328214306264426047832e-01
3.6338045547141112345813e-01
2.8410199700558763646896e-01
2.5199760947826904677882e-01
3.0463061597301838157037e-01
3.8970963372476025154967e-01
4.2155398457843057391514e-01
3.7302456987368781682335e-01
3.0596385093446315517340e-01
3.0608728474729945956412e-01
3.9026537132962779708123e-01
4.8406621194851134903914e-01
4.9981462103388973883256e-01
4.3377764127733264842846e-01
3.7145378454599914386236e-01
3.9598673359188524267793e-01
4.9603794460793299014867e-01
5.7555217185201268392802e-01
5.5793635315971834565119e-01
4.6853025544427584492269e-01
4.0813268387063522668612e-01
4.4467095694586250553826e-01
5.3939633733451564090444e-01
5.8936774376086753512993e-01
5.3820704648892481181122e-01
4.3643267137123564758383e-01
3.8659284614607308805390e-01
4.3273109721180730291579e-01
5.1736123143445844618782e-01
5.4274339356274459156282e-01
4.7407186582357141446664e-01
3.7617864168768777588525e-01
3.4364640046897071412602e-01
4.0103112239476707001629e-01
4.7513839401482693691747e-01
4.7619735189266393371454e-01
3.9401199961032312701903e-01
3.0836732937718652758363e-01
3.0118232579729559139636e-01
3.6800123047171096057895e-01
4.2360838038328757493289e-01
3.9834613155874293299874e-01
3.1308555235185553389243e-01
2.5463326879008912895230e-01
2.8026084143143142890509e-01
3.5741495785682697583496e-01
4.0032085082219009963822e-01
3.6278316700338292255523e-01
2.8814294699578568703657e-01
2.6173939228496956310721e-01
3.2026969598195431654375e-01
4.1274759123344090250285e-01
4.5151461913044083074098e-01
4.0636435102850360090443e-01
3.3885117338839565448438e-01
3.3839085407326457977106e-01
4.2468867947025312759024e-01
5.2240721532324729814434e-01
5.3988775845165803968229e-01
4.6958031547076417577813e-01
3.9922303261412284136611e-01
4.1696642911157422162205e-01
5.1421193221691063879319e-01
5.9344764168140540228080e-01
5.7472057926367936531165e-01
4.8081542307627578303197e-01
4.1286226568853862106678e-01
4.4117362644156671303008e-01
5.3110038865202058300241e-01
5.8057800522722113889529e-01
5.3006887451244422138075e-01
4.2632147682897292284565e-01
3.7016781002252913124195e-01
4.0936836194351738926756e-01
4.8856178393746774180073e-01
5.1041127584944234740760e-01
4.4075458699996794553755e-01
3.4329641547859890415850e-01
3.0990005907261125583929e-01
3.6278202112546459323639e-01
4.3173428165527549804636e-01
4.3087859027047686888423e-01
3.5131650131889080590497e-01
2.6984970744428526945313e-01
2.6433590028922787640298e-01
3.2923055483849578140010e-01
3.8678025338940758004469e-01
3.6972087143513010509821e-01
2.9438784124194306013322e-01
2.4155388116252263230876e-01
2.7012468791412358459780e-01
3.5452469360646349239019e-01
4.1144697130825369502105e-01
3.8673637044874281665230e-01
3.1684956398923597165052e-01
2.9155073165107692201303e-01
3.5700612099807810251306e-01
4.5960918649889909159967e-01
5.0475296197360419725442e-01
4.5573809280842209057383e-01
3.7972286549812273026561e-01
3.7387372686804754007284e-01
4.5849744648091966814363e-01
5.5400353897577458983648e-01
5.6583330604502291016900e-01
4.8772701096681858601301e-01
4.0958890145951665218149e-01
4.1916003387362188448151e-01
5.0789759792396604876075e-01
5.8153996175282895997327e-01
5.5951227943449366453166e-01
4.6280469409989805074090e-01
3.8946034949219021648048e-01
4.1063895838772856983212e-01
4.9714124569084700011601e-01
5.5041576994089047580871e-01
5.0791223380274286292035e-01
4.0779676503072170845599e-01
3.4911930593729650906809e-01
3.8470588719204656946715e-01
4.6503121913430200962125e-01
4.9184668046070501024047e-01
4.2608603482315088317733e-01
3.2940012509040517141301e-01
2.9550585385644734248700e-01
3.4723972675870640181017e-01
4.1333603450320566263798e-01
4.0942599967240694835979e-01
3.3033090490575023334685e-01
2.5329862217213455766185e-01
2.5258575198047655829825e-01
3.2105331240916773483107e-01
3.8059893657602206218371e-01
3.6699324737396676887613e-01
2.9665689504797676523395e-01
2.5086470176452557723223e-01
2.8818814096533490465291e-01
3.8187185881064222847669e-01
4.4453912932289318948875e-01
4.2137468032590796873649e-01
3.5041427144938569471222e-01
3.2479338172864224976166e-01
3.9164818476105167643908e-01
4.9792513622280443197354e-01
5.4229967455160310585427e-01
4.8926933883915924017316e-01
4.0687186071868874925883e-01
3.9566741360416707307124e-01
4.7714035690726153138286e-01
5.7050142128892955550867e-01
5.8000327709265120379456e-01
4.9843942219046111219427e-01
4.1473597137425632919161e-01
4.1761112738930333820875e-01
5.0118055747952283685009e-01
5.7166605003762549497281e-01
5.4846296686176820855962e-01
4.4980673188837771991899e-01
3.7292857057470485404593e-01
3.8857596609663225262210e-01
4.6774633516552344136841e-01
5.1372838061705827783499e-01
4.6752680972664956149387e-01
3.6804409766625156841258e-01
3.1086969485185339534539e-01
3.4447195138892150456655e-01
4.1861723550129087412230e-01
4.4042067709657012342106e-01
3.7562902845120565986647e-01
2.8454000837855625283268e-01
2.5427157049409893074809e-01
3.0457932630323758527169e-01
3.7020365099613833370640e-01
3.7393496378372559352243e-01
3.0842323184924780310467e-01
2.4273775376515918655862e-01
2.4895526605343593073982e-01
3.2542083408668698307764e-01
3.9781457536756964499247e-01
3.9566384135138216171512e-01
3.3047413109901385697142e-01
2.8576315461841689247180e-01
3.2778930499738812009980e-01
4.2907494190001344014362e-01
4.9499842314406283794170e-01
4.6783573572367265214211e-01
3.9027919921211334797206e-01
3.6157578455306998987950e-01
4.2730639858612950998662e-01
5.2846512747653207053844e-01
5.6416601024316437307249e-01
5.0296599900296612428718e-01
4.1552386009269920430498e-01
3.9913354328777017610008e-01
4.7344811239395323543278e-01
5.5968529701900593398278e-01
5.6573620241006794540084e-01
4.8405892598957972472462e-01
3.9810522487203975350312e-01
3.9586853277153921659703e-01
4.7561295267800490771393e-01
5.4884016356043374695872e-01
5.3260518625917230295386e-01
4.3891224914191256933904e-01
3.6209411680940012390195e-01
3.7609684491799433292414e-01
4.5367747416941112126310e-01
4.9797005373063812916357e-01
4.4857560810089042169224e-01
3.4797643422504193067013e-01
2.9220092620310661457594e-01
3.2548032885996264207407e-01
3.9408985656930822782940e-01
4.0898992358685049008926e-01
3.4373272001226456984213e-01
2.5968833176912203830611e-01
2.3787060697193432301511e-01
2.9288888377905886173380e-01
3.5982567083947253339105e-01
3.6532845761189852717976e-01
3.0511886348304784188912e-01
2.4768125654013717351631e-01
2.6467729830555142278570e-01
3.5180157010286833285662e-01
4.3091906999875984052295e-01
4.2922028477512141897421e-01
3.6358584812945859976452e-01
3.2095669564207229829123e-01
3.6731174640034852663106e-01
4.7058261369135051532808e-01
5.3364490262624542094017e-01
4.9915372867594537398261e-01
4.1476519846083026443750e-01
3.8175150423233955576663e-01
4.4474933442980690845303e-01
5.4333337634313105812822e-01
5.7739278186348130805783e-01
5.1416553482126159391186e-01
4.2354385646588743608021e-01
4.0386003065687969826314e-01
4.7497394023980010757668e-01
5.5783700556370297007902e-01
5.5965256069899738111673e-01
4.7398956894263050143579e-01
