1.2566370614295210936945e-03
2.6637381465110095092250e-04
1.7292393554681705601650e-04
1.9506815789788886574170e-04
3.2798129354445557787339e-05
1.3707292368519345508726e-04
1.1693676264802802402620e-06
7.9117775811022379890691e-05
2.4516451698287652111066e-06
3.7554059498707664235470e-05
7.7124777324780530775869e-06
1.4219881155024563469322e-05
9.2599527206679725958253e-06
3.8641241847851610466294e-06
7.6165656148842567039494e-06
5.0742778548775883740363e-07
4.9223733919494343767593e-06
4.4013094415628654964691e-09
2.6036164280853866680090e-06
2.2912796993881458406871e-07
1.1205749922155163478548e-06
4.0254343135196464441194e-07
3.7040984773375485744702e-07
3.9598718205418933905639e-07
7.7694861569119578341028e-08
2.8877494456198820098824e-07
3.6528065370444996119113e-09
1.6918663605645834048425e-07
4.4314580120483171013404e-09
8.0881865155215448311104e-08
1.5879627429811874750086e-08
3.0589512017267356810552e-08
1.9686594875291289017482e-08
8.1587975131703668394275e-09
1.6371645906341273027277e-08
9.8106702873281514537536e-10
1.0568552899791497507394e-08
2.8760916647262626991301e-11
5.5081643038369863120499e-09
6.0579533422212340365791e-10
2.2866290310634879291781e-09
9.9641451211407647234149e-10
6.9590874773698319508520e-10
9.4628792253508181144888e-10
1.1537584312157652909815e-10
6.6572735500382688924495e-10
2.9516782202586917928170e-13
3.7074166207851080787240e-10
2.6760959359749886934023e-11
1.6317702341575559961381e-10
5.7413491000463613048523e-11
5.2796355042382670429430e-11
6.0611194178126070566074e-11
9.6227399913273810961956e-12
4.5366785683553933608846e-11
8.8184240782558540582678e-14
2.6324380064165712941077e-11
1.7745635878673327290842e-12
1.1888234730469717285357e-11
4.2326004037113782481437e-12
3.8689757947292547536077e-12
