1.8843923834343638736755e+05
1.8843923834331153193489e+05
1.8843923834338545566425e+05
1.8843923834334325511009e+05
1.8843923834335681749508e+05
1.8843923834336266736500e+05
1.8843923834334756247699e+05
1.8843923834336575237103e+05
1.8843923834334863931872e+05
1.8843923834336292929947e+05
1.8843923834335230640136e+05
1.8843923834335952415131e+05
1.8843923834335521678440e+05
1.8843923834335739957169e+05
1.8843923834335670107976e+05
1.8843923834335652645677e+05
1.8843923834335716674104e+05
1.8843923834335635183379e+05
1.8843923834335716674104e+05
1.8843923834335649735294e+05
1.8843923834335699211806e+05
1.8843923834335664287210e+05
1.8843923834335684659891e+05
1.8843923834335675928742e+05
1.8843923834335678839125e+05
1.8843923834335678839125e+05
1.8843923834335678839125e+05
1.8843923834335678839125e+05
1.8843923834335675928742e+05
1.8843923834335678839125e+05
1.8843923834335678839125e+05
1.8843923834335678839125e+05
1.8843923834335675928742e+05
1.8843923834335678839125e+05
1.8843923834335678839125e+05
1.8843923834335678839125e+05
1.8843923834335678839125e+05
1.8843923834335678839125e+05
1.8843923834335678839125e+05
1.8843923834335678839125e+05
1.8843923834335678839125e+05
1.8843923834335678839125e+05
1.8843923834335678839125e+05
1.8843923834335681749508e+05
1.8843923834335678839125e+05
1.8843923834335678839125e+05
1.8843923834335678839125e+05
1.8843923834335678839125e+05
1.8843923834335678839125e+05
1.8843923834335681749508e+05
1.8843923834335678839125e+05
1.8843923834335678839125e+05
1.8843923834335678839125e+05
1.8843923834335678839125e+05
1.8843923834335681749508e+05
1.8843923834335678839125e+05
1.8843923834335678839125e+05
1.8843923834335678839125e+05
1.8843923834335678839125e+05
1.8843923834335678839125e+05
1.8843923834335678839125e+05
