3.9880211645374110673856e+00
3.9880211645374119555640e+00
3.9880211645374110673856e+00
3.9880211645374110673856e+00
3.9880211645374128437425e+00
3.9880211645374128437425e+00
3.9880211645374110673856e+00
3.9880211645374110673856e+00
3.9880211645374110673856e+00
3.9880211645374110673856e+00
3.9880211645374110673856e+00
3.9880211645374119555640e+00
3.9880211645374110673856e+00
3.9880211645374119555640e+00
3.9880211645374110673856e+00
3.9880211645374119555640e+00
3.9880211645374128437425e+00
3.9880211645374119555640e+00
3.9880211645374128437425e+00
3.9880211645374119555640e+00
3.9880211645374110673856e+00
3.9880211645374110673856e+00
3.9880211645374057383151e+00
3.9880211645373946360849e+00
3.9880211645373178086516e+00
3.9880211645361249850339e+00
3.9880211645245600138310e+00
3.9880211645007066501023e+00
3.9880211644912457735757e+00
3.9880211643838618940094e+00
3.9880211625476489345488e+00
3.9880211557807103694984e+00
3.9880211440053896509994e+00
3.9880211252946580202661e+00
3.9880211208307523307326e+00
3.9880209613867712015178e+00
3.9880200185609178120671e+00
3.9880192654974386812228e+00
3.9880185777200014562993e+00
3.9880184259312025929489e+00
3.9880170827735570426853e+00
3.9880010473133502557630e+00
3.9879753400308515232098e+00
3.9879435010271846451246e+00
3.9879325635167579555684e+00
3.9878776394786767944822e+00
3.9876102324573960977716e+00
3.9874046727678384982596e+00
3.9872435921968376604241e+00
3.9871734778753475936242e+00
3.9870809259422230752534e+00
3.9864874561666372443369e+00
3.9860749329090143788790e+00
3.9857634252956848364136e+00
3.9856344676178236952069e+00
3.9855326316445660594923e+00
3.9848169220997364803338e+00
3.9842849836066047686245e+00
3.9837864188423770528402e+00
3.9834999713713825642003e+00
3.9834060106713464755046e+00
3.9826352338602952762869e+00
3.9819748427212080521542e+00
3.9815037259096768273992e+00
3.9812142439421611683770e+00
3.9811098963059290412048e+00
3.9804939638620733255436e+00
3.9799751446017710421188e+00
3.9796461074626043874503e+00
3.9793450664228968705061e+00
3.9792021420003935716636e+00
3.9786764306811370772721e+00
3.9782613003784224048331e+00
3.9778751506629212997268e+00
3.9775279068221141010042e+00
3.9773357052709519265932e+00
3.9767051166109599336096e+00
3.9757996788947651545243e+00
3.9748545926656353444173e+00
3.9741487071601104830165e+00
3.9737225650684822042535e+00
3.9729322992635709432818e+00
3.9715878198792173847664e+00
3.9706364007743033539555e+00
3.9696474286664811259584e+00
3.9689980718060118292101e+00
3.9678473649217700369718e+00
3.9667654274651686918673e+00
3.9654849886030723027375e+00
3.9645317382407747608397e+00
3.9638276505277847405750e+00
3.9629951618892933495886e+00
3.9619710547863129512791e+00
3.9612420097381182415575e+00
3.9605936082592765323795e+00
3.9599111355139240409073e+00
3.9591287758609388092168e+00
3.9581820563967533566085e+00
3.9574190248177347761782e+00
3.9566909054382621846457e+00
3.9562660215146880915427e+00
3.9556086614974992343718e+00
3.9547469067176233004091e+00
3.9540025011922477204962e+00
3.9532450565271526343736e+00
3.9527698950078544726239e+00
3.9521417056904137865558e+00
3.9512083905273596151630e+00
3.9505549591449349300376e+00
3.9498540607585579387262e+00
3.9494581412964331335047e+00
3.9484055856040711773858e+00
3.9474896107558130609050e+00
3.9463451296234857146317e+00
3.9453148275975258307824e+00
3.9448155217290405971653e+00
3.9431018853264654389079e+00
3.9415784749178648382895e+00
3.9401608825436738037240e+00
3.9391199066661566341452e+00
3.9386018818628718562991e+00
