4.9087385544582431268473e-05
3.5966476790118251903594e-05
1.1146767734474192549873e-05
1.2231075756775706192519e-11
7.7256781303140752283987e-06
1.5720128914801741372041e-05
9.3959290168083882529779e-06
1.0554838892867893395633e-07
1.1365476876160068305617e-05
4.6460124143137947888560e-05
7.9533485509193909486665e-05
8.2755782999457348217062e-05
5.6184542194242190497801e-05
2.4332907834367623983686e-05
6.8448302678244975140887e-06
2.9490012344103363029315e-06
8.7584741308523481284577e-06
4.0577119937760387877613e-05
1.2727458150852883115266e-04
2.7509614307011674488521e-04
4.4728094455980974908718e-04
5.8741835087892740017990e-04
6.6572060518636430852951e-04
7.0364515650199021667283e-04
7.6240108554064705582987e-04
9.2322713028422209290830e-04
1.2864866011247364559894e-03
1.9766222242296421600372e-03
3.1197205802953246848996e-03
4.7922985896124217775061e-03
6.9902255502466365336134e-03
9.6700829549492099690422e-03
1.2860958996767960296759e-02
1.6796713138393981612495e-02
2.2018172732387663453890e-02
2.9434238509280365864162e-02
4.0350879379677510871982e-02
5.6453848450135166170405e-02
7.9762732573360847765365e-02
1.1261045675081705896847e-01
1.5775040214275615202411e-01
2.1879201795045541412144e-01
3.0103291640787915861566e-01
4.1270805654768955017531e-01
5.6657460539538340160703e-01
7.8176825553910278543412e-01
1.0859172443331703838965e+00
1.5175582875780917468944e+00
2.1289784617105165231976e+00
2.9888699423836539992294e+00
4.1848681268877303551790e+00
5.8225535866134219276091e+00
8.0151973929323698797589e+00
1.0859281870456902296951e+01
1.4382895237202141913713e+01
1.8404179795057274304781e+01
2.1827285310292470654758e+01
2.1135222595783538679370e+01
1.4819017032515031218054e+01
7.9844996776299090868179e+00
5.5772673799063525734709e+00
6.1889152478501268106470e+00
8.2962648296824976767994e+00
1.0148817889102296874171e+01
1.0126166025437834505851e+01
8.0391962241741055095190e+00
5.0595312614652598881548e+00
2.5482389076713483078152e+00
1.2203024382626761479287e+00
1.4164333861773761302771e+00
3.2496984239405573013926e+00
6.0710051867860972407698e+00
8.8764527771622638852023e+00
1.1120968934045315279491e+01
1.2981428799414604924323e+01
1.4614634199910819134516e+01
1.5790623863162043249986e+01
1.6382328537457183870174e+01
1.5215954788456111046457e+01
1.2139893819140864295036e+01
1.1362834009311598038039e+01
1.1861726668135675666349e+01
1.0842263828244222523267e+01
9.8325577050860744066085e+00
9.5328230601703793922752e+00
1.0504323516969529705989e+01
1.1443942881368261765829e+01
1.0109450321488228752287e+01
7.3978460345175927059813e+00
6.1963114415946005664182e+00
7.1159235823274578081055e+00
8.2940435644479499899262e+00
8.4037719177393164216028e+00
7.6122977362376538223998e+00
7.3947054328637573661354e+00
9.6586689997654033845720e+00
1.3668956753354891020535e+01
1.6402474432252297731338e+01
1.6326963115985531516117e+01
1.3668907103877740993880e+01
1.0155134241025345787079e+01
