8.7711332655109053302311e-02
6.4534964015621851252114e-02
2.0852195054141112184887e-02
1.4298171285499403342784e-04
1.0769411516247716018024e-02
2.6441513188585057114732e-02
2.7889364368774424013386e-02
1.9973393172781041954300e-02
1.1288620568624641374300e-02
2.8242372810398474851368e-03
1.7250313780182767540300e-03
2.0906411051930518657516e-02
5.2863849383433948736499e-02
6.5278428159589202417479e-02
4.2541847909425660467786e-02
1.8021758380517807068832e-02
3.8381116325696067181905e-02
9.9258993572809983696459e-02
1.4278244235664733219338e-01
1.2686913445441211356624e-01
7.8044435848066542882329e-02
6.2133045355978522295004e-02
1.1125638593767006589985e-01
1.9105135578337670287929e-01
2.3799264345786347307765e-01
2.2262961832091465730343e-01
1.8191245812087009081637e-01
1.9443003790940749375693e-01
3.0681183825030705625281e-01
4.7392633693213159773450e-01
5.9010283069967939262312e-01
5.9848667577673531070559e-01
5.6712410015353909020774e-01
6.2932232144821176333949e-01
8.2978605532274174461094e-01
1.0561953652789513036225e+00
1.1525027972261419062505e+00
1.0900029890016400546671e+00
1.0021901361374350170053e+00
1.0397145808749095330370e+00
1.2012947872485817413235e+00
1.3337316033724033736974e+00
1.3010657993471057558565e+00
1.1278981217897598998690e+00
9.6854753875937460438905e-01
9.4501127216193792079935e-01
1.0263002223480162111713e+00
1.0741138290557246115497e+00
9.9279307996673948899513e-01
8.2219774919436572346854e-01
6.9014974645810467368534e-01
6.7988375622879748672034e-01
7.5031279846372356256978e-01
7.8515026479922334079475e-01
7.1184803167309440574684e-01
5.7268749706863175674698e-01
4.7694324051850695012078e-01
4.8302611784039328757245e-01
5.3961336044823304813889e-01
5.4733362332761104074308e-01
4.6783683275953069635733e-01
3.6102762989830045059492e-01
3.1525180712300771013190e-01
3.5046401466880505726209e-01
4.0105494677843189776922e-01
3.9415290382253187484451e-01
3.2800974927697046368280e-01
2.6915064525322068833546e-01
2.8255864522924006854154e-01
3.6525944150478023564332e-01
4.4998392377150303600430e-01
4.7339253791830726569856e-01
4.4008328378114164314283e-01
4.2208351952598599510225e-01
4.8797977589310131962819e-01
6.2600272024593994757424e-01
7.4596700134621318767358e-01
7.6960577720354550468329e-01
7.1791989150359070137597e-01
6.9543981799992371506391e-01
7.7675911039105172140040e-01
9.1733389163294787316261e-01
9.9635588039997280418447e-01
9.4786085037780487549952e-01
8.3392271274542606462887e-01
7.7658239534155648620128e-01
8.2247156446603419954755e-01
8.9577146407417085338665e-01
8.8625825646372713428889e-01
7.6661533365537593009975e-01
6.1894457446711914627713e-01
5.4859167096162964050166e-01
5.8198041870241845607836e-01
6.5059620616562874317879e-01
6.6075742227689093777343e-01
5.8417676340278235080916e-01
4.8609700372890252140223e-01
4.5849951201025301861236e-01
5.2350947223361687932197e-01
6.0361910767784532350078e-01
6.0052777557542591502227e-01
5.0254832537425286886901e-01
3.9777213618230511382734e-01
3.7463789801377328503307e-01
4.2444174644186655198652e-01
4.5844126958415221118059e-01
4.1186670995537455475244e-01
3.1170598035283636484394e-01
2.4149037349020324727533e-01
2.5513295566707749895130e-01
3.3233195204917470588768e-01
4.0244559603760948762741e-01
4.0734948045193841714706e-01
3.5776137261152035629053e-01
3.3189302825823613352085e-01
3.9945400640495892785609e-01
5.3775252136777507150356e-01
6.3989014928787790736919e-01
6.2679665569767817334679e-01
5.4230039048474942831035e-01
5.1436290467714618213080e-01
6.0994010415076505005061e-01
7.5308099356156343873181e-01
8.0571750742072312245767e-01
7.2042091018443221717149e-01
5.9284041409903853736552e-01
5.5681589683658117007070e-01
6.4206744980138186207341e-01
7.4875616986253901163906e-01
7.5688930796904019260296e-01
6.4860557550240494073535e-01
5.2434020741971487655775e-01
5.0216012537366927492855e-01
6.0044925171870489055692e-01
7.1716855450920280468097e-01
7.2918278417922843814836e-01
6.1819691684606326020912e-01
4.9546862767819865869257e-01
4.8484612615932376478156e-01
5.8811287528330735696613e-01
6.7932076666249174845547e-01
6.4099965526708468921413e-01
4.9598665721576035148033e-01
3.8079023664066163901154e-01
3.9171981785238130235882e-01
4.8168735390788502970238e-01
5.2279455485828862926212e-01
4.5009085587756031410223e-01
3.2455246055106468094920e-01
2.5909684413896305610336e-01
3.0475181858408034729635e-01
4.0953712573349260184230e-01
4.7411433882629150371457e-01
4.4396643591584705745845e-01
3.6366846248725837043025e-01
3.4391883984628052184362e-01
4.5159667929871505354100e-01
6.2476918269107950543173e-01
7.2265792888588298303887e-01
6.7649428718192905485296e-01
5.7499829309539374211369e-01
5.7275063907094925230723e-01
7.1207085298536210160592e-01
8.6573028170533838920875e-01
8.7933864028860431183432e-01
7.4312957374089394502192e-01
5.9683098457311900553179e-01
5.7659017238730581045303e-01
6.7618167207164092680216e-01
7.6715868928805952542405e-01
7.3993286778841138584539e-01
6.0946391771345842514052e-01
4.9389212865392456697222e-01
5.0047112996351750258128e-01
6.1863608249366597302554e-01
7.2574739050045455890370e-01
7.1001739568928889934085e-01
5.8485878656931133967589e-01
4.7760900291688251906308e-01
4.9191680318287023254697e-01
5.9147851277666507741060e-01
6.4219118818845710716658e-01
5.6437284085263128563525e-01
4.1860060125940146136259e-01
3.3246382764824694566741e-01
3.5886777771872818698640e-01
4.2787852025328260152648e-01
4.3512787460642687875634e-01
3.5546550550987532357539e-01
2.5828820249724504520827e-01
2.2936004498582696076170e-01
2.8825455584072473547153e-01
3.7549907250303243833045e-01
4.0984336886724531678894e-01
3.6788231529505527328539e-01
3.1156526451014587841826e-01
3.2922513403134345821854e-01
4.3846248031841139614073e-01
5.5717616161490712833881e-01
5.8552124683840134355961e-01
5.1901249299286544847121e-01
4.5729303952556399348595e-01
4.9280388756367105029810e-01
6.0541728545163253638606e-01
6.8597084877066794028622e-01
6.5764688195497467138040e-01
5.5783330540001552222407e-01
4.9502019183408213498510e-01
5.3514221684697960146337e-01
6.3752043770483990403619e-01
7.0113663019156413636068e-01
6.6565807752235728322887e-01
5.7116415355223115746242e-01
5.1867945243683499789711e-01
5.6522812229088781332820e-01
6.6333908772872540726695e-01
7.1002754267550782785179e-01
6.5301955049610582726416e-01
5.4911324090502855455043e-01
5.0300746414661534622326e-01
5.5208305326697293402560e-01
6.2836670946010964033945e-01
6.3379981103339333436963e-01
5.4603672300453942600740e-01
4.4036203513445570933982e-01
4.0541494274350564630538e-01
4.4927220560838077023647e-01
4.9747383811014111998361e-01
4.7690720555226973065288e-01
3.9058524881453526855779e-01
3.1071802412062093923240e-01
3.0190749218554130406389e-01
3.5796447522526525508724e-01
4.1317393893219173106601e-01
4.0875397635179000488392e-01
3.5126725925076335288466e-01
3.0864813066099833216427e-01
3.4012416334668321704626e-01
4.2940066630696921423649e-01
4.9728812030429819790456e-01
4.8509681375987917517634e-01
4.2110443167325212199259e-01
3.9246363091384656174299e-01
4.4725682888522988456259e-01
5.3979608242040821863839e-01
5.8109595766194377386427e-01
5.3560557144556986131079e-01
4.5939026623071982369240e-01
4.4031668744996832476346e-01
5.0614562137128127350394e-01
5.9750396622594270645834e-01
6.2921644682432609219092e-01
5.7707542487124496854989e-01
5.0469719609669427828891e-01
4.9933879147422727262651e-01
5.7930750650668605405968e-01
6.7139306263766662663528e-01
6.8490543526736125112819e-01
6.0823729610674426293571e-01
5.2383171464170685815986e-01
5.1884736583792223640899e-01
5.9021992765057318397481e-01
6.4892626294094146732760e-01
6.1723905115302424295720e-01
5.1222880798992564965744e-01
4.2586406818527305917499e-01
4.2495660546845032135010e-01
4.8373026754301617913256e-01
5.1679874105607148671027e-01
4.7061783412177649044139e-01
3.7720246113640654161969e-01
3.1927345202722029471332e-01
3.4477039596409198018989e-01
4.1875294191363565676767e-01
4.5951462922847707837093e-01
4.2238296307130840379074e-01
3.4754358995262329967701e-01
3.1909024527844426222245e-01
3.7548534740884903504465e-01
4.6562571303242628051322e-01
5.0105675971505392318761e-01
4.5073221170779048661004e-01
3.7674324546388443524236e-01
3.6853089736532917974898e-01
4.4605209612328583501650e-01
5.3732130061339933302378e-01
5.5511450216262270274115e-01
4.8967918916517827465640e-01
4.2050476241425338574942e-01
4.3419142630496765367099e-01
5.3443040211658165983266e-01
6.3547783593714612937475e-01
6.4855597405650422526691e-01
5.7499071708997828711318e-01
5.0965454759072092993932e-01
5.4151716935095284277679e-01
6.5472694282852417213547e-01
7.3942303568037226479959e-01
7.0823568699307082319194e-01
5.9299058113479652387667e-01
5.1111022292998953275855e-01
5.3720792932157945820393e-01
6.2537204968463666610035e-01
6.6299777605629395260678e-01
5.9317993064505547540222e-01
4.7164780802625161371111e-01
4.0559379748925467046305e-01
4.4361968535363438537189e-01
5.2860722561365336424899e-01
5.5824532706810947590981e-01
4.9057869986903807069112e-01
3.8679427033591984308458e-01
3.4610374942817456744848e-01
4.0088665540477680382381e-01
4.8103969052629813596411e-01
4.8948477427099573722202e-01
4.0738292696808198201097e-01
3.1440977940326814144001e-01
3.0128511527144380410803e-01
3.7223999779974298318663e-01
4.4177248710904903905572e-01
4.2943124883337702168973e-01
3.4650403802983592571607e-01
2.8192698783101577397758e-01
3.0583156042471204560940e-01
3.9596124868371462834915e-01
4.6186787370685317144492e-01
4.4096458411727018633641e-01
3.6442604742501810699551e-01
3.2626349634367163288218e-01
3.8609457678699249383314e-01
5.0434490812997956332708e-01
5.7878795261703575025791e-01
5.5121230763232542670949e-01
4.7225524215128100724570e-01
4.5130994294700282898347e-01
5.3756355813886724792638e-01
6.6133188859748626153845e-01
7.0555812690233421502484e-01
6.3326319911749884283836e-01
5.2908485377991099074535e-01
5.0741360589248529766593e-01
5.8816509904776659301007e-01
6.7734162629485572537646e-01
6.7170653568317950643518e-01
5.6822801230826436302834e-01
4.6291399582508130361447e-01
4.4971340827161360165221e-01
5.2633957474480597138466e-01
6.0083535138509358564107e-01
5.8735547301729518210323e-01
4.9260062489822009634821e-01
4.0788826416615797665344e-01
4.1447805987225605495183e-01
4.9652415834468821564940e-01
5.5663097899592917094935e-01
5.2031549633397922161038e-01
4.1592425312283287652804e-01
3.4273624544250891332808e-01
3.6252138577578157940806e-01
4.3458304983117862496655e-01
4.6418118554560444666279e-01
4.0701013248375239594878e-01
3.1406702475921399742020e-01
2.7373278305936582510682e-01
3.1884135624917542273238e-01
3.9561012170627235517983e-01
4.2276815000301670721683e-01
3.7590365701587713509468e-01
3.1178446680724075656954e-01
3.1076502748172407653016e-01
3.9349809765864895982901e-01
4.9577838558750225717020e-01
5.3155081479783716780219e-01
4.8426416615241013596815e-01
4.2892741112622823074219e-01
4.5339409675957947909453e-01
5.5929506033031040068693e-01
6.5552091297436398953380e-01
6.5498363390147174012412e-01
5.7083496643907150058794e-01
5.0279057812838690022517e-01
5.2799394891094364457018e-01
6.1848823165741251273175e-01
6.7529228781195960173989e-01
6.3500045520316850122811e-01
5.3517297516903561405144e-01
4.7347784127912873053390e-01
5.0602104141602688436308e-01
5.9197806680032494242027e-01
6.3742418584137328085859e-01
5.9099128448245263900418e-01
4.9696040068410979317903e-01
4.4871660396908624734991e-01
4.8950789089825091915387e-01
5.6666609027424819089447e-01
5.8690976655865034761206e-01
5.1624295784261731157017e-01
4.1674351558884781265846e-01
3.7738847601610409077111e-01
4.1728488370659533313045e-01
4.6974101773608029075646e-01
4.5862012426588616431644e-01
3.7969917284823512249048e-01
3.0192839985361147325804e-01
2.9180474647108523011951e-01
3.4469405492879989783006e-01
3.9453791221105011244319e-01
3.8385498187605587849802e-01
3.2259612718573460465876e-01
2.7796795384977851517405e-01
3.0433045249851248259532e-01
3.8605865765506836018162e-01
4.5179134182111463369225e-01
4.4700514011302960870609e-01
3.9303230703969455062108e-01
3.6803196201539328802355e-01
4.2294546061454613150588e-01
5.2251617928806259882890e-01
5.7997970540724153032386e-01
5.5007417323205065606828e-01
4.7997301838400763251968e-01
4.6023678784495469784588e-01
5.2618497189703361538449e-01
6.1870843439452960499381e-01
6.4797853776518665736006e-01
5.8950631395962016512158e-01
5.0990700004179234650081e-01
4.9642193927388983398785e-01
5.6467755359199423015326e-01
6.4313709480969827314567e-01
6.4818970247970841835894e-01
5.7111112317458301301798e-01
4.8706242508913677458082e-01
4.7622250675101246430998e-01
5.3989280547080020777884e-01
5.9994146314410545794971e-01
5.8156569880304276320970e-01
4.9240663668232537153457e-01
4.1384081232350133916498e-01
4.1352267873439962908577e-01
4.7436008010317370908737e-01
5.1435191487028031342987e-01
4.7531495596059181174553e-01
3.8430116690509136256892e-01
3.2321371947458354956240e-01
3.4080739940171822510706e-01
4.0273783665215506788471e-01
4.3136400315397560589759e-01
3.8854348831490920224141e-01
3.1449422135320559412719e-01
2.8408119791403491083415e-01
3.2851001651637279366014e-01
4.0305526978887462608014e-01
4.3327037160611386878983e-01
3.9308088391036721809257e-01
3.3379555421693646310999e-01
3.3205661979517481219304e-01
4.0815888380175602279110e-01
5.0044476979773844238508e-01
5.2810792668146455675071e-01
4.7794369826300742154501e-01
4.2176827192627097673494e-01
4.3993175419412050564105e-01
5.3251235539253660711267e-01
6.1594043573736068086788e-01
6.1219802446316551325367e-01
5.3367196938160788022287e-01
4.7049593235893916176593e-01
4.9517726124833694179017e-01
5.8617401951212677602143e-01
6.5110690399985837739649e-01
6.2390236537666099447819e-01
5.3401997522571609255948e-01
4.7612790970624480069162e-01
5.1109366580783943678767e-01
6.0115600782930045387076e-01
6.4847131790897971637122e-01
5.9836157656204946864165e-01
4.9714255121741052212414e-01
4.4285824006476676162336e-01
4.8040253429667661988489e-01
5.5344858950212805215330e-01
5.6721449910196486410285e-01
4.9100116176042846172223e-01
3.8952888644465299972097e-01
3.5146533922140571482018e-01
3.9586186016002899989985e-01
4.5480831562377954657705e-01
4.4859899594388286114821e-01
3.7087718227032001605536e-01
2.9281982975076287223359e-01
2.8618337272495453227350e-01
3.4796554255654132958853e-01
4.0568137383937102891096e-01
3.9515148900501084749948e-01
3.2786484025276957376960e-01
2.7838122047103303069449e-01
3.0636920279536927758102e-01
3.9373018140463239555871e-01
4.6046638008043000445113e-01
4.4782187596670869345061e-01
3.8252023485424663240551e-01
3.5120243224414721128213e-01
4.0810093133647384888718e-01
5.1316923946179249238497e-01
5.7177397663255113968717e-01
5.3637463810284857768096e-01
4.5946091407042105592140e-01
4.3878283947296758960022e-01
5.1206240126175461835345e-01
6.1457716342593826652774e-01
6.4752986577196924855571e-01
5.8371164118426765998748e-01
4.9691685013777531221280e-01
4.8329662551460073061094e-01
5.5997863755253340922735e-01
6.4702966072765011329437e-01
6.5164512015435904768168e-01
5.6588515360726621139520e-01
4.7446187611400941763762e-01
4.6471252092259168753330e-01
5.3586245758107553527338e-01
6.0182893552674088244459e-01
5.8239753305730279642205e-01
4.8709950218210429362387e-01
4.0490723301958952973223e-01
4.0926910798508747690860e-01
4.8059667967722730086422e-01
5.2876892292792654348688e-01
4.9021994313507438745248e-01
3.9471566790033185689879e-01
3.3152241391366710221433e-01
3.5305948946739940108586e-01
4.2067003762038285286096e-01
4.4913030375479556788321e-01
3.9843018732112928104172e-01
3.1503355667486288016477e-01
2.8047700624320642814880e-01
3.2552970588586926936614e-01
3.9986401723866299429133e-01
4.2605516414397426316896e-01
3.8048016800283923632975e-01
3.1873328915217824519601e-01
3.1845589704606525049968e-01
3.9605730032445907173866e-01
4.8643086738822272074856e-01
5.0982343065911628343656e-01
4.5710762789464831623576e-01
4.0180006037757193260163e-01
4.2255927881170229909458e-01
5.1667666850509974540984e-01
5.9995682216914736351043e-01
5.9640924477360790501024e-01
5.2072438205024962343259e-01
4.6304272710244914756927e-01
4.9307116350443003227610e-01
5.8608919785897006793363e-01
6.5022305787827938683421e-01
6.2216235126803898225489e-01
5.3395718484457421748601e-01
4.8057494913520709678423e-01
5.1863896815289378672276e-01
6.0655958935590903458035e-01
6.4927654039097371097000e-01
5.9769462380753168861958e-01
5.0032666202022324508647e-01
4.5167285518622096729402e-01
4.9056673127887062690888e-01
5.6014385080900563895767e-01
5.7101043003875018300164e-01
4.9685921322976900338375e-01
4.0051808391971482903315e-01
3.6505567158208795941476e-01
4.0642519488287576212571e-01
4.6034541684219165702530e-01
4.5260026672989589480167e-01
3.7788010231372531899652e-01
3.0289511844079192171009e-01
2.9370599132870556235986e-01
3.4795405014037600333054e-01
3.9984317045797662659723e-01
3.9029334294620793288644e-01
3.2831273244208858397286e-01
2.8141089919733253132961e-01
3.0522883941789530348743e-01
3.8425065400467023346565e-01
4.4653170708027550839248e-01
4.3843285537118947825519e-01
3.8266111089639770481696e-01
3.5701770091668050266520e-01
4.1043227756377909098973e-01
5.0688771152339895387229e-01
5.6203244487716608190908e-01
5.3314887129057142445276e-01
4.6685460717473553637902e-01
4.5061691645472312650611e-01
5.1825924056503147596686e-01
6.1252475281005025475878e-01
6.4535864373368356794458e-01
5.9116086421588032173702e-01
5.1425894933772287043183e-01
5.0064079150453544286847e-01
5.6612314415318099047880e-01
6.4130020317815028541020e-01
6.4459625809123144435375e-01
5.6798492413822809776747e-01
4.8624400724462335521281e-01
4.7834422481404292870621e-01
5.4465087588767546744606e-01
6.0750560901141104075407e-01
5.9341345831818170797334e-01
5.0907357641218109467474e-01
4.3321333626370261971061e-01
4.3300040733067446385718e-01
4.9285384314624453017117e-01
5.3212284592546377215427e-01
4.9249528190422003914861e-01
4.0037904778281124817951e-01
3.3715131122524333306956e-01
3.5049349328006496051557e-01
4.0539490124119215153087e-01
4.2627691074449214347908e-01
3.7847585601318800563320e-01
3.0354120260706130007833e-01
2.7279967420248590892484e-01
3.1185797996217790029050e-01
3.7581546870206478105914e-01
3.9749494877224916811187e-01
3.5754335576404128183015e-01
3.0485855206519696380951e-01
3.0652397037641282429021e-01
3.7730031625252996585473e-01
4.6028367119257018735823e-01
4.8383178170650636973349e-01
4.3936180870579616408733e-01
3.9353691372321047969862e-01
4.1734350178217860527496e-01
5.0701865174648874656782e-01
5.8497280394950323945125e-01
5.8290745228991369675242e-01
5.1533730858777226924161e-01
4.6555946664810216040209e-01
4.9777449308217824874845e-01
5.8864841292037828335282e-01
6.5183781895356518454321e-01
6.2895711775952345412577e-01
5.5044787189708421770717e-01
5.0450008439200266785463e-01
5.4431509950808310005499e-01
6.2960972772364642846554e-01
6.6821670935270316427079e-01
6.1455147895103723332255e-01
5.1699266932387311079822e-01
4.6565457308054652996177e-01
4.9808693854710123227747e-01
5.6181909351833247967534e-01
5.7194838060920116795671e-01
5.0141973508728954200819e-01
4.0815016853444535671613e-01
3.7237292237085783952466e-01
4.1162985790933559471227e-01
4.6436836881232235185735e-01
4.5793624434721424965034e-01
3.8490482437616041488937e-01
3.0909739672168362600857e-01
2.9619078279927241181824e-01
3.4545307042192668900427e-01
3.9398956946623919783690e-01
3.8448723207891899456001e-01
3.2407108007400037275048e-01
2.7638479026656986858868e-01
2.9535200781356679700096e-01
3.6831960659871310070912e-01
4.2745031594445664913096e-01
4.2044241404622101354605e-01
3.6762659623907895101169e-01
3.4309315440661153351343e-01
3.9462446951184332322171e-01
4.8870942736464217936998e-01
5.4427106103838263084782e-01
5.1942674719410075745429e-01
4.5801860118518883391303e-01
4.4340904913086126581945e-01
5.0762139808159878473504e-01
5.9522330518471355809140e-01
6.2250181522192782335168e-01
5.6737446865135199303154e-01
4.9233969205274652480853e-01
4.7905434468145230431091e-01
5.4384643490562945000732e-01
6.2082599208527555756376e-01
6.3084685374381554989753e-01
5.6415376602653954929423e-01
4.9084890730553859539143e-01
4.8712426870581199134236e-01
5.5438847239101551878093e-01
6.1775314450992968584586e-01
6.0463919629708917646838e-01
5.2138478981400315781514e-01
4.4674050814278454257789e-01
4.4690312594477132890347e-01
5.0493938205913169170458e-01
5.4133769462611869283108e-01
5.0091913529279497030444e-01
4.1091388653628463378809e-01
3.4944366373339191822467e-01
3.6185577850418182421777e-01
4.1430964193369212988927e-01
4.3316967718813753629448e-01
3.8490965879936434035358e-01
3.1012869049400226817426e-01
2.7810973211525297221769e-01
3.1440330794694304472614e-01
3.7644367785527316216942e-01
3.9918355962964496841394e-01
3.6225493258499613657975e-01
3.1163864542178171257447e-01
3.1292305344535903399716e-01
3.8091599103159323735923e-01
4.6066432614110536247765e-01
4.8339142967648746074261e-01
4.4005518459553738530587e-01
3.9314868538151398480451e-01
4.1070446470771232450048e-01
4.9211897757812672615785e-01
5.6618020578037919765535e-01
5.6668410604601959779103e-01
5.0487893956610241374960e-01
4.5855073363326026569808e-01
4.8930113266098462787568e-01
5.7651586453062420023485e-01
6.3870366081624663223693e-01
6.1843334180242193198751e-01
5.4267558955420625022015e-01
4.9482970507879470156709e-01
5.2527224351822920933586e-01
5.9755301442884312113080e-01
6.2947808092879886654458e-01
5.7962002075676488654921e-01
4.9005628033167741852694e-01
4.4279778009225351231848e-01
4.7365864905834059728207e-01
5.3573590005162907701219e-01
5.5031457621565427196231e-01
4.8963481973500488919626e-01
4.0520327062255351302511e-01
3.7168720466346072406338e-01
4.0784257532994139250349e-01
4.5777739290824931428503e-01
4.5260264904212965664243e-01
3.8439385785643853665761e-01
3.1314059831478846529507e-01
3.0124464962064445572310e-01
3.4835736703435105088289e-01
3.9515195648854489762769e-01
3.8685212947101954572560e-01
3.2989982795823818984005e-01
2.8444139816294916611739e-01
3.0230183944106947535602e-01
3.7164411327077501168148e-01
4.2727630493018631252511e-01
4.1930930258636106566783e-01
3.6763942340588973145543e-01
3.4248481560456561778594e-01
3.8884883471770381735411e-01
4.7577800292324046171899e-01
5.2803217342054620253577e-01
5.0594672396530415703353e-01
4.4962000909284421945600e-01
4.3645763224694489323952e-01
4.9759852178634150776659e-01
5.8258327477326077303843e-01
6.1142855600510692681837e-01
5.6134179676929540914188e-01
4.9102184891218059181739e-01
4.7941367100537057854837e-01
5.4251064970811202492484e-01
6.1707959314398108663369e-01
6.2779170746413992532098e-01
5.6465893934684374677602e-01
4.9355404073403136289144e-01
4.8806560443002727778250e-01
5.5261953959581933126799e-01
6.1584354241163097309908e-01
6.0563267467503634211567e-01
5.2592618043818684103741e-01
4.5214012495087485543621e-01
4.4943853768602654019659e-01
5.0347535749452976272522e-01
5.3755268700746616783448e-01
4.9655567475062811766406e-01
4.0618715839860913829895e-01
3.4342462721858019181198e-01
3.5215706268636948195194e-01
3.9988263708309013111375e-01
4.1746696550296286121196e-01
3.7269725384174900995049e-01
3.0231612888311260034513e-01
2.7161479964109880302914e-01
3.0717676131696669550308e-01
3.7007251048362188594609e-01
3.9604062617886853781002e-01
3.6192754480612515655125e-01
3.1096049279024229328172e-01
3.0842384839841474608590e-01
3.7175481764559192843222e-01
4.4947040532061083295545e-01
4.7336828463609148531788e-01
4.3227811084769218741286e-01
3.8668929625386017079336e-01
4.0426779105198934471943e-01
4.8548786740997007527199e-01
5.6010061695394475211884e-01
5.6268642547551084298618e-01
5.0300939043078396473163e-01
4.5645737332906677341526e-01
4.8446821255943384176845e-01
5.6859546304621677581537e-01
6.2884236050668906869987e-01
6.0775862159121130101624e-01
5.3239000962329885435764e-01
4.8530150501278090935386e-01
5.1747228003562983911223e-01
5.9411951458230305433972e-01
6.3162641915110373513897e-01
5.8596244339666525569044e-01
4.9769114664730551567118e-01
4.4979320141833206703197e-01
4.8028766027635411139940e-01
5.4265799757095123379003e-01
5.5700951319432912001162e-01
4.9467517422090401257861e-01
4.0836717872754152436343e-01
3.7417604445837976401279e-01
4.1005952067347845035883e-01
4.6013750546923737339000e-01
4.5644965648438190486402e-01
3.9048854841672864246505e-01
3.1977258720132417657567e-01
3.0693067899522058494810e-01
3.5520844077419860829181e-01
4.0561299343361623126469e-01
3.9992751285390581994506e-01
3.4221765564229189582335e-01
2.9494726416679023506262e-01
3.1300365956429637703806e-01
3.8311530891654604902286e-01
4.3759394649125443743642e-01
4.2645742090177873873102e-01
3.7087832681125437739311e-01
3.4198570405251965675930e-01
3.8438136285132973313239e-01
4.6710867821619150852541e-01
5.1526967495402842267538e-01
4.9011268554100184680067e-01
4.3109312017033701858182e-01
4.1456972930745045191614e-01
4.7259905049872313886894e-01
5.5661882283985930630621e-01
5.8879539450240325759722e-01
5.4467949448718300242689e-01
4.7922427875108192241171e-01
4.6993046240773767019405e-01
5.3523728797714342775294e-01
6.1407628808484238103205e-01
6.2889263270697082219840e-01
5.6736081075168576237644e-01
4.9583307198235376800355e-01
4.8951435992515851536311e-01
5.5193116223348537285887e-01
6.1067007414600260606363e-01
5.9475851127516665695083e-01
5.1039435735829286056031e-01
4.3469878760928387650964e-01
4.3226284158968469872875e-01
4.8654757542129034586509e-01
5.2061356273872227973243e-01
4.8209191468253931311949e-01
3.9623455368913812479903e-01
3.3618269635205222378715e-01
3.4664612626931051719836e-01
3.9923709932346634898792e-01
4.2488142135639211938170e-01
3.8720093685055434473696e-01
3.1947307264246521674167e-01
2.8835376304674126268779e-01
3.2374398876946663961007e-01
3.8769602244016004854998e-01
4.1408279246383561389422e-01
3.7847237688157631119168e-01
3.2509040363822605534949e-01
3.2068175045861269101266e-01
3.8189557113219396722315e-01
4.5483760093325398266018e-01
4.7221915771733030675605e-01
4.2622128857573476912179e-01
3.7707611416268876913804e-01
3.9069021827520844514225e-01
4.6794384331768951179598e-01
5.4178425647926997665849e-01
5.4760286066062557885914e-01
4.9261836645389001088091e-01
4.4865429973252030082520e-01
4.7666122429616503142213e-01
5.6214583293855113765858e-01
6.2756056469931975616561e-01
6.1210293070000121318230e-01
5.3712362973883831518407e-01
4.8573687490664380073113e-01
5.1280033704818905881950e-01
5.8532093074900803930660e-01
6.2042963961334551825644e-01
5.7430579782027768587227e-01
4.8717872337977841112888e-01
4.4040162197692206413890e-01
4.7098981638481035583155e-01
5.3351698117857970782296e-01
5.5032876176343448193506e-01
4.9300155901880032827123e-01
4.1011260179999986519306e-01
3.7520800794933062416447e-01
4.0988580263102969425404e-01
4.6270244246454461656270e-01
4.6454345346052244858370e-01
4.0221942291114454182122e-01
3.3242897611171207117309e-01
3.2069303033535195845971e-01
3.7098516344308735126489e-01
4.2233446350814329850465e-01
4.1522133327757426712878e-01
3.5446376329104473112963e-01
3.0384855872541249866003e-01
3.1754274094935119876482e-01
3.8155848189469132591967e-01
4.2924347239836208034447e-01
4.1374093863428496042900e-01
3.5732739990541728669626e-01
3.2742881660663275544820e-01
3.6674782139388106827482e-01
4.4709362879493808051734e-01
4.9701267827255618536597e-01
4.7569623948817385539201e-01
4.1790843588954462717311e-01
3.9966240871313624127836e-01
4.5643800417009078307373e-01
5.4268305814472050929709e-01
5.7940272167644468748193e-01
5.3899948464276870030432e-01
4.7518994359698685236992e-01
4.6644705866812957717471e-01
5.3270717298007930207149e-01
6.1348147084733661849043e-01
6.3043121438531657396709e-01
5.6937072910762076549673e-01
4.9694027724051903494029e-01
4.8948497827695558459737e-01
5.4990303178999999644816e-01
6.0562249381903554557027e-01
5.8833616821073364544503e-01
5.0565225985542383568827e-01
4.3078902604533048092961e-01
4.2599554539998230051623e-01
4.7801979858413257140626e-01
5.1453291520457278274137e-01
4.8211892742265916034228e-01
4.0208793599924469441831e-01
3.4624904769811565286020e-01
3.6073442117826914898870e-01
4.1823565568532761194120e-01
4.4801911855007603424639e-01
4.1077996155392693111708e-01
3.3964433519208170331183e-01
3.0467221344649969561047e-01
3.3792683404146311998417e-01
3.9998410999991140801768e-01
4.2280641809440533407383e-01
3.8171265278096355721971e-01
3.2130609992470687830135e-01
3.0858709899338104820643e-01
3.6161488205519043415137e-01
4.2972976043355443076521e-01
4.4774292944972321484087e-01
4.0508559493802881457114e-01
3.5809309812685818918965e-01
3.7100513130609868994725e-01
4.4632203619157811980145e-01
5.2013173890237118790481e-01
5.2862828176649268030474e-01
4.7676494306380440280080e-01
4.3438093409971667568925e-01
4.6242975163876887112480e-01
5.4584153288487691213504e-01
6.0704213784671445797159e-01
5.8854131626783490194299e-01
5.1532995967691974659175e-01
4.6893578317055700788174e-01
5.0004133003517492461754e-01
5.7411887223618851550100e-01
6.0898863715642470584299e-01
5.6242019814823873691267e-01
4.7591304253644806099288e-01
4.3042664283794829227503e-01
4.6207520459244461052961e-01
5.2658804638278899901138e-01
5.4733303459714000016589e-01
4.9489194332254698993623e-01
4.1709300934006610095395e-01
3.8855029960696352286931e-01
4.3173059502904420625669e-01
4.9315484846158502696412e-01
5.0030204134320155340276e-01
4.3849288668891389653126e-01
3.6623872942506829897269e-01
3.5139439258242216590489e-01
3.9787734769592814076944e-01
4.4331918478016846263401e-01
4.2870872429162798500357e-01
3.6202041992960132255064e-01
3.0772993969049772244873e-01
3.1762293655942247516677e-01
3.7650732703679995472257e-01
4.1971237393884014421630e-01
4.0200103520268559709194e-01
3.4465608510617123938502e-01
3.1341620055769309205473e-01
3.4976877213043733316766e-01
4.2707162015456556769522e-01
4.7658548927361055191909e-01
4.5839115098754040777962e-01
4.0554919260514149526031e-01
3.9167496839940230124455e-01
4.5208695207263976945100e-01
5.4241104621908364791238e-01
5.8308962458338209344788e-01
5.4450322759584590670556e-01
4.8011416785435856446895e-01
4.6949351214278312038886e-01
5.3218006555413921443431e-01
6.0579858864230806680951e-01
6.1267397074868557016458e-01
5.4383978362326845790164e-01
4.6857609471840816484089e-01
4.5981112418773556482776e-01
5.1796386657302795342162e-01
5.7314546762845075544845e-01
5.5975982671421031788839e-01
4.8425970457396844137676e-01
4.1727356021398798180400e-01
4.1956637740268876157756e-01
4.7838403117098560191067e-01
5.2217538029442911451383e-01
4.9608764739882360572665e-01
4.1929098851479018605914e-01
3.6407711537429265913346e-01
3.7894232542404676644665e-01
4.3705311158101967095035e-01
4.6567558983603019040487e-01
4.2470527094697763104136e-01
3.4928807922900462212823e-01
3.1091689523406190742705e-01
3.4081094800948602552282e-01
3.9881796578220390925296e-01
4.1829421752623635599733e-01
3.7647062514801094001982e-01
3.1761485737082034708223e-01
3.0686577389358543621611e-01
3.6148145336137632588347e-01
4.3080130769495300624428e-01
4.4927519555173700549489e-01
4.0678151495643016799519e-01
3.5999427042437787127582e-01
3.7306116572841174772179e-01
4.4851939669908430508016e-01
5.2165269432517491487999e-01
5.2810123728775637541588e-01
4.7387398893227783425175e-01
4.3080590227036097417113e-01
4.5962231375428352908585e-01
5.4252516192240896053534e-01
6.0058190438599279303844e-01
5.7788334705698174431632e-01
5.0096092859005392217142e-01
4.5109350546336318688034e-01
4.7874595477338482973906e-01
5.5093252582155760599392e-01
5.8788032668115364209882e-01
5.4768572905390777716406e-01
4.6905544502945034635033e-01
4.3010159423634664044300e-01
4.6734832752734545291418e-01
5.3809192318527909737469e-01
5.6454530954618675764323e-01
5.1472316623942904190159e-01
4.3615984078589425942951e-01
4.0529686870955938804428e-01
4.4469324032574059080147e-01
4.9909723878235551230986e-01
4.9681495653593671368853e-01
4.2781883332883807735669e-01
3.5412134195416944404400e-01
3.4145690278997686828433e-01
3.8884452112288592218192e-01
4.3225907386752299155219e-01
4.1534330801673152722131e-01
3.4831425063108539807999e-01
2.9523451686540702620931e-01
3.0621055910390998500148e-01
3.6575377833413802441953e-01
4.1030973978186341399876e-01
3.9489328799889578114346e-01
3.3989698302042481437013e-01
3.1105800741178252222241e-01
3.5167388617699352204582e-01
4.3517979659288852367638e-01
4.8953849240533459097335e-01
4.7230443038714220449492e-01
4.1740159425860873243508e-01
4.0120431171421699900748e-01
4.6010553674531723400420e-01
5.4844257861160194966743e-01
5.8552560595210312310854e-01
5.4225488023683066085567e-01
4.7385912957134213030486e-01
4.6100116598982521232131e-01
5.2181371497957895755349e-01
5.9276902408280951473074e-01
5.9823798888924717420679e-01
5.3068318755067456216068e-01
4.5743895059218331322626e-01
4.4965452329280053422877e-01
5.0791185081691947456051e-01
5.6369528595628992651001e-01
5.5257763798699788271307e-01
4.8050976265725786618077e-01
4.1661427782687265874983e-01
4.2088635446757050040389e-01
4.8079272540843059902116e-01
5.2429832063298253963524e-01
4.9639932295159688857566e-01
4.1767819585688170658244e-01
3.6196299706233475701467e-01
3.7649273378434988668317e-01
4.3193035146735447860067e-01
4.5550893381993123876228e-01
4.1022041062259723132044e-01
3.3375058696751486175813e-01
2.9727225164169585047702e-01
3.2998191103501767207362e-01
3.8968566189452241710356e-01
4.0899303484334503799857e-01
3.6638818162216868490333e-01
3.0822718708221924499568e-01
2.9993567900104523005211e-01
3.5711681148240043137676e-01
4.2770013331750722507252e-01
4.4579397616200777676454e-01
4.0195792261014068325053e-01
3.5493231176012279837195e-01
3.6965986894028113329824e-01
4.4699808753169828490215e-01
5.2062924915806285675046e-01
5.2626200507543008377809e-01
4.7092957424052922510427e-01
4.2699554993271487957074e-01
4.5476356633790893102542e-01
5.3569042007286638007457e-01
5.9134393096352055874121e-01
5.6805317374537489527597e-01
4.9407531384311675903831e-01
4.4941356638062585071580e-01
4.8139027154354313564610e-01
5.5557274810466483749849e-01
5.9316463382699435857859e-01
5.5364395599183779950181e-01
4.7657344952106961422089e-01
4.4034045316606512665558e-01
4.8065995900322749934119e-01
5.5206795376206285741461e-01
5.7462369601539353691777e-01
5.1831335813174428395200e-01
4.3521209622018347529249e-01
4.0276175694004545668747e-01
4.4002595856076753833008e-01
4.8926137080359943798413e-01
4.8109317416108704490441e-01
4.0980197564693154888005e-01
3.3789546695811584209324e-01
3.2756610805170688349719e-01
3.7467714495609555358513e-01
4.1577504427761680094733e-01
3.9759657637096373905550e-01
3.3226037299926347579060e-01
2.8261415462244265928149e-01
2.9631002270356177064059e-01
3.5702990258444528004489e-01
4.0213692763557323806012e-01
3.8759661228240044339444e-01
3.3392557068529549191283e-01
3.0616902368492088237772e-01
3.4625382291729234207622e-01
4.2688829876101841431790e-01
4.7721878927573802009476e-01
4.5771480859496954662902e-01
4.0500056586727833929373e-01
3.9481621143184791877800e-01
4.5927292871945829544345e-01
5.4803410392464113609634e-01
5.8064938450049452534074e-01
5.3368412199082182478804e-01
4.6636290758413839752095e-01
4.5696205277231960462103e-01
5.1948066433534001440364e-01
5.8944627114232917008962e-01
5.9297894657036032128872e-01
5.2503179961993406976717e-01
4.5398547526981702926463e-01
4.4934010394904605467659e-01
5.1018971058369844140401e-01
5.6792329983566802731332e-01
5.5791600382605932573199e-01
4.8603096194577688482497e-01
4.2232699119087580008625e-01
4.2699253202893749925551e-01
4.8643693491580336507596e-01
5.2824653840081614575297e-01
4.9888611735713161987604e-01
4.2085980232161734893026e-01
3.6784213376312252519185e-01
3.8441018089707451599324e-01
4.3853444337475905312473e-01
4.5828172035828973474025e-01
4.0986536710987586662469e-01
3.3275215633345867072279e-01
2.9673442980434627802566e-01
3.2824914549266737129329e-01
3.8406062396085688392944e-01
3.9873003956381652956864e-01
3.5446092083423563767752e-01
2.9869118249526183106468e-01
2.9351984161896499392341e-01
3.4993452940459141009555e-01
4.1507278859272017657034e-01
4.2758884091705934293870e-01
3.8322655050279508248678e-01
3.4097433855291842119684e-01
3.6159012359316800022668e-01
4.4113079878116789878106e-01
5.1195607471915727249012e-01
5.1333094350697738850187e-01
4.5716364287661553911235e-01
4.1684908691784394729751e-01
4.4872472091509341129978e-01
5.3002668694396004589464e-01
5.8271893168031285714648e-01
5.5722330255815488708748e-01
4.8495158995805537349710e-01
4.4472082788055317115194e-01
4.8025497616328549632669e-01
5.5526849006242584572135e-01
5.9201602478079407010370e-01
5.5266396770728531961936e-01
4.7896073283332363246245e-01
4.4890609583098900481346e-01
4.9346267209337996151319e-01
5.6196998778866558144074e-01
5.7604969268950623195735e-01
5.1303022954099430918973e-01
4.2994556232706226950313e-01
4.0222374815990968865975e-01
4.4305745538129814864448e-01
4.9153093994346963580000e-01
4.8026719704059034343757e-01
4.0736019047308746898750e-01
3.3648706610394213400994e-01
3.2780625447369438063561e-01
3.7474659036132823564103e-01
4.1378555790402143932383e-01
3.9342684532196597890774e-01
3.2725619930324528761290e-01
2.7804825941292804492022e-01
2.9207571699929063546719e-01
3.5189212303283046168190e-01
3.9532503419610687256380e-01
3.7989314612533348070045e-01
3.2755293662032669566031e-01
3.0329730074011662654954e-01
3.4692043323876214921953e-01
4.2790091077696285060128e-01
4.7472765025363622415355e-01
4.5124380483712794864815e-01
3.9758902331963547061022e-01
3.8841912905639247588496e-01
4.5082731676659287822773e-01
5.3239273518862961775966e-01
5.5707497531600402851382e-01
5.0769630020713241158603e-01
4.4490783563437069636493e-01
4.4238580700423735247995e-01
5.0764637546897739550644e-01
5.7441762980627741885797e-01
5.7399282112945393397041e-01
5.0730539969706989200660e-01
4.4352589073574266720357e-01
4.4856109316436620915169e-01
5.1629385159492158230421e-01
5.7474813018352499671693e-01
5.6141443543149394113101e-01
4.8828511461910195645686e-01
4.2923839390016127470773e-01
4.4191874012229309665045e-01
5.0596362563855190597195e-01
5.4473252697622331908178e-01
5.0729697535531070862191e-01
4.2287146034140421502201e-01
3.6866296991473879174350e-01
3.8681474523156411660096e-01
4.4093317406951565429196e-01
4.5796512141455941735657e-01
4.0715202509625492144352e-01
3.3163270177054726683963e-01
3.0081261869940650877098e-01
3.3633060607903952909936e-01
3.9082011548385714450049e-01
4.0016910983011139135712e-01
3.5109225776053448742076e-01
2.9465489187665022674523e-01
2.9250316459289060766480e-01
3.5165183516933690155426e-01
4.1617611840372253917408e-01
4.2577716205489063439060e-01
3.7993289747963249203266e-01
3.3999653136746654791267e-01
3.6462267795854397256505e-01
4.4491187452846125971462e-01
5.1078120077798627729493e-01
5.0487418408271222958206e-01
4.4514043270037123578575e-01
4.0660100097280271747024e-01
4.4099236683221887389550e-01
5.2093107776008029663473e-01
5.6926522482846075856600e-01
5.4144531386336269829229e-01
4.7258522297475641371634e-01
4.4118943261874032923942e-01
4.8677652708762020328237e-01
5.6728704674814423025708e-01
6.0241016477054654121304e-01
5.5763544154975885902559e-01
4.8052742605981080270539e-01
4.5093762015688704236638e-01
4.9551787632157795471244e-01
5.5878276291685891052907e-01
5.6363856521966415602520e-01
4.9434015220999172335326e-01
4.1230016771323235724722e-01
3.8951571990560618363730e-01
4.3246850583303458881446e-01
4.7827236176514448251496e-01
4.6351857106357480242664e-01
3.9082688730132469911993e-01
3.2425841407418098949478e-01
3.2054610715167297652073e-01
3.6981928666693436591473e-01
4.0829203063526386952020e-01
3.8697728486107224599166e-01
3.2260248616271663957278e-01
2.7875109511067291956365e-01
2.9899772338013885786268e-01
3.6161051385543535596767e-01
4.0254940015724155477628e-01
3.8237712474809643081741e-01
3.2858033355715954293430e-01
3.0808353313418268548673e-01
3.5568110720058770946039e-01
4.3403762513192756244962e-01
4.7149924327676351332173e-01
4.3948966443668646686405e-01
3.8462876831094738871997e-01
3.7960827506945338249977e-01
4.4370611987503294493251e-01
5.2072921027861696074979e-01
5.3912308718973189769486e-01
4.8858844462293904431505e-01
4.3155417007963020603611e-01
4.3751386012155346616481e-01
5.0884652801569807412108e-01
5.7743043362716250932465e-01
5.7658400272686938237143e-01
5.1136180709245671049956e-01
4.5353904235706465897238e-01
4.6620221330374511659045e-01
5.3660462255682794818767e-01
5.8943506837218551108748e-01
5.6635470619184036245031e-01
4.8740960112415010474507e-01
4.2964689591748705943530e-01
4.4544257777941698162039e-01
5.0724694164992167877415e-01
5.3811550285166465101838e-01
4.9409971525612056408860e-01
4.1041872806034868093050e-01
3.6292159883959329569336e-01
3.8715159620202654888743e-01
4.4194327927903587216463e-01
4.5527246432837409351180e-01
4.0167021720300305487328e-01
3.2821095507643149868926e-01
3.0309661650027425183751e-01
3.4255849871822763308415e-01
3.9510148245846266057413e-01
3.9828344269150123269085e-01
3.4513183325604890328009e-01
2.9042097026240609736192e-01
2.9233395572217057978293e-01
3.5104299490560991747756e-01
4.0834561630598781301060e-01
4.0882519429128227894665e-01
3.5871352058284144970202e-01
3.2064457013226543846685e-01
3.4759005355845973284090e-01
4.2472955044802085389222e-01
4.8322397798513960776035e-01
4.7299082335199571502926e-01
4.1714045244037567528039e-01
3.8838156109186855458049e-01
4.3160769828250628021848e-01
5.1488226292263006289573e-01
5.6215463802106391266733e-01
5.3363334630313918882649e-01
4.6909059483981457860935e-01
4.4692129218693260606088e-01
5.0036081903609730403559e-01
5.8026483021103281156883e-01
6.0637358371687999358812e-01
5.5275147242443301021098e-01
4.7585299041027795396985e-01
4.5375605906126625921360e-01
5.0243999298741659487177e-01
5.6036182854390892416063e-01
5.5585846417816064946038e-01
4.8290309726947278079479e-01
4.0650388348348509559571e-01
3.9338838796723341051376e-01
4.4234162810689886535798e-01
4.8772451864116894704182e-01
4.6972616198795180686432e-01
3.9660740308988001734392e-01
3.3469869856401462948625e-01
3.3760605224668133184096e-01
3.9002091171413055814554e-01
4.2560891762200875332312e-01
3.9820177933481254450854e-01
3.3003611014909312038057e-01
2.8747189378069093468326e-01
3.1086694253714958202650e-01
3.7243855868235109518594e-01
4.0603912759406024512998e-01
3.7748677993175311362606e-01
3.2150710329242010443451e-01
3.0519583902327662716658e-01
3.5536284119831901273656e-01
4.2796531285287292556418e-01
4.5440634725769551982566e-01
4.1525770959479074706522e-01
3.6212755254046757880104e-01
3.6304589765697814485179e-01
4.2911958723756810085703e-01
5.0179353419730532426257e-01
5.1483155067512309521760e-01
4.6482073419626152022133e-01
4.1582855433680659951179e-01
4.3226294382199043075943e-01
5.0933248777296391551772e-01
5.7610031231541458662804e-01
5.7001010431107035358878e-01
5.0337198627704293762974e-01
4.5077308915291780522239e-01
4.7011667620753555540958e-01
5.4065907558119541409525e-01
5.8544129728491578479321e-01
5.5355165425772567822094e-01
4.7375019103474880211024e-01
4.2338586459198856992714e-01
4.4662440274073095247687e-01
5.0872904111526096038176e-01
5.3395749561193694976424e-01
4.8592351612942208394230e-01
4.0567265435353244695804e-01
3.6754757366382573291475e-01
3.9940114369395929294626e-01
4.5366770111235210638512e-01
4.6011051966120508627256e-01
4.0119341956623083556011e-01
3.2976826863904484810064e-01
3.1153059137217364860106e-01
3.5479111982037964123649e-01
4.0338747161157872955783e-01
3.9831980358696911226346e-01
3.4017798568514523438466e-01
2.8751524089580160481461e-01
2.9443229027995332369727e-01
3.5352791178161974139371e-01
4.0399719110240978059423e-01
3.9587587137806029558007e-01
3.4300967461112596978978e-01
3.0893049385960719144251e-01
3.3993937967004217437506e-01
4.1553071224391507909601e-01
4.6847288037809609040352e-01
4.5524912586540611236785e-01
4.0336436162291139373437e-01
3.8433256799885234800129e-01
4.3758577936563652910351e-01
5.2537248904217948020090e-01
5.7029279847098457434384e-01
5.3779768135501260228892e-01
4.7448056242664327086800e-01
4.5893895533269690734102e-01
5.1605239250568202269420e-01
5.8895966782886377544060e-01
6.0059113527380325603389e-01
5.3657093855049176056582e-01
4.6009366052839906213734e-01
4.4452955530444732135109e-01
4.9641770178838534599564e-01
5.5062824435242940790403e-01
5.4068990013134676786422e-01
4.6819988582637273033527e-01
3.9967779584307511209218e-01
3.9628510497081742558478e-01
4.4973749687066927327450e-01
4.9215257531699674320436e-01
4.6838621345789244188040e-01
3.9355224571551306045336e-01
3.3611070407877335908253e-01
3.4524915126949790034061e-01
3.9916915442355543897079e-01
4.2979483430060338999823e-01
3.9599453492129926823750e-01
3.2701729733330381355572e-01
2.9040578243529241442289e-01
3.1950590912362469842023e-01
3.7851677173134956611023e-01
4.0150726167152139822747e-01
3.6323323280814673319483e-01
3.0601752456974601335205e-01
2.9426607471995641640561e-01
3.4505792668265611311540e-01
4.0947779110599807905757e-01
4.2517957157373281740220e-01
3.8314599242591507177735e-01
3.3805877726478850142655e-01
3.5126653407493774183834e-01
4.2485168997312250382947e-01
4.9709376679264122289581e-01
5.0647924259178600525644e-01
4.5738034852990810952278e-01
4.1713736286601021951981e-01
4.4485610686706916760969e-01
5.2634479214461193929964e-01
5.8685699662763679551603e-01
5.7032874718223369736592e-01
4.9998953204379187331696e-01
4.5387487208063270749392e-01
4.8156562675219272140481e-01
5.5167944875822860772985e-01
5.8675304270143424645312e-01
5.4597831707900612574491e-01
4.6760236873073851571192e-01
4.2832941471519864196082e-01
4.6269756756283686449649e-01
5.2695202913980543346639e-01
5.4568019313426174843329e-01
4.9113655859540800152629e-01
4.1193897895543235554427e-01
3.8091431895758515180361e-01
4.1738923974209879430575e-01
4.6783057906693353844574e-01
4.6467899488835506804918e-01
3.9874324027298430062061e-01
3.2808328967294397848775e-01
3.1485479932006099623720e-01
3.5908731682226857628848e-01
4.0054504507494415044278e-01
3.8498314395234639606613e-01
3.2182623726443315703705e-01
2.7231158488065848599646e-01
2.8350794791223665747282e-01
3.3939923346921235802753e-01
3.7949861039530968787048e-01
3.6295556979981064005258e-01
3.1079707767749070734808e-01
2.8472598570774293458285e-01
3.2358311080612922605582e-01
4.0131752964082434420590e-01
4.5159183030476157671984e-01
4.3670631612561661150096e-01
3.8967213752537660509390e-01
3.8130508019788544871176e-01
4.4312353519475711216558e-01
5.2933528242382565931479e-01
5.6365218802867478320451e-01
5.2207053268256808920000e-01
4.6031318395872988791240e-01
4.5419737274067328858251e-01
5.1703412979822616080128e-01
5.8516726790190587426110e-01
5.8723457867202744075996e-01
5.2072696687076591715027e-01
4.5370807736777285512630e-01
4.5216182425372603015390e-01
5.1113116542559100530241e-01
5.6169968096463429585441e-01
5.4417883121929999656885e-01
4.6964958962862018987394e-01
4.0747484026491831432537e-01
4.1300165838764180126219e-01
4.7021884681517323034683e-01
5.0906018658470220117351e-01
4.7903766015465282235297e-01
4.0230095030172191572504e-01
3.4987149770133257886684e-01
3.6553293438050432628827e-01
4.1916238930248594929395e-01
4.4047799948568144845495e-01
3.9557390194542424444180e-01
3.2286960242613871319151e-01
2.9036097517095155184919e-01
3.2209374997569928389396e-01
3.7399820809443101721214e-01
3.8337260122286531682789e-01
3.3632093169361204632040e-01
2.8131474024874675299301e-01
2.7722859159360746517109e-01
3.3097470581300975078776e-01
3.9057170874878982536060e-01
3.9990612571658995522128e-01
3.5784323438981752163457e-01
3.2071735971305964651989e-01
3.4391831221468471824210e-01
4.2159487475319284977004e-01
4.8955158677604904138292e-01
4.9193471061720028814079e-01
4.4225367176239055444498e-01
4.1119804873281035062504e-01
4.5049023654777964331686e-01
5.3457148260946385498471e-01
5.8604204402446480326461e-01
5.5872768942222328369951e-01
4.8773872145677932277152e-01
4.5216970108347809276239e-01
4.9080055870149230656807e-01
5.6161244072101579316580e-01
5.8795547495743827326464e-01
5.3963107627926987230893e-01
4.6347140147367038576220e-01
4.3407646600867116903899e-01
4.7589158776820211782521e-01
5.3716715049367147472026e-01
5.4462123691477593023791e-01
4.8110399042155937987530e-01
4.0340238249945808979291e-01
3.8099572468374487410614e-01
4.2207483770285286750479e-01
4.6667202208227376303284e-01
4.5250794623451440212847e-01
3.8161622157076036110368e-01
3.1693087244705953064994e-01
3.1393293991079351812346e-01
3.6169902002666448614931e-01
3.9658681710680299126182e-01
3.7170889398061096597914e-01
3.0605434336296172270764e-01
2.6251622891654979863318e-01
2.8055757105482986846212e-01
3.3596896976417550684246e-01
3.6825535553293037294154e-01
3.4465332581789509536208e-01
2.9412818413322794341980e-01
2.7781299886267390997219e-01
3.2558295204353709939582e-01
4.0274903452094157341179e-01
4.4349727034171954054287e-01
4.2001942649667300955230e-01
3.7483221916270104134838e-01
3.7734199316773081589460e-01
4.4709088167389848811339e-01
5.2897605509517120481178e-01
5.5146933223189198436387e-01
5.0457594685356721431191e-01
4.5179669041777648086367e-01
4.6174424840975258899078e-01
5.3296056380321765733044e-01
5.9491008201202799643426e-01
5.8418890356843455879954e-01
5.1197796441567355874014e-01
4.5145787420529009947856e-01
4.6048038760335302521653e-01
5.2170634250066283410519e-01
5.6276799595084125993338e-01
5.3294607024216655855042e-01
4.5536504951734668722452e-01
4.0223929802569197144990e-01
4.1969216335457931732478e-01
4.7978322836806225337725e-01
5.1002182903289139392911e-01
4.6940439053598881358198e-01
3.9162342178990411367678e-01
3.4887657642922881295888e-01
3.7408349736046325739736e-01
4.2595096163762907748307e-01
4.3496660254328667338797e-01
3.7935945955770961068865e-01
3.0784071641091448334748e-01
2.8535860323175843422661e-01
3.2316694002295592857976e-01
3.6918717653083982233042e-01
3.6604283943851334548469e-01
3.1229423778706372205605e-01
2.6235753365670094749973e-01
2.6812883150102856388841e-01
3.2466048114572959581992e-01
3.7599508560761513153992e-01
3.7424025923341841526337e-01
3.3007496272808584114600e-01
3.0311126748189703983272e-01
3.4009453017840002297945e-01
4.2300046667180796200469e-01
4.8437149507860133290649e-01
4.7762638651572630887898e-01
4.2854527736271857962791e-01
4.0987969614810765284219e-01
4.6217376487371225612932e-01
5.4694179576428580968894e-01
5.8638100803478865330476e-01
5.4772511452056715786085e-01
4.7897808150612453115258e-01
4.5770614776369056286853e-01
5.0851732741235533552526e-01
5.7772012171813025283029e-01
5.9134377569613227887402e-01
5.3296414231676769723833e-01
4.6021877555183182684218e-01
4.4428665675625100828228e-01
4.9466611535067811500355e-01
5.4944319501848326581239e-01
5.4142450761035931794396e-01
4.6903084332314293192212e-01
3.9723687661084799982447e-01
3.8796955115841380568042e-01
4.3483900254225432702171e-01
4.7191718363238494005074e-01
4.4503256805145963159731e-01
3.6892309800622519189162e-01
3.1015141252584216280397e-01
3.1518298436163516562658e-01
3.6185274809106082738452e-01
3.8555578688820940636006e-01
3.4955828690416523851781e-01
2.8317916585171998278270e-01
2.4865816803275322954825e-01
2.7474622862792780209062e-01
3.2793944132098379329321e-01
3.4954661683244864223141e-01
3.1752989745104343022319e-01
2.6953283183928533617291e-01
2.6447581864546126917404e-01
3.2082720885208720895676e-01
3.9450034025587155106507e-01
4.2304643624418919456431e-01
3.9267101253692371365389e-01
3.5551695424611784446256e-01
3.7453216176058645725533e-01
4.5308387957109647059539e-01
5.2771220748756375584776e-01
5.3529454721430169694685e-01
4.8233643919657870346995e-01
4.3956447619603922216669e-01
4.6597222725735815140879e-01
5.4427899864877149482822e-01
5.9869430044613625163663e-01
5.7621764114266582623713e-01
5.0311506722599974583687e-01
4.5668185406814615356907e-01
4.8282377706816131945899e-01
5.4805463209731009044390e-01
5.7690697034007731858196e-01
5.3184653868120090880467e-01
4.5169690537149120856952e-01
4.1059569983887650446164e-01
4.4065287711341200038717e-01
4.9936075863278511777210e-01
5.1486344641127956833770e-01
4.6092619294786513206574e-01
3.8417495442808102801280e-01
3.5453611312430299840059e-01
3.9022894263225854638577e-01
4.3856208050336781267831e-01
4.3380855966089176822820e-01
3.6861692999982931251424e-01
3.0103617614453032080846e-01
2.9031325231824561816651e-01
3.3294266021210250361406e-01
3.6905591538916854288388e-01
3.4965467956887541500777e-01
2.8890913981208171668058e-01
2.4688374784840105835571e-01
2.6479742031358827203391e-01
3.2275753362726777861980e-01
3.6217489138266495407592e-01
3.4697633386126963683793e-01
3.0114930602043044061134e-01
2.8517071417378958564370e-01
3.3312972154371595090439e-01
4.1445065920936208225811e-01
4.6261261701908196197763e-01
4.4484886504899390224921e-01
3.9957225087174602640161e-01
3.9758713256038602512632e-01
4.6430106682352267899461e-01
5.4819522868134806792284e-01
5.7453394560451720440852e-01
5.2673467835852916252293e-01
4.6551873942205224121693e-01
4.6385217076672918823377e-01
5.2791261486634877275748e-01
5.9100958448362339581195e-01
5.8601498264652629455185e-01
5.1648550598506570707968e-01
4.5181246825033238856406e-01
4.5333683783246175869053e-01
5.1009033781652279859742e-01
5.5203620515695273063272e-01
5.2471368726045763963839e-01
4.4534453861818751319035e-01
3.8403707460841157717013e-01
3.9028385043519403518886e-01
4.4210546090953251052724e-01
4.7045415556410596913395e-01
4.3259791358967619734344e-01
3.5710975893640922729233e-01
3.1248949331155079223166e-01
3.3287087166181061892445e-01
3.8182450392979178088737e-01
3.9331796302868360371008e-01
3.4376394897769241287833e-01
2.7605959678061281481476e-01
2.5162464725324479308810e-01
2.8500234665118256982552e-01
3.3130003959068476948602e-01
3.3622245940662065510907e-01
2.9300334179451970051389e-01
2.4884142935342901115092e-01
2.5617914358629612081586e-01
3.1781604176367866942954e-01
3.8156369504062381814435e-01
3.9345567661694152983287e-01
3.5583953061977896537016e-01
3.2783680523767305681204e-01
3.6246310018851135570372e-01
4.4639316429556069598661e-01
5.1065392217758376336434e-01
5.0448291819987556294791e-01
4.5182844363232477213899e-01
4.2702328680852230657905e-01
4.7361588942600818530337e-01
5.5483675904144247326144e-01
5.9257017991778282439697e-01
5.5188304907248286745869e-01
4.7814833074338286555971e-01
4.4830181611815028697166e-01
4.8950592120998820400146e-01
5.5200777136871126415940e-01
5.6352008863283786777032e-01
5.0510384266041397083313e-01
4.2980012104663856131737e-01
4.0704456303915070858324e-01
4.5120880448426042841348e-01
5.0730251289479555421025e-01
5.0835882504369889201001e-01
4.4515378305745562093065e-01
3.7612746030108279438053e-01
3.6487576716273639743093e-01
4.1106155355712581389582e-01
4.5115064557559719782276e-01
4.2832889873855595208596e-01
3.5447721869329240629298e-01
2.9608224936024241102928e-01
3.0039611637567864566023e-01
3.4513001407993421087994e-01
3.6654170064475377621704e-01
3.3026972315015590275777e-01
2.6646828561737512242047e-01
2.3550719308073020386018e-01
2.6425325390297321748179e-01
3.1977324397527723265355e-01
3.4522149180713057603498e-01
3.1894714047946803869849e-01
2.7707795859572525998260e-01
2.7737130900778733666456e-01
3.3853462850921994808928e-01
4.1715717108187394535079e-01
4.5018405598741145778874e-01
4.2192271369675599101967e-01
3.8398111329190642848630e-01
4.0163406727264738815819e-01
4.8079143603097035386540e-01
5.5722530842758810631921e-01
5.6466212083003786137425e-01
5.0792440529064886156618e-01
4.5877872055738766476907e-01
4.7777503496756235090714e-01
5.4812824780101021548973e-01
5.9467322525373633723689e-01
5.6560990794529775183008e-01
4.8709764469920302509820e-01
4.3461128591129838394380e-01
4.5306209382923234851859e-01
5.1120947232821956074389e-01
5.3697405008188447972373e-01
4.9302825127907279334494e-01
4.1459444389006266940001e-01
3.7239449228386434231908e-01
3.9848301052166196223325e-01
4.5318806047090193223070e-01
4.6759883391286471976400e-01
4.1586158094867903267655e-01
3.4238916879519665226184e-01
3.1397085941801050612554e-01
3.4742860529995639451428e-01
3.9196189695989847034951e-01
3.8596395045783243871185e-01
3.2441777254567066846036e-01
2.6254605128733127239471e-01
2.5440326016805858699854e-01
2.9557544406282643123518e-01
3.3154195647764345133979e-01
3.1784777372174877196898e-01
2.6620494781842152232088e-01
2.3098139279114399124992e-01
2.5284708438017167164702e-01
3.1628679947206805866955e-01
3.6451572557065603508164e-01
3.5828784853016165667938e-01
3.1872288065504994492017e-01
3.0782192396872359863025e-01
3.6223038255087436354529e-01
4.4975908784353690883506e-01
5.0000391735856730690557e-01
4.7984997826810332766101e-01
4.3168612431033454024387e-01
4.2880753196823806483451e-01
4.9412701577399742447483e-01
5.7235349529884982366923e-01
5.8905164927681918918267e-01
5.3188911527335158702101e-01
4.6408474296075408194184e-01
4.5614304269574401651255e-01
5.1109849849940536259396e-01
5.6382380619806082844292e-01
5.5213243647078136255857e-01
4.8129950939919535768396e-01
4.1718969889794510486070e-01
4.1807674505341402282355e-01
4.7475837399992437681817e-01
5.2039384011717282341181e-01
4.9975681090004980822172e-01
4.2670400575902589501709e-01
3.6971079653794425290414e-01
3.7868873596776397860708e-01
4.3095096097855206673799e-01
4.5625635102772205131672e-01
4.1366931000133666529450e-01
3.3570705808202500053383e-01
2.9160828709740171937881e-01
3.1133638791435219728143e-01
3.5493304475443099299525e-01
3.5946601440741338118201e-01
3.0832168661404146803307e-01
2.4672270835392778876027e-01
2.3106364857405092827491e-01
2.6976394656012359085651e-01
3.1740318070845513487299e-01
3.2371041552295476417811e-01
2.8518138890315108957552e-01
2.4887309284937778053326e-01
2.6503975657539174948241e-01
3.3421913952864512609153e-01
4.0299670675226978433514e-01
4.1752191516465569920413e-01
3.8216622400568589501546e-01
3.5849739610904768349897e-01
3.9935986213802360245140e-01
4.8740156547423479915793e-01
5.4927969778231733322116e-01
5.3483288750568303004940e-01
4.7334191444600165477041e-01
4.4266210441325404278956e-01
4.8419273909923188359272e-01
5.5772854081381950663854e-01
