3.5450849471958636449642e+00
3.5450849471933958412251e+00
3.5450849471931644707468e+00
3.5450849471912935229057e+00
3.5450849471910945709396e+00
3.5450849471894683162532e+00
3.5450849471888301600586e+00
3.5450849471864045447944e+00
3.5450849471841037185982e+00
3.5450849471787413413892e+00
3.5450849471705616622330e+00
3.5450849471592231765271e+00
3.5450849471346046470899e+00
3.5450849471163241588556e+00
3.5450849470557930231962e+00
3.5450849470380152439475e+00
3.5450849469138647762634e+00
3.5450849469077390097027e+00
3.5450849466901015460962e+00
3.5450849466143070642943e+00
3.5450849462834117531429e+00
3.5450849460732607454361e+00
3.5450849456695503469916e+00
3.5450849455311281843706e+00
3.5450849475974766100705e+00
3.5450849691092893856137e+00
3.5450851626086365975254e+00
3.5450868551956160601435e+00
3.5451016538829871471705e+00
3.5452275785994942225443e+00
3.5458300778516087525816e+00
3.5466028339479618303187e+00
3.5469376943680748226484e+00
3.5469849483045807758685e+00
3.5469772714338039243387e+00
3.5469628841932046015017e+00
3.5469540490903730400873e+00
3.5469534925363084276739e+00
3.5469621656133045739523e+00
3.5469866600679207380153e+00
3.5470379896061836610954e+00
3.5471013537025881667830e+00
3.5471591799942525646827e+00
3.5472308292319993938690e+00
3.5473123890079460984737e+00
3.5473678746137595751975e+00
3.5474027554659275374149e+00
3.5474445295351553220087e+00
3.5474744725528948308124e+00
3.5475101205473689169878e+00
3.5475355200581288883654e+00
3.5475544356265991119415e+00
3.5476419537087378053286e+00
3.5476652368791308234108e+00
3.5477832410238332450092e+00
3.5478284811288172129196e+00
3.5478996535027773617799e+00
3.5482581306155887013176e+00
3.5482278600746779417818e+00
3.5486449381593980767491e+00
3.5485796642647788878833e+00
