1.2566370614326743293532e+01
1.2566370614326682897399e+01
1.2566370614326755728030e+01
1.2566370614326652699333e+01
1.2566370614326785926096e+01
1.2566370614326501709002e+01
1.2566370614326620724910e+01
1.2566370614326496379931e+01
1.2566370614326569210562e+01
1.2566370614326640264835e+01
1.2566370614326629606694e+01
1.2566370614326814347805e+01
1.2566370614326661581117e+01
1.2566370614326601184985e+01
1.2566370614326565657848e+01
1.2566370614326480392720e+01
1.2566370614326755728030e+01
1.2566370614326615395839e+01
1.2566370614326590526844e+01
1.2566370614326514143499e+01
1.2566370614326615395839e+01
1.2566370614326666910188e+01
1.2566370614326501709002e+01
1.2566370614326556776064e+01
1.2566370614326435983799e+01
1.2566370614326576315989e+01
1.2566370614326711319109e+01
1.2566370614326787702453e+01
1.2566370614326508814429e+01
1.2566370614326539012495e+01
1.2566370614326668686545e+01
1.2566370614326586974130e+01
1.2566370614326720200893e+01
1.2566370614326512367143e+01
1.2566370614326546117923e+01
1.2566370614326419996587e+01
1.2566370614326656252047e+01
1.2566370614326590526844e+01
1.2566370614326672239258e+01
1.2566370614326514143499e+01
1.2566370614326539012495e+01
1.2566370614326675791972e+01
1.2566370614326507038072e+01
1.2566370614326565657848e+01
1.2566370614326539012495e+01
1.2566370614326597632271e+01
1.2566370614326725529963e+01
1.2566370614326524801641e+01
1.2566370614326588750487e+01
1.2566370614326492827217e+01
1.2566370614326594079557e+01
1.2566370614326576315989e+01
1.2566370614326393351234e+01
1.2566370614326514143499e+01
1.2566370614326551446993e+01
1.2566370614326594079557e+01
1.2566370614326501709002e+01
1.2566370614326455523724e+01
1.2566370614326492827217e+01
1.2566370614326539012495e+01
1.2566370614326343613243e+01
