3.5450849471958560954477e+00
3.5450849471928020939515e+00
3.5450849471920968802863e+00
3.5450849471902672327417e+00
3.5450849471895442555081e+00
3.5450849471883443264630e+00
3.5450849471872332152600e+00
3.5450849471857202033220e+00
3.5450849471831338277639e+00
3.5450849471801020307282e+00
3.5450849471721235239841e+00
3.5450849471659537925916e+00
3.5450849471451295613633e+00
3.5450849471324956674323e+00
3.5450849470886729442043e+00
3.5450849470614627101384e+00
3.5450849469888154885666e+00
3.5450849469159049220934e+00
3.5450849468208267545322e+00
3.5450849466636937812325e+00
3.5450849465640712487868e+00
3.5450849462921949495353e+00
3.5450849461546898311326e+00
3.5450849457590880575708e+00
3.5450849455703865586997e+00
3.5450849450801569240355e+00
3.5450849447512249312808e+00
3.5450849443081868805905e+00
3.5450849442233729469365e+00
3.5450849472483065838446e+00
3.5450849699402757764233e+00
3.5450851283312232453682e+00
3.5450861957997039652923e+00
3.5450933786340708131490e+00
3.5451416420125827499987e+00
3.5453310426644417674424e+00
3.5456698245043121175968e+00
3.5458248234091338524365e+00
3.5458116028812884934496e+00
3.5458119153344882512613e+00
3.5458132685212766510574e+00
3.5458147357630873663936e+00
3.5458161882887448967949e+00
3.5458176454631002982865e+00
3.5458190898027304172047e+00
3.5458206382771968456780e+00
3.5458223713877030647268e+00
3.5458250288608659239742e+00
3.5458299823315115872902e+00
3.5458429674330744774124e+00
3.5458869165117778976537e+00
3.5460027313020572314883e+00
3.5461759030522932434337e+00
3.5464731605805086545047e+00
3.5466065288425432378006e+00
3.5468360086769958883224e+00
3.5468810210230881097004e+00
3.5469351449532675601972e+00
3.5469473990083320025235e+00
3.5469541839332738852875e+00
3.5469568943517399972620e+00
