1.4343614458359981611579e+01
1.4353273192715423789423e+01
1.4368272375096735160582e+01
1.4368627658023299886736e+01
1.4358676902751298598560e+01
1.4355641489248673892121e+01
1.4362113697682586277438e+01
1.4366076957227031485331e+01
1.4362356571764539836522e+01
1.4358467850409404320544e+01
1.4360157860114696859455e+01
1.4363478759410661211859e+01
1.4363106529957683221710e+01
1.4360571991169422290113e+01
1.4360168733891535808311e+01
1.4361927355625693891739e+01
1.4362690208843339689793e+01
1.4361599918052787572265e+01
1.4360749543946203843348e+01
1.4361323881103833954853e+01
1.4362102667540243672306e+01
1.4361887649554095247595e+01
1.4361258294614291486369e+01
1.4361247716660161088953e+01
1.4361707597789818535716e+01
1.4361838562449783296415e+01
1.4361535801385098665151e+01
1.4361358133092860356328e+01
1.4361532692833275604016e+01
1.4361710455454611334858e+01
1.4361630227687847138895e+01
1.4361477849313276422549e+01
1.4361495364150213660537e+01
1.4361612159142083555707e+01
1.4361631211534517049699e+01
1.4361550554402841228807e+01
1.4361514353601736004862e+01
1.4361563702081946658495e+01
1.4361604001542502828670e+01
1.4361578880135020597208e+01
1.4361542203942288864482e+01
1.4361550428143772251133e+01
1.4361579776766276950184e+01
1.4361581993723071093427e+01
1.4361560975225653891130e+01
1.4361553351353341767549e+01
1.4361566690185107120215e+01
1.4361576168590611146669e+01
1.4361569037195341280722e+01
1.4361559946789244079923e+01
1.4361562580361695751208e+01
1.4361570095136071856246e+01
1.4361570358100319566574e+01
1.4361564845700126369366e+01
1.4361563004029511247950e+01
1.4361566567820934992028e+01
1.4361569014751259132368e+01
1.4361567091023195175126e+01
1.4361564671404090987039e+01
1.4361565373887957619559e+01
1.4361567412848051716878e+01
