2.0370254993977177093711e+01
2.0383424057543237495338e+01
2.0398306056277021980350e+01
2.0386501910243424617875e+01
2.0366647003779409175195e+01
2.0368083338788892433513e+01
2.0383409841738640011499e+01
2.0386478611733895860425e+01
2.0376025937803543541804e+01
2.0370971895023856745865e+01
2.0377322746857707613799e+01
2.0382733886092772479515e+01
2.0379483867603106261868e+01
2.0374656794969105533255e+01
2.0375753772341091973885e+01
2.0379601987994483636157e+01
2.0379811416116371702856e+01
2.0377042756625201036513e+01
2.0376150727685107710840e+01
2.0377948152431304862375e+01
2.0379082172673232520310e+01
2.0378063753173336181135e+01
2.0376959831611230811177e+01
2.0377412005615070711428e+01
2.0378344052056025503816e+01
2.0378261382535498569268e+01
2.0377555328756784547295e+01
2.0377426076570618107553e+01
2.0377909435894942191680e+01
2.0378134748987957181043e+01
2.0377840961412186260304e+01
2.0377596068341816248903e+01
2.0377745027969634605824e+01
2.0377965290654934449321e+01
2.0377916180359338937933e+01
2.0377741139373799938994e+01
2.0377729027053543831016e+01
2.0377854142268638781843e+01
2.0377897645147271532551e+01
2.0377817917107574174906e+01
2.0377763749350869204591e+01
2.0377807094630057349605e+01
2.0377859097804449817204e+01
2.0377841925589510907457e+01
2.0377798839092999827471e+01
2.0377799175952770127651e+01
2.0377830960182187425289e+01
2.0377839888254452915817e+01
2.0377819049304921605881e+01
2.0377806393496076253768e+01
2.0377818067044795924403e+01
2.0377830842183776383081e+01
2.0377826004161647688306e+01
2.0377815106689226354320e+01
2.0377815426161291156859e+01
2.0377823628651750453855e+01
2.0377825874379116299906e+01
2.0377820426937159226100e+01
2.0377817103199255654999e+01
2.0377820301773084565866e+01
2.0377823801989030982895e+01
