4.0414226669882600262440e+00
4.0442105104294716610980e+00
4.0494129220591963402853e+00
4.0518077061106039238325e+00
4.0509587510748970018426e+00
4.0502973172093836851104e+00
4.0513222138164106667091e+00
4.0523005411556303201337e+00
4.0518625979220868060793e+00
4.0510445232950926808257e+00
4.0511495679114162271617e+00
4.0517807486620984747105e+00
4.0518702831231285799163e+00
4.0514296950846064859775e+00
4.0512470187256806042342e+00
4.0515221417784514912341e+00
4.0517299545062197552170e+00
4.0515825138154157869508e+00
4.0513906671766699574277e+00
4.0514478094797459206688e+00
4.0516042467391004677779e+00
4.0516038957934057407329e+00
4.0514887688647318597646e+00
4.0514582263236196268963e+00
4.0515347103052983257498e+00
4.0515777026935735349866e+00
4.0515329715885490813321e+00
4.0514893244388847648452e+00
4.0515104539735533606404e+00
4.0515482863590523976427e+00
4.0515429728875105297448e+00
4.0515136913336418089671e+00
4.0515096390960083638788e+00
4.0515300917134968727851e+00
4.0515386673278159790357e+00
4.0515259517786947895956e+00
4.0515161376093633549544e+00
4.0515228027792105081062e+00
4.0515318847756907061353e+00
4.0515294909079662133422e+00
4.0515221223670447869836e+00
4.0515218276736622016188e+00
4.0515271883826606824641e+00
4.0515289170288415476762e+00
4.0515254415692352196743e+00
4.0515231743284756404933e+00
4.0515251012894433202405e+00
4.0515273357099319539998e+00
4.0515265501241994883230e+00
4.0515246632818433525358e+00
4.0515246983955055526394e+00
4.0515261123712296154054e+00
4.0515265010782357535390e+00
4.0515255605602851218805e+00
4.0515249910304156344409e+00
4.0515255253044486494218e+00
4.0515261121914329933702e+00
4.0515258892264869317046e+00
4.0515253867720746328018e+00
4.0515253894455485195181e+00
4.0515257701861173700308e+00
