7.1730638654863163594655e+00
7.1869911652668285739765e+00
7.2032372382432852120360e+00
7.1914098160893242805969e+00
7.1707889099246076014538e+00
7.1719795117281455176794e+00
7.1878360146471456104678e+00
7.1912380664978430289125e+00
7.1804703134686995724678e+00
7.1751174482569641810414e+00
7.1816011860214290507543e+00
7.1872887059970986811663e+00
7.1839996646194235196958e+00
7.1789716177211335690345e+00
7.1800393946576903658752e+00
7.1840312773982306637777e+00
7.1842986480956492201244e+00
7.1814401940727572437595e+00
7.1804835987397872543170e+00
7.1823290480979329331035e+00
7.1835238587311849300931e+00
7.1824853412991940260213e+00
7.1813326283543608141713e+00
7.1817864291587234504277e+00
7.1827547696400753096668e+00
7.1826802008851089453856e+00
7.1819498912435184578840e+00
7.1818085017311323881017e+00
7.1823063206013335602051e+00
7.1825442623392303787000e+00
7.1822432063635206489494e+00
7.1819873044546636009500e+00
7.1821386539281535377199e+00
7.1823675386950887045145e+00
7.1823189366083939333407e+00
7.1821377876623540004175e+00
7.1821237127150352463900e+00
7.1822527314361792605268e+00
7.1822986821296339599030e+00
7.1822167742586922045689e+00
7.1821602665821950850500e+00
7.1822045637101261661428e+00
7.1822585105342229283565e+00
7.1822411696050503238098e+00
7.1821966354811141997061e+00
7.1821967064333218644379e+00
7.1822294607727545923126e+00
7.1822388445799640876999e+00
7.1822174313390254596356e+00
7.1822042923320683627253e+00
7.1822162491566343689442e+00
7.1822294539987661110558e+00
7.1822245324400491028882e+00
7.1822132966678999821397e+00
7.1822135733949963309897e+00
7.1822220017644600176254e+00
7.1822243399805572039440e+00
7.1822187858312860342380e+00
7.1822153402090398444102e+00
7.1822184217134372730129e+00
7.1822219631708072995480e+00
