1.2566370614326576315989e+01
1.2566370614326624277624e+01
1.2566370614326634935765e+01
1.2566370614326636712121e+01
1.2566370614326604737698e+01
1.2566370614326576315989e+01
1.2566370614326601184985e+01
1.2566370614326601184985e+01
1.2566370614326627830337e+01
1.2566370614326611843126e+01
1.2566370614326627830337e+01
1.2566370614326627830337e+01
1.2566370614326613619482e+01
1.2566370614326627830337e+01
1.2566370614326626053980e+01
1.2566370614326627830337e+01
1.2566370614326597632271e+01
1.2566370614326586974130e+01
1.2566370614326594079557e+01
1.2566370614326613619482e+01
1.2566370614326626053980e+01
1.2566370614326601184985e+01
1.2566370614326606514055e+01
1.2566370614326586974130e+01
1.2566370614326624277624e+01
1.2566370614326627830337e+01
1.2566370614326611843126e+01
1.2566370614326618948553e+01
1.2566370614326601184985e+01
1.2566370614326606514055e+01
1.2566370614326594079557e+01
1.2566370614326631383051e+01
1.2566370614326613619482e+01
1.2566370614326626053980e+01
1.2566370614326585197773e+01
1.2566370614326597632271e+01
1.2566370614326610066769e+01
1.2566370614326610066769e+01
1.2566370614326627830337e+01
1.2566370614326613619482e+01
1.2566370614326601184985e+01
1.2566370614326579868703e+01
1.2566370614326601184985e+01
1.2566370614326601184985e+01
1.2566370614326626053980e+01
1.2566370614326606514055e+01
1.2566370614326631383051e+01
1.2566370614326627830337e+01
1.2566370614326610066769e+01
1.2566370614326606514055e+01
1.2566370614326610066769e+01
1.2566370614326606514055e+01
1.2566370614326567434205e+01
1.2566370614326622501267e+01
1.2566370614326631383051e+01
1.2566370614326611843126e+01
1.2566370614326601184985e+01
1.2566370614326611843126e+01
1.2566370614326618948553e+01
1.2566370614326622501267e+01
1.2566370614326645593906e+01
