4.0430169483979190303558e+00
4.0430169483979074840363e+00
4.0430169483979074840363e+00
4.0430169483979074840363e+00
4.0430169483979074840363e+00
4.0430169483979083722147e+00
4.0430169483979074840363e+00
4.0430169483979065958579e+00
4.0430169483979065958579e+00
4.0430169483979065958579e+00
4.0430169483979065958579e+00
4.0430169483979074840363e+00
4.0430169483979074840363e+00
4.0430169483979074840363e+00
4.0430169483979065958579e+00
4.0430169483979065958579e+00
4.0430169483979065958579e+00
4.0430169483979083722147e+00
4.0430169483979074840363e+00
4.0430169483979074840363e+00
4.0430169483979074840363e+00
4.0430169483979083722147e+00
4.0430169483979074840363e+00
4.0430169483979074840363e+00
4.0430169483979074840363e+00
4.0430169483979065958579e+00
4.0430169483979074840363e+00
4.0430169483979074840363e+00
4.0430169483979074840363e+00
4.0430169483979074840363e+00
4.0430169483979074840363e+00
4.0430169483979065958579e+00
4.0430169483979074840363e+00
4.0430169483979074840363e+00
4.0430169483979074840363e+00
4.0430169483979074840363e+00
4.0430169483979074840363e+00
4.0430169483979074840363e+00
4.0430169483979074840363e+00
4.0430169483979083722147e+00
4.0430169483979065958579e+00
4.0430169483979074840363e+00
4.0430169483979074840363e+00
4.0430169483979074840363e+00
4.0430169483979074840363e+00
4.0430169483979065958579e+00
4.0430169483979074840363e+00
4.0430169483979074840363e+00
4.0430169483979074840363e+00
4.0430169483979074840363e+00
4.0430169483979074840363e+00
4.0430169483979074840363e+00
4.0430169483979083722147e+00
4.0430169483979065958579e+00
4.0430169483979083722147e+00
4.0430169483979074840363e+00
4.0430169483979065958579e+00
4.0430169483979074840363e+00
4.0430169483979074840363e+00
4.0430169483979074840363e+00
4.0430169483979074840363e+00
4.0430169483979083722147e+00
4.0430169483979074840363e+00
4.0430169483979074840363e+00
4.0430169483979074840363e+00
4.0430169483979065958579e+00
4.0430169483979074840363e+00
4.0430169483979074840363e+00
4.0430169483979065958579e+00
4.0430169483979074840363e+00
4.0430169483979074840363e+00
4.0430169483979065958579e+00
4.0430169483979065958579e+00
4.0430169483979074840363e+00
4.0430169483979074840363e+00
4.0430169483979074840363e+00
4.0430169483979083722147e+00
4.0430169483979065958579e+00
4.0430169483979074840363e+00
4.0430169483979065958579e+00
4.0430169483979065958579e+00
4.0430169483979074840363e+00
4.0430169483979074840363e+00
4.0430169483979074840363e+00
4.0430169483979065958579e+00
4.0430169483979074840363e+00
4.0430169483979065958579e+00
4.0430169483979065958579e+00
4.0430169483979065958579e+00
4.0430169483979048195010e+00
4.0430169483979048195010e+00
4.0430169483979048195010e+00
4.0430169483979030431442e+00
4.0430169483979012667874e+00
4.0430169483979012667874e+00
4.0430169483978977140737e+00
4.0430169483978959377168e+00
4.0430169483978923850032e+00
4.0430169483978888322895e+00
4.0430169483978835032190e+00
4.0430169483978763977916e+00
4.0430169483978692923642e+00
4.0430169483978586342232e+00
4.0430169483978470879038e+00
4.0430169483978302125138e+00
4.0430169483978124489454e+00
4.0430169483977893563065e+00
4.0430169483977627109539e+00
4.0430169483977262956387e+00
4.0430169483976845512530e+00
4.0430169483976330369046e+00
4.0430169483975717525936e+00
4.0430169483974944810711e+00
4.0430169483974047750507e+00
4.0430169483972937527483e+00
4.0430169483971614141637e+00
4.0430169483970024302266e+00
4.0430169483968123600448e+00
4.0430169483965832100125e+00
4.0430169483963132037729e+00
4.0430169483959881304713e+00
4.0430169483956026610372e+00
4.0430169483951452491510e+00
4.0430169483946070130287e+00
4.0430169483939693009233e+00
4.0430169483932170138019e+00
4.0430169483923341644527e+00
4.0430169483912967720585e+00
4.0430169483900817439803e+00
4.0430169483886606585088e+00
4.0430169483870024293992e+00
4.0430169483850724176932e+00
4.0430169483828271026482e+00
4.0430169483802229635216e+00
4.0430169483772093741436e+00
4.0430169483737232738463e+00
4.0430169483696989374266e+00
4.0430169483650688633247e+00
4.0430169483597389046281e+00
4.0430169483536255725653e+00
4.0430169483466196211907e+00
4.0430169483386038109529e+00
4.0430169483294520205163e+00
4.0430169483190185886201e+00
4.0430169483071445313271e+00
4.0430169482936486602398e+00
4.0430169482783249179647e+00
4.0430169482609272790796e+00
4.0430169482411129067145e+00
4.0430169482183160312161e+00
4.0430169481914361995223e+00
4.0430169481580628954021e+00
4.0430169481127924413499e+00
4.0430169480436060069906e+00
4.0430169479244861818756e+00
4.0430169477010293732633e+00
4.0430169472633483707114e+00
4.0430169463969711785012e+00
4.0430169446967161306361e+00
4.0430169414202925537438e+00
4.0430169352466291954329e+00
4.0430169238877669002363e+00
4.0430169034814618100881e+00
4.0430168676635620528259e+00
4.0430168061836821991051e+00
4.0430167028841834664377e+00
4.0430165328105065469799e+00
4.0430162581611277516913e+00
4.0430158227184156416456e+00
4.0430151443298454339015e+00
4.0430141049349179738215e+00
4.0430125375610233007251e+00
4.0430102096463569338880e+00
4.0430068019957801084274e+00
4.0430018826434022116700e+00
4.0429948748906401334580e+00
4.0429850188184834891558e+00
4.0429713256450305891576e+00
4.0429525244205226641725e+00
4.0429270007278148568730e+00
4.0428927272898000921941e+00
4.0428471866781281462977e+00
4.0427872866675169660766e+00
4.0427092691815671443578e+00
4.0426086142206676399269e+00
4.0424799406360278908323e+00
4.0423169060981125610965e+00
4.0421121090811915621543e+00
4.0418569961255172984238e+00
4.0415417780113118695340e+00
4.0411553587582416113833e+00
4.0406852815187956906584e+00
4.0401176954366775362359e+00
4.0394373473659435092031e+00
4.0386276019762288314041e+00
4.0376704931950486709979e+00
4.0365468091621359292276e+00
4.0352362119060760647926e+00
4.0337173918322912768986e+00
4.0319682558730560728577e+00
4.0299661468515202145113e+00
4.0276880903186862425969e+00
4.0251110638984242129368e+00
4.0222122831079740734594e+00
4.0189694967581912621313e+00
4.0153612844492885258774e+00
4.0113673484159164672747e+00
4.0069687920060603758543e+00
4.0021483775189183873522e+00
3.9968907568014531150880e+00
3.9911826690187459654169e+00
3.9850131011998848329370e+00
3.9783734085318580575574e+00
3.9712573927616281466157e+00
3.9636613385476873183677e+00
3.9555840087883553657377e+00
3.9470266013463923826521e+00
3.9379926704365977307987e+00
3.9284880167894344893398e+00
3.9185205512790775017606e+00
3.9081001369709134074526e+00
3.8972384147264436116131e+00
3.8859486172821844363057e+00
3.8742453767043643075851e+00
3.8621445293807630250171e+00
3.8496629226186627192874e+00
3.8368182260812053741006e+00
3.8236287508756392483633e+00
3.8101132785739384445378e+00
3.7962909017325725535841e+00
3.7821808771128675452644e+00
3.7678024924536961393073e+00
3.7531749469187216661226e+00
3.7383172452794024565037e+00
3.7232481055677117964819e+00
3.7079858797467375453039e+00
3.6925484864212281266305e+00
3.6769533552448159241521e+00
3.6612173817325381897092e+00
3.6453568916746914574389e+00
3.6293876144144978646011e+00
3.6133246638903551151145e+00
3.5971825245688124894627e+00
3.5809750493231966572694e+00
3.5647154581158719821588e+00
3.5484163374422790226959e+00
3.5320896491920330539926e+00
3.5157467432081777047870e+00
3.4993983680218012644048e+00
3.4830546880436696888239e+00
3.4667253083791478296405e+00
3.4504192635741577355191e+00
3.4341450859744067081181e+00
3.4179107772429335732056e+00
3.4017238523666031291270e+00
3.3855913563040904712409e+00
3.3695198868562470373433e+00
3.3535156002226367277785e+00
3.3375842403299271765604e+00
3.3217311920799152957784e+00
3.3059614635949507999158e+00
3.2902797015067180019798e+00
3.2746902023976800499838e+00
3.2591969380517249454954e+00
3.2438036345889993405933e+00
3.2285137030201442875921e+00
3.2133302517629291905621e+00
3.1982561087574858937899e+00
3.1832939319527673305288e+00
3.1684461883961216877026e+00
3.1537151772320415332729e+00
3.1391027377079514515401e+00
3.1246107156494895562560e+00
3.1102408204690221715794e+00
3.0959944080179786496387e+00
3.0818727834076682370323e+00
3.0678770124977683408929e+00
3.0540083833616473718564e+00
3.0402676034932496484942e+00
3.0266555259960683521570e+00
3.0131727337799736332613e+00
2.9998196122804015040231e+00
2.9865965498718760606778e+00
2.9735042451565210086528e+00
2.9605426473676326182272e+00
2.9477121286743148687037e+00
2.9350125578355110711470e+00
2.9224438640062224692429e+00
2.9100061315380858495416e+00
2.8976992997176171940055e+00
2.8855232208046768249687e+00
2.8734776067390126463863e+00
2.8615617814991960443649e+00
2.8497753623303667680489e+00
2.8381183236072149433937e+00
2.8265904511841686286289e+00
2.8151912360972812798821e+00
2.8039197342494337483743e+00
2.7927752918391512970686e+00
2.7817571351887280250992e+00
2.7708653506777642938630e+00
2.7600993611314303954885e+00
2.7494581772667783248210e+00
2.7389407024206362528673e+00
2.7285463188007517132405e+00
2.7182747846229822208386e+00
2.7081255645126440789738e+00
2.6980973114710726790122e+00
2.6881887884293882429176e+00
2.6783997281487481600948e+00
2.6687299114910514319376e+00
2.6591779453750112871546e+00
2.6497424612207343130876e+00
2.6404231854189714745473e+00
2.6312196809438663791525e+00
2.6221304931450761799283e+00
2.6131544847733865211126e+00
2.6042914035983599774227e+00
2.5955403184061558441442e+00
2.5868998065470645286723e+00
2.5783692921022698385514e+00
2.5699482279809426898964e+00
2.5616354546900410582566e+00
2.5534296226253156980590e+00
2.5453304581375069126636e+00
2.5373368584117295121416e+00
2.5294476779934096377644e+00
2.5216625623484660856377e+00
2.5139803675275493866081e+00
2.5063998731882692894146e+00
2.4989206342884182632247e+00
2.4915415859137994836203e+00
2.4842616554961924890677e+00
2.4770803093279347706357e+00
2.4699963853892614729091e+00
2.4630089236379761885587e+00
2.4561174695863678962837e+00
2.4493207278892374922918e+00
2.4426178224056416254939e+00
2.4360085196798890727621e+00
2.4294911179299343295668e+00
2.4230649952796987633974e+00
2.4167299973520126599169e+00
2.4104841595089703254473e+00
2.4043271302264086486389e+00
2.3982586203691709236807e+00
2.3922767662640187502632e+00
2.3863815131777266209667e+00
2.3805721660763983216214e+00
2.3748470828613261751627e+00
2.3692056193241382011649e+00
2.3636475759420578768299e+00
2.3581714360229422133841e+00
2.3527765189377505272716e+00
2.3474630795647586367636e+00
2.3422288009433680500138e+00
2.3370744468294692985921e+00
2.3320000089765144934972e+00
2.3270003391830220706993e+00
2.3220785194900668280127e+00
2.3172352114895269359351e+00
2.3124633852759401975163e+00
2.3077666367596214591629e+00
2.3031441577314426538692e+00
2.2985949074557585625200e+00
2.2941193244711506338263e+00
2.2897113282340972872930e+00
2.2853751230280807682504e+00
2.2811117720343387915705e+00
2.2769160636759067095625e+00
2.2727902828894968045859e+00
2.2687301900085419248398e+00
2.2647375456965463946801e+00
2.2608135496487222759754e+00
2.2569553610151089628744e+00
2.2531634120305925605976e+00
2.2494336943386055160943e+00
2.2457665251793819116699e+00
2.2421612293864225939899e+00
2.2386207458292832761515e+00
2.2351459602118826097694e+00
2.2317316244071103703561e+00
2.2283762484963394179260e+00
2.2250780601001443059772e+00
2.2218368627129518877439e+00
2.2186537161603303580648e+00
2.2155304896924028490446e+00
2.2124670966986728082304e+00
2.2094638320684434340535e+00
2.2065177141424827667038e+00
2.2036255534568889302705e+00
2.2007862129642248305572e+00
2.1979990281639572025085e+00
2.1952643800741213908623e+00
2.1925819726327140379851e+00
2.1899530435546625817267e+00
2.1873757764602324016323e+00
2.1848516367060324405713e+00
2.1823775560389320204990e+00
2.1799556160796358383891e+00
2.1775825388118201786369e+00
2.1752597055619400379101e+00
2.1729851057775593226040e+00
2.1707584612399410950445e+00
2.1685777726158117495459e+00
2.1664438178267650947362e+00
2.1643552786256430309209e+00
2.1623129728490151357789e+00
2.1603157931324306062493e+00
2.1583633808073319215737e+00
2.1564563399081504435628e+00
2.1545932914870116192674e+00
2.1527735309142257413839e+00
2.1509975958198408463318e+00
2.1492644153636417669873e+00
2.1475726219918294113143e+00
2.1459230058147271691382e+00
2.1443134604806703968904e+00
2.1427454048018192978020e+00
2.1412174321046051339579e+00
2.1397288506511511485542e+00
2.1382801173617789203263e+00
2.1368689230514772425806e+00
2.1354969829899999034239e+00
2.1341621159747150571206e+00
2.1328664489530151371355e+00
2.1316066841104976958832e+00
2.1303818643726462056520e+00
2.1291944450535633670540e+00
2.1280413863059690626756e+00
2.1269229374582399039184e+00
2.1258375446829216315336e+00
2.1247879255226940209411e+00
2.1237714141509833609689e+00
2.1227903900765960898411e+00
2.1218432304454117875991e+00
2.1209268800502805163433e+00
2.1200446838715398811814e+00
2.1191931209950034542544e+00
2.1183738632456199368903e+00
2.1175847273502346190810e+00
2.1168268932307792162817e+00
2.1160999011428547333935e+00
2.1154012883745734185936e+00
2.1147329005729256223844e+00
2.1140928487519321521404e+00
2.1134818879932701918278e+00
2.1128992987813077775172e+00
2.1123437907382318634575e+00
2.1118175138546981806087e+00
2.1113178724890304671646e+00
2.1108452064112950274932e+00
2.1103989219423824330590e+00
2.1099782108096385435658e+00
2.1095842722303559391150e+00
2.1092157304846304022306e+00
2.1088722843294731568164e+00
2.1085536107244582382236e+00
2.1082590496213042818852e+00
2.1079886332364918821725e+00
2.1077419731987898643411e+00
2.1075188049705313453330e+00
2.1073189295666723275247e+00
2.1071419285015835498598e+00
2.1069874734629014945142e+00
2.1068549954211439612095e+00
2.1067438548822048360876e+00
2.1066529843284991230234e+00
2.1065809079599189246323e+00
2.1065258057151905468629e+00
2.1064853705443300491140e+00
2.1064570258600348040545e+00
2.1064381843696420304468e+00
2.1064263302865744442727e+00
2.1064192769850271780285e+00
2.1064151341215393564710e+00
2.1064125739523738012338e+00
2.1064108777860495180789e+00
2.1064094774918955543797e+00
2.1064081117224020545109e+00
2.1064068182863278089201e+00
2.1064055969124306777474e+00
2.1064044203969816138056e+00
2.1064032857880450322341e+00
2.1064021862556612241235e+00
2.1064011066035210895109e+00
2.1064000347899778375904e+00
2.1063989599731351987089e+00
2.1063978739579525267800e+00
2.1063967759418171787900e+00
2.1063956669015690970070e+00
2.1063945461960700278325e+00
2.1063934129413435236700e+00
2.1063922670384709334712e+00
2.1063911080290158572836e+00
2.1063899353296378080813e+00
2.1063887485107568586784e+00
2.1063875470621740149113e+00
2.1063863305232581879523e+00
2.1063850986249859076338e+00
2.1063838510948880156093e+00
2.1063825876025248362566e+00
2.1063813078205955164890e+00
2.1063800114330959445397e+00
2.1063786980976599849669e+00
2.1063773674609249653145e+00
2.1063760191690703571510e+00
2.1063746528538280777809e+00
2.1063732681367519639082e+00
2.1063718646366922371271e+00
2.1063704419626687602829e+00
2.1063689997105576878766e+00
2.1063675374649069027555e+00
2.1063660547995350924566e+00
2.1063645512754316513337e+00
2.1063630264404538117162e+00
2.1063614798298835317780e+00
2.1063599109655397612073e+00
2.1063583193549417771351e+00
2.1063567044911759573722e+00
2.1063550658528185088869e+00
2.1063534029028803118422e+00
2.1063517150876163164241e+00
2.1063500018371010824580e+00
2.1063482625645564283445e+00
2.1063464966645457643324e+00
2.1063447035132512041855e+00
2.1063428824679961692823e+00
2.1063410328653855430048e+00
2.1063391540215463670904e+00
2.1063372452313791072243e+00
2.1063353057675602286736e+00
2.1063333348787129928326e+00
2.1063313317889247322512e+00
2.1063292956987846871186e+00
2.1063272257834730893933e+00
2.1063251211892373149226e+00
2.1063229810332892988356e+00
2.1063208044057297740892e+00
2.1063185903663619313875e+00
2.1063163379420357657068e+00
2.1063140461251705914947e+00
2.1063117138740619083137e+00
2.1063093401136847582222e+00
2.1063069237321792037676e+00
2.1063044635759577971612e+00
2.1063019584493418712157e+00
2.1062994071160172637747e+00
2.1062968082976727401956e+00
2.1062941606666503169265e+00
2.1062914628442337416914e+00
2.1062887134077326045656e+00
2.1062859108826090803746e+00
2.1062830537341379333327e+00
2.1062801403664064281429e+00
2.1062771691246124916574e+00
2.1062741382950123103512e+00
2.1062710460942066781342e+00
2.1062678906725786909249e+00
2.1062646701103577839831e+00
2.1062613824103335602445e+00
2.1062580254839149418444e+00
2.1062545971596233762568e+00
2.1062510951816970639072e+00
2.1062475172052770311382e+00
2.1062438607906139864667e+00
2.1062401233929350929941e+00
2.1062363023560588537464e+00
2.1062323949006027667963e+00
2.1062283981319414039035e+00
2.1062243090346797202983e+00
2.1062201244574714209534e+00
2.1062158411142024583285e+00
2.1062114555617332811721e+00
2.1062069641942899878018e+00
2.1062023632602580036632e+00
2.1061976488016318498353e+00
2.1061928166849428478713e+00
2.1061878625881989002266e+00
2.1061827819824108232183e+00
2.1061775701245917247206e+00
2.1061722220210414846520e+00
2.1061667324155735059321e+00
2.1061610957402971955332e+00
2.1061553062356526133669e+00
2.1061493578408927440648e+00
2.1061432441437828444464e+00
2.1061369583096256619115e+00
2.1061304932464004480153e+00
2.1061238414080931669048e+00
2.1061169949890938823955e+00
2.1061099454398561903190e+00
2.1061026839901115792486e+00
2.1060952011076121692668e+00
2.1060874870663295332918e+00
2.1060795311234201676598e+00
2.1060713222317821724516e+00
2.1060628484704602136901e+00
2.1060540973055679181414e+00
2.1060450551541451957860e+00
2.1060357078595908220109e+00
2.1060260402527735124067e+00
2.1060160359948016939313e+00
2.1060056775067805823198e+00
2.1059949465764993270511e+00
2.1059838231835965594030e+00
2.1059722857780500682168e+00
2.1059603116746927753411e+00
2.1059478763383432387002e+00
2.1059349528633619641482e+00
2.1059215128366468583465e+00
2.1059075256451547097925e+00
2.1058929572273195063303e+00
2.1058777719178110032772e+00
2.1058619302186118993347e+00
2.1058453883219603319787e+00
2.1058280699785223433196e+00
2.1058097961169712775131e+00
2.1057876633604406535483e+00
2.1057547089570314291507e+00
2.1057048258334902790523e+00
2.1056393067595240431444e+00
2.1055682196473428646755e+00
2.1055008075621448604409e+00
2.1054267111449784799504e+00
2.1052867232343612791112e+00
2.1049391570074780233313e+00
2.1041372620509899427077e+00
2.1025249014251836676692e+00
2.0996573190606051539930e+00
2.0950432233653062397138e+00
2.0882010088154308036223e+00
2.0787164330386733723799e+00
2.0662904532146115776925e+00
2.0507695755798338588249e+00
2.0321560971684475838117e+00
2.0106002220834255922455e+00
1.9863778387959980520350e+00
1.9598590513256490819316e+00
1.9314737167120974437040e+00
1.9016784282956165075262e+00
1.8709274675406331045480e+00
1.8396495287556484665714e+00
1.8082306340090665841558e+00
1.7770038397340039981742e+00
1.7462449506041610725049e+00
1.7161731152313022263911e+00
1.6869549007443369603720e+00
1.6587104966617567392007e+00
1.6315207507825442156957e+00
1.6054341610517115501722e+00
1.5804731912396381421360e+00
1.5566396535739095430273e+00
1.5339191363837676451709e+00
1.5122843807104551228093e+00
1.4916980920358198225983e+00
1.4721150421766115989897e+00
1.4534841986773352484619e+00
1.4357507377885481147928e+00
1.4188579721249099385716e+00
1.4027489553058536397856e+00
1.3873676436230248931736e+00
1.3726595547220479254236e+00
1.3585722663669759224803e+00
1.3450561334445585437436e+00
1.3320638358016079205726e+00
1.3195518785110293968899e+00
1.3074801987493749333424e+00
1.2958118717797382224433e+00
1.2845130142793517169508e+00
1.2735526805186296872563e+00
1.2629027452547518795001e+00
1.2525378313702286714459e+00
1.2424351662038968235890e+00
1.2325745266618730600072e+00
1.2229377334545228350748e+00
1.2135081164233347816861e+00
1.2042703595379746772664e+00
1.1952106761631466902429e+00
1.1863165231539924970861e+00
1.1775771029438135695244e+00
1.1689834274191761576134e+00
1.1605280882924249308275e+00
1.1522040003176343692104e+00
1.1440037916631422554303e+00
1.1359201944648888993328e+00
1.1279462575038265992333e+00
1.1200761509197199039534e+00
1.1123060933151907025973e+00
1.1046341359249383096142e+00
1.0970581734881963420492e+00
1.0895748429074540997163e+00
1.0821804395561815947957e+00
1.0748710115006134824256e+00
1.0676421667597288944762e+00
1.0604897876144312451885e+00
1.0534119088144626719128e+00
1.0464072905281127656707e+00
1.0394747350529893736848e+00
1.0326133735073457220466e+00
1.0258217735809214143927e+00
1.0190982582804690714795e+00
1.0124405845583250851405e+00
1.0058476307589578890855e+00
9.9931788598246951149662e-01
9.9284903399379409449921e-01
9.8643854489718985067981e-01
9.8008460273404207629966e-01
9.7378645289160403741846e-01
9.6754393833440777150656e-01
9.6135673365824092506671e-01
9.5522392770035324804923e-01
9.4914418840324821236010e-01
9.4311620087194547590315e-01
9.3713884435786753979158e-01
9.3121092693902840498055e-01
9.2533093713533698387863e-01
9.1949739961399723497948e-01
9.1370971084473029399931e-01
9.0796853524089204956482e-01
9.0227474132924689875779e-01
8.9662929549645231652732e-01
8.9102963140402868802425e-01
8.8547261504504770623925e-01
8.7995676555723090217498e-01
8.7448057087317543345506e-01
8.6904528399718616871183e-01
8.6365158990540391581447e-01
8.5829891617037035178583e-01
8.5298528502393133887693e-01
8.4770855688656043813722e-01
8.4246739504373413520710e-01
8.3726168022015923231294e-01
8.3209209900460745501505e-01
8.2696022228854759728023e-01
8.2186689945868229845161e-01
8.1681303717087561100385e-01
8.1179782735680861005534e-01
8.0681886387003765026549e-01
8.0187205072877532074926e-01
7.9695350730863900867718e-01
7.9206182068606079127449e-01
7.8719944547649312038828e-01
7.8237175090758082074416e-01
7.7758377220402019602830e-01
7.7283665845075744105230e-01
7.6812636303811798743624e-01
7.6344551257904302854485e-01
7.5878721696278228492361e-01
7.5414832851224722354289e-01
7.4953072941833953635182e-01
7.4493934868634870127835e-01
7.4037990294599764773409e-01
7.3585603349983852439209e-01
7.3136815519378506333936e-01
7.2691370551712886083351e-01
7.2248841086859405535847e-01
7.1808796314181777553642e-01
7.1370949744669243131057e-01
7.0935239458055365791012e-01
7.0501821213729465309683e-01
7.0070957439143255474079e-01
6.9642898296328448193293e-01
6.9217767302042976229615e-01
6.8795529381383291323004e-01
6.8376026313993876204478e-01
6.7959027954604811494477e-01
6.7544293171282188126270e-01
6.7131646790940635582956e-01
6.6721047762860596908041e-01
6.6312582697785393825995e-01
6.5906409378138308685635e-01
6.5502659944521435253506e-01
6.5101382150273046089950e-01
6.4702547339843441420726e-01
6.4306088619437329345629e-01
6.3911936068000330113392e-01
6.3520023557266347413730e-01
6.3130317921738321462755e-01
6.2742779038745633002350e-01
6.2357344960411476009199e-01
6.1973930789211728598076e-01
6.1592454476163116527943e-01
6.1212880809618708255471e-01
6.0835247374656231666989e-01
6.0459647762921242541978e-01
6.0086188059080858359096e-01
5.9714945848263045746762e-01
5.9345933581234222575773e-01
5.8979077577426786138659e-01
5.8614219899585962014754e-01
5.8251177240968310400149e-01
5.7889806439789937009266e-01
5.7530091447482378796963e-01
5.7172128473533456727296e-01
5.6816040746640950054314e-01
5.6461890738421383062473e-01
5.6109665155652721502122e-01
5.5759306740325786932999e-01
5.5410754663307970613317e-01
5.5063939580726461997529e-01
5.4718778902903220107135e-01
5.4375221157503006441658e-01
5.4033297521671896923579e-01
5.3693115074586161838965e-01
5.3354788155708710029046e-01
5.3018367443404246230898e-01
5.2683821404548469846674e-01
5.2351082294763950919503e-01
5.2020082534144085339989e-01
5.1690791478794217983506e-01
5.1363173860697186601243e-01
5.1037169827846418090900e-01
5.0712710735031019115837e-01
5.0389741325311654396302e-01
5.0068250375319389711137e-01
4.9748283824855965562506e-01
4.9429932367172996210414e-01
4.9113272072240743426619e-01
4.8798308095918563331850e-01
4.8484954435961241658859e-01
4.8173090953545089076826e-01
4.7862630008732420794360e-01
4.7553546624975773227106e-01
4.7245875040516283061010e-01
4.6939659879445166934531e-01
4.6634874329032666162576e-01
4.6331437471962844121265e-01
4.6029265891853954340007e-01
4.5728351829925084626183e-01
4.5428777595401514943774e-01
4.5130669489669189564651e-01
4.4834101909534018748360e-01
4.4539054853847409587431e-01
4.4245434706356773224556e-01
4.3953161396222423240587e-01
4.3662241855244809940473e-01
4.3372726442270770341736e-01
4.3084665839850355695262e-01
4.2798020840400441411333e-01
4.2512682629500808673129e-01
4.2228575140566265710973e-01
4.1945680660376183368498e-01
4.1664106878600420946768e-01
4.1383979904795881177293e-01
4.1105311255420856619835e-01
4.0828021076494130925383e-01
4.0551991755310551335256e-01
4.0277135480739134631989e-01
4.0003467892065830424642e-01
3.9730990388115072775577e-01
3.9459768708168269091274e-01
3.9189831197829538833588e-01
3.8921164232845362196400e-01
3.8653776432367004112223e-01
3.8387709901010108604069e-01
3.8122956196622048707923e-01
3.7859431379702579434365e-01
3.7596984777488756668262e-01
3.7335493683587217539355e-01
3.7074924911752421552436e-01
3.6815289802211587089076e-01
3.6556641862562877509646e-01
3.6299026560069341806880e-01
3.6042487768599690278748e-01
3.5787099799246496756311e-01
3.5532943992770710250895e-01
3.5280044009914651725879e-01
3.5028324990796516624769e-01
3.4777640408906862479199e-01
3.4527857081145119089172e-01
3.4278926718419910901758e-01
3.4030895877718209119323e-01
3.3783855801144141439707e-01
3.3537917955891238808164e-01
3.3293205646278711817843e-01
3.3049819911762107205178e-01
3.2807832280063137231352e-01
3.2567194626390855161091e-01
3.2327836057288533710974e-01
3.2089641798921453297311e-01
3.1852502273553578993059e-01
3.1616329831995421129065e-01
3.1381065235053140494159e-01
3.1146674958456666004736e-01
3.0913168620960335131187e-01
3.0680573503014485492457e-01
3.0448951320334610715079e-01
3.0218339730202015136484e-01
2.9988735992191817292252e-01
2.9760127572605693524466e-01
2.9532476840426608033496e-01
2.9305733492643293303104e-01
2.9079858340331893318265e-01
2.8854730508831172297590e-01
2.8630378153862934276219e-01
2.8406817981394905103798e-01
2.8184074498741551462189e-01
2.7962185558401020379904e-01
2.7741214538611530526779e-01
2.7521232094390662981098e-01
2.7302268594461920336869e-01
2.7084375035630431360900e-01
2.6867479132309579625826e-01
2.6651549546727648642985e-01
2.6436575892056174419409e-01
2.6222539648295256631272e-01
2.6009416499450149773409e-01
2.5797188220370514954993e-01
2.5585851011544469280068e-01
2.5375403595380557897343e-01
2.5165884807538696499307e-01
2.4957296106803331103841e-01
2.4749660037908649545813e-01
2.4542992063766669308400e-01
2.4337273737660808370364e-01
2.4132450683410680558616e-01
2.3928444112678767807800e-01
2.3725158241737887010459e-01
2.3522587141418960232642e-01
2.3320686393786596579680e-01
2.3119471327167678831316e-01
2.2919000107532322418891e-01
2.2719316307793255282910e-01
2.2520428126129826695845e-01
2.2322314285805999745094e-01
2.2124917364552768028751e-01
2.1928220574780893370459e-01
2.1732175657212629560355e-01
2.1536767943990173246327e-01
2.1342030242096443615196e-01
2.1148049097700968856905e-01
2.0954926495030190558566e-01
2.0762751727074679752860e-01
2.0571608246634986993939e-01
2.0381461615238877227441e-01
2.0192277746390926984610e-01
2.0003965065670184508839e-01
1.9816358372265652221245e-01
1.9629328732502529519799e-01
1.9442845027301691729349e-01
1.9256961975347985926987e-01
1.9071809219591523421045e-01
1.8887531730729270607050e-01
1.8704226791428504861337e-01
1.8521918365598635802804e-01
1.8340526473054805101093e-01
1.8159927540464079753768e-01
1.7979968297978030089546e-01
1.7800540690092206408401e-01
1.7621556923799933103147e-01
1.7443075600405330560783e-01
1.7265214098811307308345e-01
1.7088084666140385126099e-01
1.6911767460290688669389e-01
1.6736266107580780038155e-01
1.6561519040547562076071e-01
1.6387388619793016864001e-01
1.6213756244006008455649e-01
1.6040544779170462508233e-01
1.5867750904723451621514e-01
1.5695450395765628281985e-01
1.5523795759790415260682e-01
1.5352956934195652327624e-01
1.5183090317061770369023e-01
1.5014079308399214118808e-01
1.4845921250288687809338e-01
1.4678469618799644402785e-01
1.4511539388219807378277e-01
1.4345020871082775348881e-01
1.4178943157615594983234e-01
1.4013439635613209044429e-01
1.3848641764225602668326e-01
1.3684720017582721607319e-01
1.3521712246612277441571e-01
1.3359568382004335940216e-01
1.3198194959638759327092e-01
1.3037476984128101853422e-01
1.2877307617310121412579e-01
1.2717633962136509762075e-01
1.2558440498349157654623e-01
1.2399827950484643146467e-01
1.2241887093105759121148e-01
1.2084658999224266728856e-01
1.1928134824751801534859e-01
1.1772258063039803266392e-01
1.1616954588689169802773e-01
1.1462088458288734182933e-01
1.1307643566255468070558e-01
1.1153628711607353751756e-01
1.1000100875940216349491e-01
1.0847133946138635962608e-01
1.0694793639739709478764e-01
1.0543088976741504803059e-01
1.0392025407836823214236e-01
1.0241405319224583525539e-01
1.0091205263784336354504e-01
9.9414143013094508072314e-02
9.7920529283566468126132e-02
9.6432014282623684797713e-02
9.4949732249910975823148e-02
9.3474585747545274605486e-02
9.2007074688926993033533e-02
9.0546718506261059111750e-02
8.9092883791303589813282e-02
8.7644866395858972429878e-02
8.6202325821909606129445e-02
8.4765339177594170583241e-02
8.3334610192315389243234e-02
8.1910683710273241020516e-02
8.0494233305901358166423e-02
7.9085160206405963334575e-02
7.7682297251731938225738e-02
7.6284311173398511307653e-02
7.4890346329465187769081e-02
7.3500138258751193665042e-02
7.2114108691519351879151e-02
7.0732824216869161215726e-02
6.9357682447630075728284e-02
6.7989577067970319301793e-02
6.6628498660925489227580e-02
6.5273730996633749779079e-02
6.3924170717757008985949e-02
6.2578719202584925929145e-02
6.1236492183208951489704e-02
5.9897375797693420962364e-02
5.8562018929857719007348e-02
5.7231476295753029581714e-02
5.5906598268397042494904e-02
5.4587625584869708950109e-02
5.3274124157196740825260e-02
5.1964670141479159248821e-02
5.0658186291113349586368e-02
4.9353930579387299271144e-02
4.8051624427891584390160e-02
4.6751859264855227804603e-02
4.5456102841872174369353e-02
4.4165999865173492799908e-02
4.2883045358410983027841e-02
4.1607109412943030224419e-02
4.0338333295977975290203e-02
3.9076284723008600230365e-02
3.7820149005916757489754e-02
3.6569317360671621530699e-02
3.5323901766559112624932e-02
3.4084471600813237568417e-02
3.2852502713438029580129e-02
3.1628141903249862298964e-02
3.0411452735486517451324e-02
2.9202038536531433471355e-02
2.7999142226844915548600e-02
2.6801966120996324055570e-02
2.5610281383449524233997e-02
2.4425072998480932412457e-02
2.3247056288370659266063e-02
2.2077919332571135230259e-02
2.0919399272280179286065e-02
1.9773070100375690627548e-02
1.8640147584066721342388e-02
1.7521125951691460254089e-02
1.6417312861687623909424e-02
1.5330686197286813240992e-02
1.4263731289927639167558e-02
1.3219658533701952873862e-02
1.2202218775465033251404e-02
1.1215504691637586884290e-02
1.0263452160726539014179e-02
9.3490238487017630897302e-03
8.4749075508398635792062e-03
7.6431378873662199346928e-03
6.8553774533423716269764e-03
6.1133890606892881194878e-03
5.4190621965581687105584e-03
4.7742143478269691986293e-03
4.1801868000351776605283e-03
3.6377273743140596702628e-03
3.1465360215290386590448e-03
2.7053031040080452798713e-03
2.3119836566669990825240e-03
1.9640597154897596575418e-03
1.6587564072078502842855e-03
1.3932781699092422391523e-03
1.1647506029322451329838e-03
9.7009412887162388850620e-04
8.0596511400769712141906e-04
6.6879164484737229148803e-04
5.5491579629538510809450e-04
4.6077028752469626664626e-04
3.8313208851219340096358e-04
3.1921184921282627026257e-04
2.6669332448245547471238e-04
2.2368601413117698145649e-04
1.8861866112347778351443e-04
1.6012679495022721855475e-04
1.3698481969276951326735e-04
1.1809287130766473784566e-04
1.0250083607628684132830e-04
8.9450677615102272858746e-05
7.8380893283388073842187e-05
6.8908615129802792097224e-05
6.0781585615336530543495e-05
5.3817844472728097163141e-05
4.7858126310355412504332e-05
4.2741248163330870877413e-05
3.8304576372340050946334e-05
3.4398324252198345574085e-05
3.0901544550431332594297e-05
2.7728753123078135248538e-05
2.4832333540888761540906e-05
2.2184596020697002789887e-05
1.9767824309369557778462e-05
1.7567036206560017474760e-05
1.5565674106896270744577e-05
1.3746709452439151866870e-05
1.2095957470408464685691e-05
1.0604004069313429159459e-05
9.2656027124711082406609e-06
8.0768615729330945203447e-06
7.0319365579372410151237e-06
6.1214815934926599861232e-06
5.3326243754178485496627e-06
4.6507677767706284645190e-06
4.0617875364108214737897e-06
3.5536400239315259399619e-06
3.1168669929203727432944e-06
2.7432691831656010565807e-06
2.4251528578022986706289e-06
2.1545776165722027264320e-06
1.9229834161525294927600e-06
1.7215990010109614929431e-06
1.5428162841626250986223e-06
1.3808652743845341233668e-06
1.2325032911096260004375e-06
1.0965232882282812989621e-06
9.7289201496844969257929e-07
8.6188570985791414010572e-07
7.6344123525751902535635e-07
6.7694058870571078161306e-07
6.0122641355406167036764e-07
5.3492179977052442096507e-07
4.7665669664862962772134e-07
4.2524815734562730519807e-07
3.7975258026855178034460e-07
3.3942481622082493494284e-07
3.0364553961848631887072e-07
2.7186074164522230683501e-07
2.4355669917037277123019e-07
2.1826542846790374640339e-07
1.9558541400447861425471e-07
1.7519664498088491456407e-07
1.5686147145434874301152e-07
1.4040409672174345538281e-07
1.2568340014790182216534e-07
1.1256851687569860510589e-07
1.0092131504877256610342e-07
9.0594020667275261364865e-08
8.1433649690010506010805e-08
7.3289845836378897404658e-08
6.6027316060392146543888e-08
5.9523901100774886991754e-08
5.3674840326799880504044e-08
4.8399222514486581421503e-08
4.3630057901240318798897e-08
3.9311693480197661557234e-08
3.5399489370806611139969e-08
3.1857226782121409051052e-08
2.8654542746344728402423e-08
2.5765084813569897943259e-08
2.3163884674965930791521e-08
2.0826928556811664959124e-08
1.8730038148709427232808e-08
1.6849721779271107956027e-08
1.5162955891617873481970e-08
1.3647775845175075043794e-08
1.2284099051326657403513e-08
1.1054218383154295820478e-08
9.9431006459039901239694e-09
8.9382876400079611870176e-09
8.0301615693523379219612e-09
7.2107374634142894286542e-09
6.4733341994368481126821e-09
5.8121992067472229231371e-09
5.2217508335871612273268e-09
4.6961584922860928504967e-09
4.2291758114300850756612e-09
3.8142691570681003843165e-09
3.4448945762543990216880e-09
3.1148265113815798585046e-09
2.8185627933564574456837e-09
2.5514092739606758482241e-09
2.3096679416178294883436e-09
2.0905287697708737805824e-09
1.8918867834022756425884e-09
1.7121127189561914489511e-09
1.5498208705254909667923e-09
1.4036921470247421807546e-09
1.2723728960757492077076e-09
1.1544505899811977931136e-09
1.0484909352664728155419e-09
9.5308719184049398307710e-10
8.6696062760163756991814e-10
7.8899665592091532749818e-10
7.1826036711168636091309e-10
6.5398302153543060378780e-10
5.9552897735262418209313e-10
5.4235794527623647245434e-10
4.9398860870588645614562e-10
4.4997637572555637018000e-10
4.0990422438879940271615e-10
3.7338627467117770660521e-10
3.4006994396106467472247e-10
3.0964556889819622550114e-10
2.8185002562305039897604e-10
2.5646024139097243772980e-10
2.3328698441527749007331e-10
2.1216493659833238503857e-10
1.9294066977672903155845e-10
1.7547020897985903138296e-10
1.5960764329148117559309e-10
1.4521171051501198123430e-10
1.3214768249867686688599e-10
1.2028872008590590226044e-10
1.0951903744895198674976e-10
9.9735310187421526448879e-11
9.0846380016546849162286e-11
8.2772219954710017352718e-11
7.5441190415264625220329e-11
6.8788551417313329411276e-11
6.2754442440875539017186e-11
5.7283887365407116035908e-11
5.2326045969008257125271e-11
4.7833633297604864511621e-11
4.3762611864404361345512e-11
4.0071845909902760321428e-11
3.6722778261049985672854e-11
3.3679099884909434790880e-11
3.0906889860889340921643e-11
2.8374899629315221901108e-11
2.6055020876157080964937e-11
2.3922786475190797685603e-11
2.1957729748480773589566e-11
2.0143486345706340248064e-11
1.8467505205526377104074e-11
1.6920490257310588399945e-11
1.5495391305126390673009e-11
1.4186522937010354008247e-11
1.2988669289344504340434e-11
1.1896159223565196286971e-11
1.0902746503705870689281e-11
1.0001328372682278321275e-11
9.1840895920744558674991e-12
8.4427983632764962069138e-12
7.7691954351368312685907e-12
7.1553826195867891635533e-12
6.5941482955802846818510e-12
6.0792119988023457157215e-12
5.6052698128963341171259e-12
5.1680252593949718196232e-12
4.7640757173776118264275e-12
4.3907311506126525222035e-12
4.0458279897885938691087e-12
3.7275410431561260071711e-12
3.4342291985681002173693e-12
3.1643256156629593316933e-12
2.9162571799697830310695e-12
2.6884552809816246624038e-12
2.4793055813326501443261e-12
2.2872325278498940710358e-12
2.1107267785234089287810e-12
1.9483824731226179155933e-12
1.7989252268327934938402e-12
1.6612247297648018232897e-12
1.5342923284050880299091e-12
1.4172612977873905177354e-12
1.3093644743097128764718e-12
1.2099092854124027613958e-12
1.1182475271403255851065e-12
1.0337666368035076883134e-12
9.5587757509540180956161e-13
8.8401588678324865798658e-13
8.1764446769148224637111e-13
7.5626113101811174679562e-13
6.9941049347846365368572e-13
6.4669037662457642065510e-13
5.9775246268584407816951e-13
5.5230471044220452740839e-13
5.1009941842567329122780e-13
4.7092666052850900249543e-13
4.3460385902420624529089e-13
4.0096637467593021948430e-13
3.6986069563761918843999e-13
3.4113978525917365477805e-13
3.1466114360151693812282e-13
2.9028278944751793648786e-13
2.6787911430030898267218e-13
2.4732252313949277866253e-13
2.2848887598598043387118e-13
2.1126360181341003159710e-13
1.9553687026170102166136e-13
1.8120145674601249585377e-13
1.6815026016013767733959e-13
1.5627594812966150916509e-13
1.4547060616739387542518e-13
1.3562693266030007506178e-13
1.2663882499134427165181e-13
1.1840486897908436253539e-13
1.1082966904041710150007e-13
1.0382543235534263440841e-13
9.7313471421766342129167e-14
9.1224905671434512299379e-14
8.5501402683063325208473e-14
8.0095126100757064531205e-14
7.4968933835886094401557e-14
7.0092868921338717842989e-14
6.5447300426601647010668e-14
6.1020539840814336941997e-14
5.6805506701358895900678e-14
5.2799196332971169675161e-14
4.9001772226172797813958e-14
4.5415159538898732284401e-14
4.2041539771502567458218e-14
3.8882480137328303895056e-14
3.5937803323780045271392e-14
3.3205327804860582173507e-14
3.0680664839904555897396e-14
2.8356863686776868935686e-14
2.6225487532551657906750e-14
2.4276671566149348864842e-14
2.2499255522461116949724e-14
2.0881271449758641627694e-14
1.9410204194735117637074e-14
1.8073175359442299009340e-14
1.6857444903867055668831e-14
1.5750257585190070621915e-14
1.4739192488411900660817e-14
1.3812553226066940877931e-14
1.2959580428658113454227e-14
1.2170495412396803280108e-14
1.1436660148828571452663e-14
1.0750729491371752944014e-14
1.0106693130774151391284e-14
9.4998174577721308594693e-15
8.9265065858572013017258e-15
8.3841144863942781778279e-15
7.8707260085835331231780e-15
7.3848815660772131532539e-15
6.9254324290589999339013e-15
6.4913963524738129699122e-15
6.0818354949901734160635e-15
5.6957999755964230053018e-15
5.3323163004868807241907e-15
4.9904099470396698621560e-15
4.6690979992042654009805e-15
4.3674601246743922889200e-15
4.0846224231197832186814e-15
3.8197456528150546655272e-15
3.5720093308283461138932e-15
3.3405990239748248327400e-15
3.1246807273931834905602e-15
2.9233768071719671500568e-15
2.7357810139822722732532e-15
2.5609073237160205298051e-15
2.3977824508849331561199e-15
2.2454807609367476888813e-15
2.1031311510597349428341e-15
1.9698833305655941049108e-15
1.8449917518158770537534e-15
1.7278305299985816456449e-15
1.6178845227843963341903e-15
1.5147361959293015477433e-15
1.4180446637889383834062e-15
1.3275240150865490763498e-15
1.2429174788347488556356e-15
1.1639802421732220502833e-15
1.0904629592282004137899e-15
1.0220903214306560006869e-15
9.5858116529826857996830e-16
8.9964429872660334806902e-16
8.4498015403567172623738e-16
7.9428895668534918596675e-16
7.4727728865667566572193e-16
7.0366316180796003861418e-16
6.6317797708922161769429e-16
6.2556975779134839172943e-16
5.9060193180344934919898e-16
5.5804924198784616241686e-16
5.2769789083755015080896e-16
4.9934561611497188096947e-16
4.7280146800852640619556e-16
4.4788772788762897436130e-16
4.2444163407260067552157e-16
4.0231614445840029944986e-16
3.8138448796715630598142e-16
3.6154155875058239544096e-16
3.4269957539546988027641e-16
3.2478728916596644720550e-16
3.0775129582562037870994e-16
2.9155045914157333708833e-16
2.7615211326302060754591e-16
2.6152859081683986797592e-16
2.4765406311759022864537e-16
2.3450230320802030716448e-16
2.2204532842847378653679e-16
2.1025281146779789058255e-16
1.9909266260963385298774e-16
1.8853152923604888103173e-16
1.7853590923717010924708e-16
1.6907318781850014707132e-16
1.6011267039207086109877e-16
1.5162605075644262380702e-16
1.4358777967257417243607e-16
1.3597517387968562567401e-16
1.2876815147651791578585e-16
1.2194794352397240815866e-16
1.1549823127656144094581e-16
1.0940384811096798644611e-16
1.0365001635374377809821e-16
9.8222463194764476415289e-17
9.3107180702097275068000e-17
8.8290417245243681235369e-17
8.3758690528093287646159e-17
7.9498777188217304644208e-17
7.5497729951305917441962e-17
7.1742908702632429933899e-17
6.8221930320155697614217e-17
6.4922672148663936274667e-17
6.1833239471218431473059e-17
5.8941945648187491014214e-17
5.6237217852295023410024e-17
5.3707619975269418806911e-17
5.1341852441653713862881e-17
4.9128810095381321320469e-17
4.7057684126879467105054e-17
4.5117995337593028189211e-17
4.3299734510106050965694e-17
4.1593368755233000051640e-17
3.9989980549438373721305e-17
3.8481259711835921212934e-17
3.7059502318006185589464e-17
3.5717623712001451981189e-17
3.4449129943505406086197e-17
3.3248065557612704574796e-17
3.2108991127271894595687e-17
3.1026975556158146811957e-17
2.9997304446244153631308e-17
2.9016004344295758138856e-17
2.8079421839214043914595e-17
2.7184206239523341106209e-17
2.6327436823572339630348e-17
2.5506577155475338545831e-17
2.4719467009979581194530e-17
2.3964281970806921052224e-17
2.3239502240054988806790e-17
2.2543888212764151192010e-17
2.1876423792224902126826e-17
2.1236253611626821365001e-17
2.0622663750583212446266e-17
2.0035007425376661407192e-17
1.9472664620431779049079e-17
1.8935035923102628513292e-17
1.8421509772693873123369e-17
1.7931436632881168033843e-17
1.7464133975850781111359e-17
1.7018879512352321098772e-17
1.6594913291223419082636e-17
1.6191439829986941519597e-17
1.5807650756115935394668e-17
1.5442720689158375989711e-17
1.5095819442800196437975e-17
1.4766120911049259304609e-17
1.4452810738844084308506e-17
1.4155094033706232407856e-17
1.3872200996065205260800e-17
1.3603399330866707967397e-17
1.3347952150629646916374e-17
1.3105223760316053226498e-17
1.2874585265663313138336e-17
1.2655430004028525131548e-17
1.2447204671297905025101e-17
1.2249393929669608596493e-17
1.2061513256172927674451e-17
1.1883106407797358334388e-17
1.1713741228616566044090e-17
1.1553004634185235548621e-17
1.1400499372109147222559e-17
1.1255830679760672260546e-17
1.1118640530436783407160e-17
1.0988560843882350700316e-17
1.0865218752679049696399e-17
1.0748258047153031757147e-17
1.0637329095240612397608e-17
1.0532089399009778189238e-17
1.0432204731078332479143e-17
1.0337350863768095277931e-17
1.0247215378751841407127e-17
1.0161500174625528115229e-17
1.0079921648315882829875e-17
1.0002212654058746100717e-17
9.9281276940488418833860e-18
9.8574404262097928980681e-18
9.7899428452078423295436e-18
9.7254445003757070589008e-18
9.6637713307682108834664e-18
9.6047653463495361126018e-18
9.5482829844609031895385e-18
9.4941928360845356274246e-18
9.4423730838072968276898e-18
9.3927122644674546792112e-18
9.3451068188542980031802e-18
9.2994595643041086104650e-18
9.2556775058454779800084e-18
9.2136713301338153213206e-18
9.1733550629670404461310e-18
9.1346480186489987978120e-18
9.0974636776916581058120e-18
9.0617246116566186739301e-18
9.0273625628834038226341e-18
8.9943104038517842186982e-18
8.9625035545334310078911e-18
8.9318820957761422893595e-18
8.9023907014217690349373e-18
8.8739771002602825124976e-18
8.8465940315196787798049e-18
8.8202034087020360282658e-18
8.7947735106819842271467e-18
8.7702772185308695679468e-18
8.7466908203853617360034e-18
8.7239937249516774691254e-18
8.7021675513864389233303e-18
8.6811949986107148471676e-18
8.6610591034457441453055e-18
8.6417418743478641234056e-18
8.6232249288771287469796e-18
8.6054878698166227479280e-18
8.5885085922763771833978e-18
8.5722628827873641140067e-18
8.5567247347997565516118e-18
8.5418682498204521689019e-18
8.5276631332925013875457e-18
8.5140829997797635899569e-18
8.5010983032562183590322e-18
8.4886807547476005661358e-18
8.4768034827130454673671e-18
8.4654409218055075053888e-18
8.4545688000084772923520e-18
8.4441646188340188044749e-18
8.4342066833998652780767e-18
8.4246758261900337992463e-18
8.4155533966037058072466e-18
8.4068226457686651360732e-18
8.3984679660659316051801e-18
8.3904743370678161075320e-18
8.3828271789415797727306e-18
8.3755123199081019508641e-18
8.3685157277939670873463e-18
8.3618228597798623997149e-18
8.3554202681706213016757e-18
8.3492949824026056032292e-18
8.3434333157396813358279e-18
8.3378211183029702852530e-18
8.3324444282022294393635e-18
8.3272898819968446612121e-18
8.3223447029649282272797e-18
8.3175968118437806434928e-18
8.3130350028370213811727e-18
8.3086484914759951174984e-18
8.3044275718414732240737e-18
8.3003636472422771854168e-18
8.2964488460564020275512e-18
8.2926759912916226727431e-18
8.2890386323504743506062e-18
8.2855309857780533533124e-18
8.2821478272574773725329e-18
8.2788844973686717966530e-18
8.2757362877714392012652e-18
8.2726996624027746716349e-18
8.2697709518564391014117e-18
8.2669463800418078238418e-18
8.2642222138732117984971e-18
8.2615947542645742289523e-18
8.2590602279707348744165e-18
8.2566148088962085846264e-18
8.2542548075850320490233e-18
8.2519764689994061572963e-18
8.2497759226428127903054e-18
8.2476495979511965578331e-18
8.2455941061370902954620e-18
8.2436062666646236677596e-18
8.2416831801004595276334e-18
8.2398218761646643136630e-18
8.2380200893162983424790e-18
8.2362753586990731303027e-18
8.2345856217911298976747e-18
8.2329490791903145396323e-18
8.2313641103078253645784e-18
8.2298292189289466768830e-18
8.2283430355622133821292e-18
8.2269042760922373086455e-18
8.2255119331503647550777e-18
8.2241646072144763234720e-18
8.2228610372178089998815e-18
8.2216000174804807279231e-18
8.2203803429737386320196e-18
8.2192007802441114468124e-18
8.2180601945945245403771e-18
8.2169573554318654451359e-18
8.2158910170138570476753e-18
8.2148598378879996607066e-18
8.2138625796209110653022e-18
8.2128979852133583936940e-18
8.2119647732263166288247e-18
8.2110617049715645015250e-18
8.2101875819317426333802e-18
8.2093413004752343958662e-18
8.2085218393882547404417e-18
8.2077282707806673239552e-18
8.2069597229454670740499e-18
8.2062153457298525876066e-18
8.2054944050195342060011e-18
8.2047962706140774873261e-18
8.2041203246944155716000e-18
8.2034659904027405165405e-18
8.2028327522243595132857e-18
8.2022201375675647193783e-18
8.2016276632617138638123e-18
8.2010548681639159995446e-18
8.2005012516342749836718e-18
8.1999664099332341007198e-18
8.1994498764567446978048e-18
8.1989511199978540240956e-18
8.1984696198502277420511e-18
8.1980048402840854120882e-18
8.1975562196066456967824e-18
8.1971232190825850558419e-18
8.1967052411852341694623e-18
8.1963017505657692447801e-18
8.1959121460006029076141e-18
8.1955358580880401951167e-18
8.1951723435291371412785e-18
8.1948210707456679243091e-18
8.1944815285900367287951e-18
8.1941532415177862032063e-18
8.1938357076944660084929e-18
8.1935285151988408469613e-18
8.1932312175280378735864e-18
8.1929434164353434781797e-18
8.1926647411734424652060e-18
8.1923948402872416998434e-18
8.1921333799981057885366e-18
8.1918800430935677105205e-18
8.1916345285261329585019e-18
8.1913965627636829546590e-18
8.1911658674890691668136e-18
8.1909421627856151031430e-18
8.1907251797133725970390e-18
8.1905146669434343162962e-18
8.1903103864071178110420e-18
8.1901121037818299883761e-18
8.1899196007316045337879e-18
8.1897326605404133275895e-18
8.1895510760977622476379e-18
8.1893746407774438118856e-18
8.1892031479514016455387e-18
8.1890363757041653135835e-18
8.1888741180651400796893e-18
8.1887161758043519681565e-18
8.1885623723107848941373e-18
8.1884125501887586286295e-18
8.1882665576125918829768e-18
8.1881242494838211974851e-18
8.1879854878646337865229e-18
8.1878501444792668910351e-18
8.1877180988615312614912e-18
8.1875892359074826737454e-18
8.1874634577480651309888e-18
8.1873406779711854451195e-18
8.1872208115119754019895e-18
8.1871037753393765421149e-18
8.1869894963236117465603e-18
8.1868779098203293642311e-18
8.1867689547062075499358e-18
8.1866625825871072846459e-18
8.1865587397317956282775e-18
8.1864573898253288984298e-18
8.1863584948151123796777e-18
8.1862620115056050406310e-18
8.1861678980954850552401e-18
8.1860761135335664440989e-18
8.1859866129180282304712e-18
8.1858993514959484742253e-18
8.1858142862142649005129e-18
8.1857313758527210734577e-18
8.1856505654175876706236e-18
8.1855718022713196042816e-18
8.1854950367443022459695e-18
8.1854202193467488979925e-18
8.1853473001653916827638e-18
8.1852762283338276969397e-18
8.1852069573141846686741e-18
8.1851394339830408223804e-18
8.1850736136450256268970e-18
8.1850094479646299929343e-18
8.1849468912608355846242e-18
8.1848859002499276754905e-18
8.1848264329109868257368e-18
8.1847684487027932755591e-18
8.1847119085109578570567e-18
8.1846567745244236624779e-18
8.1846030107850694428223e-18
8.1845505816490163825353e-18
8.1844994521781758201781e-18
8.1844495900946074595380e-18
8.1844009641486219202226e-18
8.1843535439989586209841e-18
8.1843073001682536571730e-18
8.1842622038195410232955e-18
8.1842182265788513539768e-18
8.1841753437323727281838e-18
8.1841335238297615987104e-18
8.1840927380376958195177e-18
8.1840529616833318513498e-18
8.1840141699461211949118e-18
8.1839763377928310552903e-18
8.1839394394097940610435e-18
8.1839034509816292027556e-18
8.1838683494717291255550e-18
8.1838341108438610406991e-18
8.1838007077185749912153e-18
8.1837681158596018598733e-18
8.1837363145465855246700e-18
8.1837052828507965695709e-18
8.1836749994914147698290e-18
8.1836454429825869395612e-18
8.1836165919427112511464e-18
8.1835884254096595818267e-18
8.1835609227859763326983e-18
8.1835340589282393233813e-18
8.1835078160352968635464e-18
8.1834821793496029022493e-18
8.1834571306978020688523e-18
8.1834326525256622993359e-18
8.1834087281377021214673e-18
8.1833853413941109113124e-18
8.1833624772412563112530e-18
8.1833401205007026217864e-18
8.1833182569520487349462e-18
8.1832968735089658349384e-18
8.1832759578835786830574e-18
8.1832554985381910280712e-18
8.1832354841299044177871e-18
8.1832159035112622300248e-18
8.1831967464058982527307e-18
8.1831780027178843392246e-18
8.1831596632519973925221e-18
8.1831417199688973792454e-18
8.1831241651557294509333e-18
8.1831069912525437300136e-18
8.1830901910714461078023e-18
8.1830737577857760589607e-18
8.1830576848765750335050e-18
8.1830419657066878496483e-18
8.1830265944412955774596e-18
8.1830115653100455548506e-18
8.1829968719754295659898e-18
8.1829825081431711296934e-18
8.1829684676928543942054e-18
8.1829547445217188927558e-18
8.1829413325277452564173e-18
8.1829282257014173018635e-18
8.1829154178649156797879e-18
8.1829029028980725982112e-18
8.1828906743371852076259e-18
8.1828787258580480755125e-18
8.1828670512739425154776e-18
8.1828556444040863275880e-18
8.1828444991242164224308e-18
8.1828336093499056455627e-18
8.1828229692607872453554e-18
8.1828125725864138866411e-18
8.1828024135444736527486e-18
8.1827924863756224971516e-18
8.1827827854683106965121e-18
8.1827733053880723932747e-18
8.1827640408269676235102e-18
8.1827549866337947651399e-18
8.1827461378067781671218e-18
8.1827374896363904918955e-18
8.1827290370099348495741e-18
8.1827207756769716753004e-18
8.1827127011549036457451e-18
8.1827048091281547045878e-18
8.1826970955170659692318e-18
8.1826895563707184997713e-18
8.1826821878738835949739e-18
8.1826749863347985297382e-18
8.1826679481787401120553e-18
8.1826610699245606933099e-18
8.1826543484143206474103e-18
8.1826477802709619058875e-18
8.1826413622498348543215e-18
8.1826350912832427808384e-18
8.1826289644006328799594e-18
8.1826229787218416310994e-18
8.1826171314474389561982e-18
8.1826114198590610204148e-18
8.1826058413088129952013e-18
8.1826003932215308704294e-18
8.1825950730999105910190e-18
8.1825898782258148114903e-18
8.1825848059750237749158e-18
8.1825798540310767072492e-18
8.1825750201274652942257e-18
8.1825703020050336517363e-18
8.1825656974531177301836e-18
8.1825612042297378590745e-18
8.1825568200784036413431e-18
8.1825525426728212750189e-18
8.1825483696291779047844e-18
8.1825442992837350666494e-18
8.1825403299244858699855e-18
8.1825364593481911103170e-18
8.1825326854268368660519e-18
8.1825290060861935055973e-18
8.1825254192441412475641e-18
8.1825219229968320899353e-18
8.1825185155906112922213e-18
8.1825151953433531520666e-18
8.1825119604472272900179e-18
8.1825088086789109041393e-18
8.1825057381133353259148e-18
8.1825027472427824465209e-18
8.1824998345296914874599e-18
8.1824969985200639186612e-18
8.1824942376447475475633e-18
8.1824915501385597874012e-18
8.1824889342013385413882e-18
8.1824863877125008960296e-18
8.1824839092448526438489e-18
8.1824814976536764926847e-18
8.1824791511660876767385e-18
8.1824768680952026763203e-18
8.1824746464318405288949e-18
8.1824724844151234863090e-18
8.1824703806012080619028e-18
8.1824683335505124667973e-18
8.1824663418088763928065e-18
8.1824644039341296012064e-18
8.1824625183075880627536e-18
8.1824606830014344217155e-18
8.1824588963157242718912e-18
8.1824571568124982277871e-18
8.1824554625168553391339e-18
8.1824538112798244850570e-18
8.1824522009057130249746e-18
8.1824506293197104668227e-18
8.1824490943833381560634e-18
8.1824475942093403623368e-18
8.1824461273817302496987e-18
8.1824446926847884222858e-18
8.1824432892383833844408e-18
8.1824419163419404003372e-18
8.1824405735672081467972e-18
8.1824392608316566738439e-18
8.1824379782694354761956e-18
8.1824367256925244874736e-18
8.1824355022685213782740e-18
8.1824343063324782006017e-18
8.1824331350442738285313e-18
8.1824319839804739658812e-18
8.1824308466756763225608e-18
8.1824297144857202847134e-18
8.1824285764503557837287e-18
8.1824274191242467954838e-18
8.1824262267961621976847e-18
8.1824249817785108332430e-18
8.1824236645350722656745e-18
8.1824222536980451109676e-18
8.1824207251212136546035e-18
8.1824190519619000225500e-18
8.1824172047017334097815e-18
8.1824151494062133821839e-18
8.1824128486707081763097e-18
8.1824102618762181959931e-18
8.1824073457681518570047e-18
8.1824040570091518913134e-18
8.1824003523590157224906e-18
8.1823961926095151720252e-18
8.1823915391724143476152e-18
8.1823863576261959767614e-18
8.1823806198717224378969e-18
8.1823742942833936403641e-18
8.1823673430584865604667e-18
8.1823597161863398137027e-18
8.1823513426076480382220e-18
8.1823421198871047615659e-18
8.1823319026792514012766e-18
8.1823204901916039362853e-18
8.1823076175563434668695e-18
8.1822929498192901022506e-18
8.1822760723282368021060e-18
8.1822565061973548579341e-18
8.1822337145835052997170e-18
8.1822071120282532917783e-18
8.1821760845010534196439e-18
8.1821400149242355702601e-18
8.1820982855904969094343e-18
8.1820502682667281074987e-18
8.1819953147601474925452e-18
8.1819326893378537916727e-18
8.1818615726060527138986e-18
8.1817810652179373977800e-18
8.1816900880755300784120e-18
8.1815872779839193621276e-18
8.1814710777759685683946e-18
8.1813400389551042323636e-18
8.1811930356530874472184e-18
8.1810288298869971413279e-18
8.1808465042160609964066e-18
8.1806455960336273816386e-18
8.1804263091332013352920e-18
8.1801890487314585067077e-18
8.1799338580747136035860e-18
8.1796605061003134904614e-18
8.1793682460262675293478e-18
8.1790553020339252816260e-18
8.1787185330285896690081e-18
8.1783532065333524020296e-18
8.1779526731594337832021e-18
8.1775098947181717120002e-18
8.1770167204150671346238e-18
8.1764649493191070242527e-18
8.1758474332049130512314e-18
8.1751579399940656601978e-18
8.1743911347194867521839e-18
8.1735423494997503720392e-18
8.1726050011630303916478e-18
8.1715729445431690725388e-18
8.1704388739407733518685e-18
8.1691934131175274300650e-18
8.1678231127045745916355e-18
8.1663117850844434199611e-18
8.1646427739326277687606e-18
8.1627994064899325044055e-18
8.1607679623421030184313e-18
8.1585380272829979349752e-18
8.1561009218882831228698e-18
8.1534520107383838254264e-18
8.1505924788521245896409e-18
8.1475276340880364042302e-18
8.1442589734070357514051e-18
8.1407877010936206797778e-18
8.1371077062317660694852e-18
8.1332026291197302196911e-18
8.1290421473144615157378e-18
8.1245760016553168124385e-18
8.1197390398506670330732e-18
8.1144600341824128005419e-18
8.1086609091866249599903e-18
8.1022458322732423161762e-18
8.0951272899514156147007e-18
8.0872259710221322080903e-18
8.0784686117969712952407e-18
8.0687860918615555531031e-18
8.0581036541391107673459e-18
8.0463370260697533965979e-18
8.0333866862460664897382e-18
8.0191211631321377822160e-18
8.0033634243001697264501e-18
7.9858765523928224871434e-18
7.9664130909001209072818e-18
7.9447252203686535541809e-18
7.9205517755721936184446e-18
7.8936243989878437690395e-18
7.8636765295017098828204e-18
7.8305416305855804343929e-18
7.7939736343458364653298e-18
7.7537081941429934001299e-18
7.7095675593223638187545e-18
7.6614070850941296117766e-18
7.6090690817327801614097e-18
7.5523692899257063708668e-18
7.4910966269189816334519e-18
7.4250248072884486818642e-18
7.3539261603175411337949e-18
7.2776390830960562054765e-18
7.1960067701127840183769e-18
7.1089287619187594009616e-18
7.0163895554245463777422e-18
6.9184851058183459158898e-18
6.8154143927215580790832e-18
6.7074541671579087118331e-18
6.5949258410387412121464e-18
6.4782083237524789467808e-18
6.3577071530484674303735e-18
6.2338227359523447666195e-18
6.1069530178776162724364e-18
5.9775020657943850454660e-18
5.8458871268873660480662e-18
5.7125057053186349463260e-18
5.5777135502127718848769e-18
