4.1044074541268491529422e+00
4.1044074541244555121011e+00
4.1044074541220618712600e+00
4.1044074541196700067758e+00
4.1044074541172852477189e+00
4.1044074541149049295541e+00
4.1044074541125326049951e+00
4.1044074541101664976850e+00
4.1044074541078083839807e+00
4.1044074541054573757037e+00
4.1044074541031125846757e+00
4.1044074541007695700046e+00
4.1044074540984274435118e+00
4.1044074540960817643054e+00
4.1044074540937280914932e+00
4.1044074540913646487184e+00
4.1044074540889816660183e+00
4.1044074540865755906793e+00
4.1044074540841366527388e+00
4.1044074540816586349479e+00
4.1044074540791317673438e+00
4.1044074540765471681425e+00
4.1044074540738924028460e+00
4.1044074540711621423839e+00
4.1044074540683359586524e+00
4.1044074540654049698674e+00
4.1044074540623549651741e+00
4.1044074540591726218963e+00
4.1044074540558384001088e+00
4.1044074540523380889567e+00
4.1044074540486530366934e+00
4.1044074540447637033935e+00
4.1044074540406487727751e+00
4.1044074540362851521991e+00
4.1044074540316506372051e+00
4.1044074540267194706189e+00
4.1044074540214641189095e+00
4.1044074540158543840107e+00
