8.0860338967952980482323e+00
8.0860338967952767319503e+00
8.0860338967952607447387e+00
8.0860338967952287703156e+00
8.0860338967951914668220e+00
8.0860338967951221889052e+00
8.0860338967950191602085e+00
8.0860338967948521826656e+00
8.0860338967945892818534e+00
8.0860338967941771670667e+00
8.0860338967935323495340e+00
8.0860338967925269315629e+00
8.0860338967909584084737e+00
8.0860338967885265759605e+00
8.0860338967847535940336e+00
8.0860338967789413544551e+00
8.0860338967700009504824e+00
8.0860338967563194501054e+00
8.0860338967354401518151e+00
8.0860338967037375113023e+00
8.0860338966558025219911e+00
8.0860338965836362490336e+00
8.0860338964755023027919e+00
8.0860338963142375234838e+00
8.0860338960749054137978e+00
8.0860338957214619171054e+00
8.0860338952021173497542e+00
8.0860338944428935548103e+00
8.0860338933387261306507e+00
8.0860338917412786230443e+00
8.0860338894423566813430e+00
8.0860338861515295150184e+00
8.0860338814659993289524e+00
8.0860338748305373712810e+00
8.0860338654843424421870e+00
8.0860338523912087538292e+00
8.0860338341482922430714e+00
8.0860338088677341517041e+00
