3.4350481940650235628709e+04
3.4350481939550489187241e+04
3.4350481936259267968126e+04
3.4350481930800247937441e+04
3.4350481923212471883744e+04
3.4350481913549869204871e+04
3.4350481901880455552600e+04
3.4350481888285365130287e+04
3.4350481872857810230926e+04
3.4350481855701676977333e+04
3.4350481836930288409349e+04
3.4350481816664963844232e+04
3.4350481795033345406409e+04
3.4350481772168095631059e+04
3.4350481748205165786203e+04
3.4350481723282347957138e+04
3.4350481697537950822152e+04
3.4350481671109228045680e+04
3.4350481644131235952955e+04
3.4350481616735625721049e+04
3.4350481589049588365015e+04
3.4350481561194974347018e+04
3.4350481533287405909505e+04
3.4350481505435760482214e+04
3.4350481477741523121949e+04
3.4350481450298517302144e+04
3.4350481423192453803495e+04
3.4350481396500937989913e+04
3.4350481370293258805759e+04
3.4350481344630446983501e+04
3.4350481319565275043715e+04
3.4350481295142417366151e+04
3.4350481271398428361863e+04
3.4350481248361931648105e+04
3.4350481226053590944503e+04
3.4350481204485993657727e+04
3.4350481183663665433414e+04
3.4350481163582371664234e+04
