7.8428301670600495398844e+00
7.8428301670594029459949e+00
7.8428301670589144478640e+00
7.8428301670581346272115e+00
7.8428301670569187109550e+00
7.8428301670550268909210e+00
7.8428301670520959021360e+00
7.8428301670475555340545e+00
7.8428301670405389245389e+00
7.8428301670297146941380e+00
7.8428301670130533551628e+00
7.8428301669874667112481e+00
7.8428301669482864966199e+00
7.8428301668884667918746e+00
7.8428301667974347211043e+00
7.8428301666594073537908e+00
7.8428301664509110224799e+00
7.8428301661372117337123e+00
7.8428301656671983721481e+00
7.8428301649660339123216e+00
7.8428301639247335330651e+00
7.8428301623854403956670e+00
7.8428301601208234572482e+00
7.8428301568053262471381e+00
7.8428301519754315407340e+00
7.8428301449750623675072e+00
7.8428301348810842696935e+00
7.8428301204023522785747e+00
7.8428300997439066577499e+00
7.8428300704255224928829e+00
7.8428300290410559725274e+00
7.8428299709414401874596e+00
7.8428298898202832845072e+00
7.8428297771757611300814e+00
7.8428296216172475041617e+00
7.8428294079780451752981e+00
7.8428291161883709747826e+00
7.8428287198541797309304e+00
