5.0416863427670854374217e-32
9.2816786286224282204183e-03
3.7103407686855251201852e-02
8.3395438193140422611371e-02
1.4804209101688300953548e-01
2.3088260194905671496279e-01
3.3171228763780857828891e-01
4.5028401571180737272826e-01
5.8630995832449972482436e-01
7.3946360473735506246840e-01
9.0938200549121606108827e-01
1.0956682182459716035083e+00
1.2978939235349786773810e+00
1.5156021774976653482270e+00
1.7483102681182953741512e+00
1.9955126415903101655402e+00
2.2566838661068131521859e+00
2.5312816015982746442603e+00
2.8187495456364084489564e+00
3.1185203278288367023663e+00
3.4300183274667137567349e+00
3.7526623918793959866491e+00
4.0858684358187042917621e+00
4.4290519051649965831530e+00
4.7816300912471971784612e+00
5.1430242850354943584534e+00
5.5126617633405761154108e+00
5.8899776018893819085065e+00
6.2744163127032601678934e+00
6.6654333055510672778610e+00
7.0624961753620185689329e+00
7.4650858193493450087885e+00
7.8726973892074605387847e+00
8.2848410851029168355808e+00
8.7010427992886452130961e+00
9.1208446180414686210725e+00
9.5438051912700743173446e+00
9.9694999795801724218336e+00
