forward 0
number of lines to read: 21
-6.0380252939484903643153e-03, 0
1.2775185076659447552805e-02, 1
2.6738439045466935034545e-02, 2
-1.7490645450916544878517e-01, 3
4.1679135414647666690868e-01, 4
-5.9458328202933119488449e-01, 5
5.3981464197578443720005e-01, 6
-2.9345355871628581168054e-01, 7
6.6837786463992202024009e-02, 8
1.6133656155781717078668e-02, 9
-1.0087824259985474564805e-02, 10
4.5222194866829115928245e-04, 11
-1.8793715143022226773950e-03, 12
9.8192850989388944828173e-04, 13
1.1584956976531332346197e-03, 14
-6.0603189949804856743315e-04, 15
-4.5731020511497312650701e-04, 16
4.2788337747568931960715e-04, 17
-9.7050281513986520623774e-05, 18
-6.4081049500591924202378e-06, 19
3.7244162432932436776110e-06, 20
forward 1
number of lines to read: 21
-1.4281226666577498222999e-03, -1
2.7357056932107619642847e-03, 0
3.8993823319902155485894e-04, 1
5.9181775108490455167276e-03, 2
-5.0479463687916295566716e-02, 3
1.3388654944494890464135e-01, 4
-2.0588637462367659347606e-01, 5
2.0423852489906246798768e-01, 6
-1.2506239805215801919047e-01, 7
3.2613815408142503293742e-02, 8
1.3863841344588978890529e-02, 9
-1.4623643683112115890244e-02, 10
3.2128344603705892221224e-03, 11
1.1804716402061255203088e-03, 12
-4.6006916762213862469311e-04, 13
-2.0101032641157195383734e-04, 14
9.0341256875844577951297e-05, 15
2.8434766002491419903181e-05, 16
-2.0702886367191553762404e-05, 17
3.1504152762337174393549e-06, 18
2.1188699396694278131686e-11, 19
forward 2
number of lines to read: 21
1.1698145088307510843211e-04, -2
-4.7847936767792659511905e-04, -1
5.5393270120195495578863e-03, 0
-3.2463324621654361668011e-02, 1
1.0585407292269249923677e-01, 2
-2.3016078390546890197754e-01, 3
3.5851607473375168844143e-01, 4
-4.0580317274380361958208e-01, 5
3.2610950799130022925709e-01, 6
-1.7064028508063722178179e-01, 7
3.9791072150759144998577e-02, 8
1.4287464433177868294855e-02, 9
-1.4103473847377033176254e-02, 10
2.9226013701077022295671e-03, 11
9.4748100670753732099882e-04, 12
-3.6032516867772981404225e-04, 13
-1.3923072608553661876941e-04, 14
6.1505640319496577834817e-05, 15
1.7260867246625591608358e-05, 16
-1.2302797952625450352633e-05, 17
1.7949911002901366054982e-06, 18
forward 3
number of lines to read: 21
1.6099949109839111448250e-03, -3
3.1400950187091547505247e-02, -2
-1.2640063871822182495208e+00, -1
4.1568987000969395140260e+00, 0
-7.6322321435904125763727e+00, 1
1.1094812064644463234231e+01, 2
-1.2650172852904113085515e+01, 3
1.0830078558363688046029e+01, 4
-6.9821771694095016158599e+00, 5
3.2619988324018498460077e+00, 6
-9.9886514283151595083865e-01, 7
1.4054704452447522311509e-01, 8
1.9342218819350685821146e-02, 9
-9.9081852941104320980914e-03, 10
8.3818258894241559359833e-04, 11
-2.6796419313897197654953e-04, 12
1.1426463710626944968347e-04, 13
5.5405136619601505151584e-05, 14
-2.3080081884484187997302e-05, 15
-3.0375462236025108364861e-06, 16
1.4528601712648239370360e-06, 17
forward 4
number of lines to read: 21
-7.6644051444415889004502e-04, -4
1.7873938780860437747222e-02, -3
-2.2759590760384104668468e-01, -2
3.1001039572886974760024e+00, -1
-4.9568734733897708011341e+00, 0
2.0012996409152345594906e-02, 1
5.1079939162787733053506e+00, 2
-6.0940666298314356552623e+00, 3
5.2950340694430968468964e+00, 4
-3.5105353259863001369467e+00, 5
1.7227252014483016573365e+00, 6
-5.7018035634460173533000e-01, 7
8.9388092390100148953991e-02, 8
1.6815336585829277621373e-02, 9
-1.1881170043277053741115e-02, 10
1.7949285506110820073017e-03, 11
2.4188773349077821663185e-04, 12
-7.8123203848253229596502e-05, 13
-7.6264327021171232561338e-06, 14
2.8153953328418467552837e-06, 15
2.0652156865752868824038e-10, 16
forward 5
number of lines to read: 21
-3.2791389617410003328238e-04, -5
5.2371248611166312456056e-03, -4
-3.8662636782410095270812e-02, -3
1.8073149384193906707985e-01, -2
-9.5452332967585895584506e-01, -1
2.4376522953710018093432e+00, 0
-4.0583850102085134992080e+00, 1
5.6139693424082519612739e+00, 2
-6.3324315960425598959205e+00, 3
5.5016786091394260793663e+00, 4
-3.6542739646356232618984e+00, 5
1.7892842775488058126854e+00, 6
-5.8851771146384002086904e-01, 7
9.1466485274735540023094e-02, 8
1.6913169617699251590093e-02, 9
-1.1816592145881460451662e-02, 10
1.7659664835428293648556e-03, 11
2.2986293808811278024939e-04, 12
-7.3941534206608801414046e-05, 13
-6.8701012531589193436054e-06, 14
2.5341882801883971383671e-06, 15
forward 6
number of lines to read: 21
1.2497614016106892067398e-03, -6
-2.0872169486069871296996e-02, -5
1.6364991359582023444652e-01, -4
-7.9975173845690061824598e-01, -3
2.7290618490080413849341e+00, -2
-7.0400793650374335896913e+00, -1
1.3569998057206163366573e+01, 0
-2.0045650297244762327864e+01, 1
2.3488018863831857885316e+01, 2
-2.1862377567617791385146e+01, 3
1.5913732562728954533782e+01, 4
-8.8836111116460827474839e+00, 5
3.6514626841293775783015e+00, 6
-1.0054789777494703706395e+00, 7
1.3151002873244427293642e-01, 8
1.8536480542455976983085e-02, 9
-1.0872849906823356391783e-02, 10
1.3698481173879646990987e-03, 11
9.1807407882161026898768e-05, 12
-2.7233310234619798002658e-05, 13
-1.4787440489052253135969e-08, 14
forward 7
number of lines to read: 21
-1.1664326862294931673458e-03, -7
2.0668181818071604261000e-02, -6
-1.7258422817880325617068e-01, -5
9.0197341984594581187906e-01, -4
-3.3042007439958442915895e+00, -3
9.0023593617273505174126e+00, -2
-1.8897062460891753232772e+01, -1
3.1225016123388268596273e+01, 0
-4.1078012776482715651127e+01, 1
4.3191481259348321941616e+01, 2
-3.6212778467493514256148e+01, 3
2.3977579469196772521400e+01, 4
-1.2278505337731921542854e+01, 5
4.6634808422100997304938e+00, 6
-1.1946176972705613295034e+00, 7
1.4665917837165445836156e-01, 8
1.9022364684248973393244e-02, 9
-1.0643452405467020496777e-02, 10
1.2865730961403320804087e-03, 11
7.5365963097039030465715e-05, 12
-2.2282610288457090275864e-05, 13
forward 8
number of lines to read: 21
6.2163035299677713366173e-03, -8
-1.1101299802555757156863e-01, -7
9.3524754712794966327039e-01, -6
-4.9378199308479562290586e+00, -5
1.8303672333413004480462e+01, -4
-5.0568458468555057550020e+01, -3
1.0786165981993437412712e+02, -2
-1.8150475123575407110366e+02, -1
2.4403467037111389004167e+02, 0
-2.6375834932489465245453e+02, 1
2.2925857510418995843793e+02, 2
-1.5935845396194883960561e+02, 3
8.7432231427144472490909e+01, 4
-3.6955042813932365675100e+01, 5
1.1500854773853964374553e+01, 6
-2.3888828786405613691102e+00, 7
2.3644658176775004698733e-01, 8
2.1795618106865262408878e-02, 9
-9.4395322315678747288059e-03, 10
8.5772355221655635030414e-04, 11
1.2677495718158425326349e-06, 12
forward 9
number of lines to read: 21
-5.3755087314773606493867e-03, -9
1.0137417718347592476835e-01, -8
-9.0476266621024747927038e-01, -7
5.0788234945129762110128e+00, -6
-2.0098548748076229486514e+01, -5
5.9558694166662853319849e+01, -4
-1.3700497957815761651545e+02, -3
2.5022590791957372857723e+02, -2
-3.6796859988109548567081e+02, -1
4.3909520154918891421403e+02, 0
-4.2632346491783397368636e+02, 1
3.3603877803002200153060e+02, 2
-2.1338264463996588915506e+02, 3
1.0752954641291806581194e+02, 4
-4.1873281086690397501116e+01, 5
1.1992705275746514459456e+01, 6
-2.2612792346744505778133e+00, 7
1.8231467646806948090799e-01, 8
2.7906072442067549749245e-02, 9
-9.0734665311743862431415e-03, 10
7.6047261047544221709837e-04, 11
central 0
number of lines to read: 21
6.1571537924306205327718e-03, -10
-1.1082876821700782254965e-01, -9
9.3588737523159470921286e-01, -8
-4.9134087111866548980288e+00, -7
1.7898845952914264501032e+01, -6
-4.7730255483083602996430e+01, -5
9.5460509031491554310378e+01, -4
-1.4319075480912940179223e+02, -3
1.5512327377776009029731e+02, -2
-1.0341516185810952777047e+02, -1
-7.1264075031226019243252e-04, 0
1.0341597888434920093914e+02, 1
-1.5512340634082352153200e+02, 2
1.4319078774892182082112e+02, 3
-9.5460517348431423556576e+01, 4
4.7730257300140742415806e+01, 5
-1.7898846263411577695024e+01, 6
4.9134087476138796901637e+00, 7
-9.3588737733092286497083e-01, 8
1.1082876815086598054627e-01, 9
-6.1571537788421603146216e-03, 10
backward 9
number of lines to read: 21
2.9179894700314245453709e-03, -11
-3.4815562200774669010528e-02, -10
1.0707768238250794934352e-01, -9
6.9955485798527305973948e-01, -8
-8.6766972011271068510041e+00, -7
4.6016916058062264482942e+01, -6
-1.6067100285415077109974e+02, -5
4.1259943177891460663886e+02, -4
-8.1876739612206802121364e+02, -3
1.2894142913935654632951e+03, -2
-1.6358525054751737570768e+03, -1
1.6848629719007785752183e+03, 0
-1.4119405842688852317224e+03, 1
9.6014398661374889343278e+02, 2
-5.2570070304061334809376e+02, 3
2.2853176549188643207344e+02, 4
-7.7119765640775426618347e+01, 5
1.9487848143374915110826e+01, 6
-3.4716448470937129044955e+00, 7
3.8898052675059263671997e-01, 8
-2.0626237691948368785377e-02, 9
backward 8
number of lines to read: 21
4.2091720782385355005442e-06, -12
2.8478091880521781871505e-03, -11
-3.1341084471265337474399e-02, -10
7.2365693162359537304873e-02, -9
7.8504859839255936027058e-01, -8
-7.9315543325875808022829e+00, -7
3.8185057564945246610932e+01, -6
-1.2269780797379766568156e+02, -5
2.9029138156445600316147e+02, -4
-5.2909835721516719786450e+02, -3
7.6117227567325926429476e+02, -2
-8.7568449156046767711814e+02, -1
8.1017058298837343954801e+02, 0
-6.0258630216292908698961e+02, 1
3.5811072065530646568732e+02, 2
-1.6789438583756938783154e+02, 3
6.0771110402612258383215e+01, 4
-1.6394396368999405666500e+01, 5
3.1051850223910855142151e+00, 6
-3.6858291397554887591781e-01, 7
2.0639249347143746177169e-02, 8
backward 7
number of lines to read: 21
-5.4235201915258416879590e-05, -13
1.8343837549266526890969e-04, -12
3.1313900332449852784156e-03, -11
-2.5904852624236363034527e-02, -10
4.6297586952528273218643e-02, -9
3.5693972561245512764572e-01, -8
-2.9074250397326375505713e+00, -7
1.1349692962977149690573e+01, -6
-2.9882494327747938456241e+01, -5
5.8355814890561276797598e+01, -4
-8.8141315658775710062400e+01, -3
1.0516128744149469298463e+02, -2
-1.0009070315618673419067e+02, -1
7.6157270344616037505148e+01, 0
-4.6112476626351707409412e+01, 1
2.1959465517406858481309e+01, 2
-8.0546495848765875535946e+00, 3
2.1978845670893294439452e+00, 4
-4.2044754705495740454424e-01, 5
5.0344101978045854850485e-02, 6
-2.8409387353905616972749e-03, 7
backward 6
number of lines to read: 21
-6.4107447979555486816687e-08, -14
-6.2929553246709356772656e-05, -13
2.1249990429764278919780e-04, -12
3.1757969628436275716377e-03, -11
-2.5211696044353641005253e-02, -10
4.2987698113765772378603e-02, -9
3.0502606156792444469517e-01, -8
-2.3322450825912666161344e+00, -7
8.4699887447249064820198e+00, -6
-2.0606905694923547400776e+01, -5
3.6914596331314371013832e+01, -4
-5.0713537206941019519491e+01, -3
5.4477082241841195298093e+01, -2
-4.6103633278292754482663e+01, -1
3.0702366623341635687439e+01, 0
-1.5937663717313601097203e+01, 1
6.3259406047800803563064e+00, 2
-1.8565527484391943779940e+00, 3
3.8000144759061904586872e-01, 4
-4.8467678334375048632143e-02, 5
2.9020464279310622529584e-03, 6
backward 5
number of lines to read: 21
6.5056065248113935820342e-06, -15
-2.7294236671693731057821e-05, -14
-1.0102380984140226991008e-04, -13
4.0603017333582121489027e-04, -12
3.4825816812729093983891e-03, -11
-2.3576443864751221030085e-02, -10
3.3989271581702444613438e-02, -9
1.8488386389710148582921e-01, -8
-1.1888486092756687106942e+00, -7
3.6032997865811031701355e+00, -6
-7.3172263296740212012992e+00, -5
1.0928241235794249774926e+01, -4
-1.2471666745537774545483e+01, -3
1.1054263624208243044222e+01, -2
-7.6364365659903663541286e+00, -1
4.0843189018078449592508e+00, 0
-1.6619576186082156699086e+00, 1
4.9813160941905931800022e-01, 2
-1.0381708647061678452150e-01, 3
1.3450846635517538577020e-02, 4
-8.1653991772212498791855e-04, 5
backward 4
number of lines to read: 21
1.1465576569954514417794e-09, -16
8.9549348311570638886143e-06, -15
-3.7502652147546686330851e-05, -14
-1.1144263820360001510882e-04, -13
4.6585121733549268371877e-04, -12
3.5776398354595536147049e-03, -11
-2.3200056853830360731328e-02, -10
3.1773961058788213751569e-02, -9
1.5690893078015324957342e-01, -8
-9.3909789775813934387116e-01, -7
2.6167291946294026772080e+00, -6
-4.8390480432018332379585e+00, -5
6.5121516366379017526356e+00, -4
-6.6120154407907314464410e+00, -3
5.1315769625875313764141e+00, -2
-3.0402577815827251939140e+00, -1
1.3556923021061160206102e+00, 0
-4.4149169216727396358735e-01, 1
9.9278288955587642994338e-02, 2
-1.3797945438075926924415e-02, 3
8.9407919328751716582515e-04, 4
backward 3
number of lines to read: 21
-1.5871787861250014617918e-06, -17
3.3196631738452684557620e-06, -16
4.2224535430439014127828e-05, -15
-1.6096188443819736809889e-04, -14
-9.6192611385469774286719e-05, -13
7.1528259298546869801583e-04, -12
3.9788838368821468141623e-03, -11
-2.2662719941337020057581e-02, -10
2.6995491851617710310496e-02, -9
1.0322755686713039335878e-01, -8
-5.2691113367758946051111e-01, -7
1.2311061170119341756646e+00, -6
-1.8964292432199603144483e+00, -5
2.1091245660620590030021e+00, -4
-1.7497763866395257270625e+00, -3
1.0913838977143073272202e+00, -2
-5.0708445573113647419916e-01, -1
1.7080146846578522779048e-01, 0
-3.9508681241946605466886e-02, 1
5.6246592941497025944231e-03, 2
-3.7210576935031751876978e-04, 3
backward 2
number of lines to read: 21
3.6208885413450060165603e-06, -18
-2.5459293820211662044651e-05, -17
3.6161623344973343671671e-05, -16
1.5977951721381783846236e-04, -15
-5.4834682804455448477954e-04, -14
7.7617161438976498108629e-05, -13
1.0277514808745464875567e-03, -12
4.4981414383918789934302e-03, -11
-2.2626265708165057416457e-02, -10
2.3651236545851637288473e-02, -9
6.9144710253675703559573e-02, -8
-3.0230641547701397886527e-01, -7
5.9064542631964556118618e-01, -6
-7.5288374957907244766631e-01, -5
6.8448162694690672935849e-01, -4
-4.5642028712656385058821e-01, -3
2.2324172689518895218441e-01, -2
-7.8338407275419505437775e-02, -1
1.8738882369403370847794e-02, 0
-2.7436366008977241918998e-03, 1
1.8588644851964616238650e-04, 2
backward 1
number of lines to read: 21
1.7191940922437711034811e-10, -19
6.3047857924053809621835e-06, -18
-4.2444851740853603203583e-05, -17
5.9023001902048363915589e-05, -16
2.3362376475220182777369e-04, -15
-7.8686105719560862827716e-04, -14
1.9495633201545414640334e-04, -13
1.1796839722340241377041e-03, -12
4.7543000743270986616085e-03, -11
-2.2695222029840818322999e-02, -10
2.2374596051093171428237e-02, -9
5.6719478321615009186463e-02, -8
-2.2709044588867474678828e-01, -7
3.9644238594796699093337e-01, -6
-4.4344789119586636161330e-01, -5
3.4623439822792073661262e-01, -4
-1.9266754352328185895260e-01, -3
7.5471966899508940995744e-02, -2
-1.9880542856042151406148e-02, -1
3.1726339119614371461764e-03, 0
-2.3240006036659411302325e-04, 1
backward 0
number of lines to read: 21
-2.2289344523126834741718e-06, -20
8.8084096200379665352834e-06, -19
2.8499139744169326739481e-05, -18
-2.0990730081488025615850e-04, -17
2.6330991913542113038935e-04, -16
6.6462798121157920950425e-04, -15
-2.0677007693490484507848e-03, -14
9.0429357222796620703609e-04, -13
1.5642455489495959812529e-03, -12
5.4530600598467265580083e-03, -11
-2.3229439328595696823143e-02, -10
2.0367459624926524675015e-02, -9
3.8563824026595396043948e-02, -8
-1.3289455950095177549919e-01, -7
1.9176107564120858928192e-01, -6
-1.7347775494970635312697e-01, -5
1.0667263943850074925379e-01, -4
-4.4978768647657832446818e-02, -3
1.2545301817821610801396e-02, -2
-2.0962864232781717836740e-03, -1
1.5950067501769245900504e-04, 0
