forward 0
number of lines to read: 21
-3.7912705330967213512849e+00, 0
-4.3773002522866846675242e+01, 1
3.2542618727551916890661e+02, 2
-9.6310070447941893689858e+02, 3
1.6980106322506860578869e+03, 4
-1.9667833539156415554316e+03, 5
1.4950563891723484175600e+03, 6
-6.7924435690186442116101e+02, 7
1.2755838083095096635589e+02, 8
8.1927875881941396585262e+00, 9
1.4406322681616053671405e+01, 10
-8.6087371878380025691513e+00, 11
-8.9574282289647086940931e+00, 12
4.1524537723670746913740e+00, 13
3.6855832131073942292687e+00, 14
-1.8669221555573498605440e+00, 15
-1.2339563432041198431932e+00, 16
1.1242656119783978052595e+00, 17
-2.4695654202878208893779e-01, 18
-1.5075199749655203429466e-02, 19
8.7616134633675193943425e-03, 20
forward 1
number of lines to read: 21
5.3323097827385907976350e+00, -1
-3.6663575759265427222999e+01, 0
1.2185287642901141680341e+02, 1
-2.6365875353856665697094e+02, 2
4.1218342238568413904432e+02, 3
-4.7797811699819129671596e+02, 4
4.0499430475839670862115e+02, 5
-2.3869502485035559402604e+02, 6
8.7126692218721075278154e+01, 7
-1.3473233210214759836276e+01, 8
-7.8774055119286845449977e-01, 9
-9.4802779881438292708395e-01, 10
5.2649395376884866593059e-01, 11
4.1789241534825782853346e-01, 12
-1.7838673194369342178689e-01, 13
-1.0931826958057339060915e-01, 14
5.0941504722813099603762e-02, 15
1.9567677007665314897755e-02, 16
-1.4686563014339130278652e-02, 17
2.3631107500778000818364e-03, 18
3.4990015822685394604801e-08, 19
forward 2
number of lines to read: 21
1.5668094933014398151272e-01, -2
3.2217105772507301786334e+00, -1
-2.3144507832190349461143e+01, 0
7.0259928555599913124752e+01, 1
-1.3304287402906876991437e+02, 2
1.8013254564644753941138e+02, 3
-1.8233420628322858192405e+02, 4
1.3666226747007954145374e+02, 5
-7.2147633468582341720321e+01, 6
2.3851152468179407151183e+01, 7
-3.3728719951722734293753e+00, 8
-1.8732879594181450766399e-01, 9
-1.9648318606924108919998e-01, 10
1.0531560446537707731451e-01, 11
7.5847716506732776320376e-02, 12
-3.1494950911951875849315e-02, 13
-1.7242406041141328243427e-02, 14
7.8811898379270318298895e-03, 15
2.7024508323668459258693e-03, 16
-1.9817304548817539153194e-03, 17
3.0564788584378817107648e-04, 18
forward 3
number of lines to read: 21
-1.6103477490830839236047e-02, -3
2.9428055873084080218405e-01, -2
5.7097018528860876696029e-01, -1
-5.6573395445816725413124e+00, 0
1.5466418537063194804659e+01, 1
-2.5579336231895062780950e+01, 2
2.9409192175293341620090e+01, 3
-2.4789327605901707585190e+01, 4
1.5476623859788393389181e+01, 5
-6.8292351234191812636709e+00, 6
1.8930095892680411928666e+00, 7
-2.2489713338028655131851e-01, 8
-1.1069866680164242023210e-02, 9
-8.5951907629369488084148e-03, 10
4.1586620249986156264144e-03, 11
2.2039585367287896702782e-03, 12
-8.3055479162926978964343e-04, 13
-2.7030416754460570441868e-04, 14
1.1097302256861887198060e-04, 15
1.2933839877129614959889e-05, 16
-6.1856557794405762635680e-06, 17
forward 4
number of lines to read: 21
7.4559081849347279280504e-03, -4
-1.4525527065829502149086e-01, -3
1.4178882115247302131422e+00, -2
-3.7349204081769409313551e+00, -1
1.4660299913160135254486e+00, 0
8.5309634674535175236088e+00, 1
-1.7977204982420889933792e+01, 2
1.9150952822724807589339e+01, 3
-1.3916965061072353648797e+01, 4
7.3773947901853524911076e+00, 5
-2.7520913048099178155326e+00, 6
6.4367617128590870478888e-01, 7
-6.4428064283310215731859e-02, 8
-2.7241616588588157127360e-03, 9
-1.6532892047469709573965e-03, 10
7.1079801747860797776074e-04, 11
2.6557833319258364193974e-04, 12
-9.0953527506208739039466e-05, 13
-1.4753202579549388727431e-05, 14
5.4708725907011301366331e-06, 15
2.3575989640978466805401e-09, 16
forward 5
number of lines to read: 21
-1.6809438243486846467634e-03, -5
3.3430861516797992505357e-02, -4
-3.3332725659072592883092e-01, -3
2.2736732146355898009915e+00, -2
-6.1031656684333039919466e+00, -1
6.6167183715115225339787e+00, 0
-3.6270845362928416655279e-01, 1
-6.4766334736647177550140e+00, 2
7.9077883869514860037953e+00, 3
-5.5318259299800507378109e+00, 4
2.7425712720239840969327e+00, 5
-9.5178857118015391947097e-01, 6
2.0735657377729366235286e-01, 7
-1.9418251600773647064235e-02, 8
-7.6627825118460155852385e-04, 9
-4.3648404405496557144015e-04, 10
1.8108046715867721476040e-04, 11
6.1054570967232968045635e-05, 12
-2.0561885200392239898782e-05, 13
-2.9081873406090825287854e-06, 14
1.0744013109029745231841e-06, 15
forward 6
number of lines to read: 21
5.2258450927204227152989e-04, -6
-1.0249964784908596748814e-02, -5
9.9254785159172756459078e-02, -4
-6.4768100524476390766893e-01, -3
3.3179886391501911546698e+00, -2
-8.6584548502154543569986e+00, -1
1.1351028116462479999882e+01, 0
-7.1374236691704080470799e+00, 1
1.0967179657776822132575e+00, 2
1.3042423896300947561144e+00, 3
-1.1016918877124717290883e+00, 4
5.1810404466983694948823e-01, 5
-1.6000003312553318091105e-01, 6
3.0147896520874011005997e-02, 7
-2.4067265846220687285084e-03, 8
-7.6949418572810592475628e-05, 9
-3.5857325011839888992231e-05, 10
1.2954903747544240248581e-05, 11
2.4884146224010557709057e-06, 12
-7.4858257460453251348038e-07, 13
-1.7646836899553205092275e-09, 14
forward 7
number of lines to read: 21
-1.3923437282722261497045e-04, -7
2.8406774184712331454694e-03, -6
-2.8362792065353130410710e-02, -5
1.8742130152922351071787e-01, -4
-9.4688772329560166873819e-01, -3
4.0684791936733155637285e+00, -2
-1.0099450592548707916762e+01, -1
1.3506800951413824307679e+01, 0
-9.6733450879498068530893e+00, 1
3.4498566994558599319021e+00, 2
-4.0853871294031895988752e-01, 3
-1.3938142615825882542069e-01, 4
1.1298861584526548318408e-01, 5
-3.9237059485387228152664e-02, 6
7.5783010007933106905176e-03, 7
-5.9900525051374657603542e-04, 8
-1.8969746253294484349128e-05, 9
-8.4836378729941233156966e-06, 10
3.0177984961043402522532e-06, 11
5.2646313611608359994481e-07, 12
-1.5781725750958314280365e-07, 13
forward 8
number of lines to read: 21
4.4025364805580268010975e-05, -8
-9.1718888862118898991360e-04, -7
9.3178400259815007816711e-03, -6
-6.2110265110227519391728e-02, -5
3.1065739781678941566767e-01, -4
-1.2815914051161432229975e+00, -3
4.7685013766411152857927e+00, -2
-1.1250710403924260916142e+01, -1
1.5013434411889011954599e+01, 0
-1.1250074068690011586114e+01, 1
4.7675331421229252271132e+00, 2
-1.2806760768156573160326e+00, 3
3.1002656741034140264190e-01, 4
-6.1781388733466099938418e-02, 5
9.1885040295925854425541e-03, 6
-8.8008568892732671334889e-04, 7
3.6915416353257685360811e-05, 8
6.7187963387878524507482e-07, 9
4.3162176869042558559549e-08, 10
-1.9540771613906490378152e-08, 11
1.6602395102251702840137e-09, 12
forward 9
number of lines to read: 21
-7.0397519927839301002960e-06, -9
1.6864391648806475185532e-04, -8
-1.9566824457304056623930e-03, -7
1.4744267256459865633733e-02, -6
-8.1964790013084182218606e-02, -5
3.6468524107106381482168e-01, -4
-1.3947900201290517330222e+00, -3
4.9549473572479190153217e+00, -2
-1.1494921990052347382516e+01, -1
1.5268913455287359326462e+01, 0
-1.1462987816135008500851e+01, 1
4.9073782495931910219156e+00, 2
-1.3514275693961301794133e+00, 3
3.3634632900161420820950e-01, 4
-6.8222373972322378210542e-02, 5
9.8326410144951373326627e-03, 6
-7.1297733227931587955684e-04, 7
-3.3975540055190670864216e-05, 8
8.6741152315436439280234e-06, 9
5.2256089674971384765917e-07, 10
-1.4690036966986749666381e-07, 11
central 0
number of lines to read: 21
-1.1893766207920241871745e-06, -10
1.3330639500405066860070e-05, -9
7.4411392977632710601758e-06, -8
-1.1823331663867110881416e-03, -7
1.2267827934885556367961e-02, -6
-7.6627192251085274321554e-02, -5
3.5775016089322886347901e-01, -4
-1.3935953756520491619852e+00, -3
4.9733192348015755612778e+00, -2
-1.1546028402758098607706e+01, -1
1.5353737458088675182921e+01, 0
-1.1565320181311692593340e+01, 1
5.0022569030451720095698e+00, 2
-1.4203070713715739703531e+00, 3
3.7555795888049692266009e-01, 4
-8.5531091469055561815615e-02, 5
1.5606790190154533337630e-02, 6
-2.0989110486795184949693e-03, 7
1.8202740363799967604139e-04, 8
-7.3440497838613750893381e-06, 9
-4.0782768213708954486789e-08, 10
backward 9
number of lines to read: 21
1.9327710840228314320840e-08, -11
-1.4607651273280277781468e-06, -10
1.4773973273261418353349e-05, -9
5.8757584396702735186208e-06, -8
-1.2072598379643611175849e-03, -7
1.2454071922918891202059e-02, -6
-7.7375271141392087947963e-02, -5
3.5985077495100714628506e-01, -4
-1.3980701513712334715933e+00, -3
4.9808323631456472568857e+00, -2
-1.1556178644609884642591e+01, -1
1.5364897254119959768559e+01, 0
-1.1575357278412356620834e+01, 1
5.0096440206790440186069e+00, 2
-1.4247375645446958003504e+00, 3
3.7770396612711260031503e-01, 4
-8.6358052800875537147185e-02, 5
1.5854426133548205068990e-02, 6
-2.1544506148189128229287e-03, 7
1.9080285051005231285529e-04, 8
-8.2147603419390187402599e-06, 9
backward 8
number of lines to read: 21
1.6763764905024241616811e-09, -12
-8.6228154250952746602147e-09, -11
-7.6993525280013440675326e-08, -10
9.4931570863132962955465e-07, -9
3.9925137004763431593755e-05, -8
-9.1049363315447769812172e-04, -7
9.3348970670426249102158e-03, -6
-6.2251780997620090318811e-02, -5
3.1113945095139605712120e-01, -4
-1.2827043802869217969942e+00, -3
4.7704507196891317022391e+00, -2
-1.1253428383399066703419e+01, -1
1.5016535636547878596048e+01, 0
-1.1253017732920369553540e+01, 1
4.7698737259929071541364e+00, 2
-1.2822349323123594100338e+00, 3
3.1089034746117988339265e-01, 4
-6.2173111121852940585963e-02, 5
9.3297436715820570435342e-03, 6
-9.1860186301885333060718e-04, 7
4.4104486856482473251372e-05, 8
backward 7
number of lines to read: 21
-1.1589645095384706975049e-07, -13
3.8467538542658063068920e-07, -12
5.9736761801936661089754e-07, -11
1.1539815398957395609298e-05, -10
-5.4756220291070198033772e-05, -9
-8.7491056422554205809078e-04, -8
9.8256838602593550568987e-03, -7
-4.8010211044420741943739e-02, -6
1.3608739845166289983425e-01, -5
-1.8448899840232169111687e-01, -4
-3.4041313160174557772564e-01, -3
3.3686057439431844606759e+00, -2
-9.5960441697240703717853e+00, -1
1.3448005697800109459195e+01, 0
-1.0063876009672050315658e+01, 1
4.0515443735843490458137e+00, 2
-9.4066972180959607108264e-01, 3
1.8572387334073325870776e-01, 4
-2.8038012308013039730614e-02, 5
2.8017838140501258835380e-03, 6
-1.3703942008444047317289e-04, 7
backward 6
number of lines to read: 21
-3.0923748494900762793418e-09, -14
-5.3528911494713962846619e-07, -13
1.7865271763874092294383e-06, -12
2.7394412235299200253293e-06, -11
4.4975867557310478142378e-05, -10
-2.1441656120558763186021e-04, -9
-3.3790893156095532998129e-03, -8
3.7570853718815785948770e-02, -7
-1.8691957616714938161806e-01, -6
5.8351742267396367047638e-01, -5
-1.2187570453244380708213e+00, -4
1.4650045601719836607657e+00, -3
9.2373285682493233572643e-01, -2
-6.9918497685991809476036e+00, -1
1.1255380573853202008650e+01, 0
-8.6083223185126005461143e+00, 1
3.2974242085810754332442e+00, 2
-6.4168981579887396371475e-01, 3
9.8033968108599808810588e-02, 4
-1.0094680810771120352265e-02, 5
5.1330370738476263810235e-04, 6
backward 5
number of lines to read: 21
1.1506886711854203154260e-06, -15
-4.8194613164910216583908e-06, -14
-7.2732664785500691724996e-06, -13
3.6017476629630868585272e-05, -12
5.7002437093743910621890e-05, -11
3.3421348904917884577170e-04, -10
-1.8060264179410089133843e-03, -9
-2.4629416285713252865452e-02, -8
2.3981077762134650477321e-01, -7
-1.0477223051618116400618e+00, -6
2.9341489019959352546607e+00, -5
-5.8151316185266788139074e+00, -4
8.2290913424331080250340e+00, -3
-6.7567417098395932129051e+00, -2
-1.8790807608298440434247e-01, -1
6.5472744433355867244018e+00, 0
-6.0832859182392873265144e+00, 1
2.2666219669544842574282e+00, 2
-3.3167213148847518588980e-01, 3
3.3199794332786677908409e-02, 4
-1.6663159938041646399021e-03, 5
backward 4
number of lines to read: 21
2.3397843994661017704394e-09, -16
6.1490418950975036052088e-06, -15
-2.5651812076741337587029e-05, -14
-2.8535007586111870770719e-05, -13
1.5809449969349454378706e-04, -12
2.5098795966520503738020e-04, -11
1.1023078375258512588003e-03, -10
-6.3268186965583280562120e-03, -9
-8.1717964515550203796757e-02, -8
7.4947796719080483907049e-01, -7
-3.0610205170667237339899e+00, -6
7.9913763865050251311573e+00, -5
-1.4827061800165504124038e+01, -4
2.0186903171767749398668e+01, -3
-1.8843190022529174854071e+01, -2
9.1915307645166635097667e+00, -1
9.7895617033949944296722e-01, 0
-3.5926766422768992015335e+00, 1
1.4526805383758825129803e+00, 2
-1.4796974143277638602534e-01, 3
7.5751531287798681141288e-03, 4
backward 3
number of lines to read: 21
-1.3447491493088327698074e-05, -17
2.8118721099461762777394e-05, -16
2.8802823216283405648869e-04, -15
-1.0716694318365018075145e-03, -14
1.0067199018847037411684e-04, -13
2.2714205670581947942022e-03, -12
3.6505579029817106923028e-03, -11
5.6549351933404675904504e-03, -10
-4.6812758011634293675574e-02, -9
-5.3653743752588278770332e-01, -8
4.2417612892565843552006e+00, -7
-1.4800816129997908632276e+01, -6
3.2922935218611527830035e+01, -5
-5.2132039410792017974927e+01, -4
6.1382588809361784853991e+01, -3
-5.3074029263955075919057e+01, -2
3.0654032059770251805730e+01, -1
-9.0601204266638148965285e+00, 0
-1.8684538525793678576115e-01, 1
6.5919312580967759362949e-01, 2
-3.4218306289058988967078e-02, 3
backward 2
number of lines to read: 21
3.3297165281710012184335e-04, -18
-2.2086925282933812103581e-03, -17
3.0482176927144641158385e-03, -16
1.1098213670200354416528e-02, -15
-3.6695026373183149692725e-02, -14
1.6083966331599773569305e-02, -13
3.1005605802023564199210e-02, -12
5.1400732991473629951429e-02, -11
9.0072135493099916153659e-03, -10
-3.5434562018914145253845e-01, -9
-3.6707465250443305215811e+00, -8
2.4896085057514149241342e+01, -7
-7.3696651323083926854451e+01, -6
1.3808171843523172128698e+02, -5
-1.8314013557653478869724e+02, -4
1.8031773783269343880420e+02, -3
-1.3290712279783457461235e+02, -2
7.0080896162498845569644e+01, -1
-2.3043575059469564081382e+01, 0
3.1940147398748255369583e+00, 1
1.5905147155471258124670e-01, 2
backward 1
number of lines to read: 21
1.4710074321133692620833e-07, -19
2.6294155728693409043717e-03, -18
-1.6742177819121396159519e-02, -17
2.2609277185864272430305e-02, -16
7.4282142678661733370404e-02, -15
-2.4077681507751275136187e-01, -14
1.1648379528789876147243e-01, -13
1.6100478754125413516363e-01, -12
2.7057974313786670172988e-01, -11
-4.9994421196144930852334e-02, -10
-1.4466874776599092378149e+00, -9
-1.4302244574610700311723e+01, -8
8.9253711422758527760379e+01, -7
-2.3986411261329891431160e+02, -6
4.0284673415418541253530e+02, -5
-4.7255724879937145033182e+02, -4
4.0599455409852151888117e+02, -3
-2.5934451463189350306493e+02, -2
1.2009965448612319960375e+02, -1
-3.6362645602361212127107e+01, 0
5.3427236431946685257799e+00, 1
backward 0
number of lines to read: 21
5.1241728300549210795012e-02, -20
-2.0249540973092391982213e-01, -19
-5.0760409730868016886518e-01, -18
3.8331087277128612633703e+00, -17
-4.6738117872234168359569e+00, -16
-9.8342196294939014933334e+00, -15
2.9204880730020519763457e+01, -14
-1.6190710040177428652441e+01, -13
-8.6798114301468807241235e+00, -12
-1.5793450013894023697958e+01, -11
1.2231307825388485710505e+01, -10
4.4696051032341358677513e+01, -9
4.0308423586000071736635e+02, -8
-2.0762473968315998718026e+03, -7
4.4656237954501812055241e+03, -6
-5.8035880887727480512694e+03, -5
5.0348090954091439925833e+03, -4
-2.9892726724513254339399e+03, -3
1.1872978849763221660396e+03, -2
-2.8874863542244770542311e+02, -1
3.2907294146683234714601e+01, 0
