3.5450849471961198844383e+00
3.5450849471961176639923e+00
3.5450849471961234371520e+00
3.5450849471961229930628e+00
3.5450849471961229930628e+00
3.5450849471961243253304e+00
3.5450849471961167758138e+00
3.5450849471961118908325e+00
3.5450849471961167758138e+00
3.5450849471961176639923e+00
3.5450849471961158876354e+00
3.5450849471961123349217e+00
3.5450849471961118908325e+00
3.5450849471961132231002e+00
3.5450849471961074499404e+00
3.5450849471961030090483e+00
3.5450849471960976799778e+00
3.5450849471961052294944e+00
3.5450849471961030090483e+00
3.5450849471961030090483e+00
3.5450849471961016767807e+00
3.5450849471960910186397e+00
3.5450849471961034531375e+00
3.5450849471961007886023e+00
3.5450849471960950154426e+00
3.5450849471960936831749e+00
3.5450849471960976799778e+00
3.5450849471960892422828e+00
3.5450849471960896863720e+00
3.5450849471960967917994e+00
3.5450849471960999004239e+00
3.5450849471960950154426e+00
3.5450849471960990122454e+00
3.5450849471960954595318e+00
3.5450849471960932390857e+00
3.5450849471960967917994e+00
3.5450849471960950154426e+00
3.5450849471960950154426e+00
3.5450849471960914627289e+00
3.5450849471960914627289e+00
3.5450849471960941272641e+00
3.5450849471961030090483e+00
3.5450849471960959036210e+00
3.5450849471960941272641e+00
3.5450849471960950154426e+00
3.5450849471960967917994e+00
3.5450849471960972358886e+00
3.5450849471960985681562e+00
3.5450849471960990122454e+00
3.5450849471960932390857e+00
3.5450849471960950154426e+00
3.5450849471961034531375e+00
3.5450849471960985681562e+00
3.5450849471960972358886e+00
3.5450849471960950154426e+00
3.5450849471960959036210e+00
3.5450849471960954595318e+00
3.5450849471960985681562e+00
3.5450849471960963477102e+00
3.5450849471960879100152e+00
3.5450849471960976799778e+00
