1.2566370614326904942004e+01
1.2566370614326977772635e+01
1.2566370614326938692784e+01
1.2566370614326919152859e+01
1.2566370614326924481929e+01
1.2566370614326922705573e+01
1.2566370614326888954793e+01
1.2566370614326906718361e+01
1.2566370614326949350925e+01
1.2566370614326871191224e+01
1.2566370614326846322228e+01
1.2566370614326913823788e+01
1.2566370614326837440444e+01
1.2566370614326951127282e+01
1.2566370614326947574568e+01
1.2566370614326872967581e+01
1.2566370614326912047432e+01
1.2566370614326935140070e+01
1.2566370614326899612934e+01
1.2566370614326899612934e+01
1.2566370614326901389290e+01
1.2566370614326904942004e+01
1.2566370614326865862154e+01
1.2566370614326922705573e+01
1.2566370614326935140070e+01
1.2566370614326926258286e+01
1.2566370614326912047432e+01
1.2566370614326935140070e+01
1.2566370614326919152859e+01
1.2566370614326872967581e+01
1.2566370614326931587357e+01
1.2566370614326871191224e+01
1.2566370614326956456352e+01
1.2566370614326931587357e+01
1.2566370614326913823788e+01
1.2566370614326888954793e+01
1.2566370614326897836577e+01
1.2566370614326949350925e+01
1.2566370614326926258286e+01
1.2566370614326892507506e+01
1.2566370614326888954793e+01
1.2566370614326906718361e+01
1.2566370614326913823788e+01
1.2566370614326896060220e+01
1.2566370614326897836577e+01
1.2566370614326906718361e+01
1.2566370614326899612934e+01
1.2566370614326938692784e+01
1.2566370614326929811000e+01
1.2566370614326887178436e+01
1.2566370614326865862154e+01
1.2566370614326949350925e+01
1.2566370614326860533083e+01
1.2566370614326897836577e+01
1.2566370614326899612934e+01
1.2566370614326906718361e+01
1.2566370614326899612934e+01
1.2566370614326897836577e+01
1.2566370614326958232709e+01
1.2566370614326844545872e+01
1.2566370614326926258286e+01
1.2566370614326924481929e+01
1.2566370614326960009066e+01
1.2566370614326924481929e+01
1.2566370614326912047432e+01
1.2566370614326901389290e+01
1.2566370614326910271075e+01
1.2566370614327023957912e+01
1.2566370614326899612934e+01
1.2566370614326883625722e+01
1.2566370614326878296652e+01
1.2566370614326896060220e+01
1.2566370614326906718361e+01
1.2566370614326872967581e+01
1.2566370614326887178436e+01
1.2566370614326872967581e+01
1.2566370614326897836577e+01
1.2566370614326858756726e+01
1.2566370614326897836577e+01
1.2566370614326974219921e+01
1.2566370614326885402079e+01
1.2566370614326897836577e+01
1.2566370614326981325348e+01
1.2566370614326887178436e+01
1.2566370614326888954793e+01
1.2566370614326888954793e+01
1.2566370614326906718361e+01
1.2566370614326878296652e+01
1.2566370614326899612934e+01
1.2566370614326878296652e+01
1.2566370614326899612934e+01
1.2566370614326926258286e+01
1.2566370614326970667207e+01
1.2566370614326974219921e+01
1.2566370614326867638511e+01
1.2566370614326940469141e+01
1.2566370614326897836577e+01
1.2566370614326872967581e+01
1.2566370614326874743938e+01
1.2566370614326935140070e+01
1.2566370614326874743938e+01
1.2566370614326849874942e+01
1.2566370614326897836577e+01
1.2566370614326899612934e+01
1.2566370614326949350925e+01
1.2566370614326951127282e+01
1.2566370614326956456352e+01
1.2566370614326887178436e+01
1.2566370614326904942004e+01
1.2566370614326858756726e+01
1.2566370614326922705573e+01
1.2566370614326888954793e+01
1.2566370614326906718361e+01
1.2566370614326821453233e+01
1.2566370614326949350925e+01
1.2566370614326833887731e+01
1.2566370614326924481929e+01
1.2566370614326865862154e+01
1.2566370614326840993158e+01
1.2566370614326983101705e+01
1.2566370614326970667207e+01
1.2566370614326931587357e+01
1.2566370614326956456352e+01
1.2566370614326931587357e+01
1.2566370614326858756726e+01
1.2566370614326913823788e+01
1.2566370614326935140070e+01
1.2566370614326935140070e+01
1.2566370614326947574568e+01
1.2566370614326935140070e+01
1.2566370614326904942004e+01
1.2566370614326878296652e+01
1.2566370614326867638511e+01
1.2566370614326931587357e+01
1.2566370614326885402079e+01
1.2566370614326949350925e+01
1.2566370614326931587357e+01
1.2566370614326917376502e+01
1.2566370614326944021855e+01
1.2566370614326917376502e+01
1.2566370614326887178436e+01
1.2566370614326892507506e+01
1.2566370614326896060220e+01
1.2566370614326858756726e+01
1.2566370614326931587357e+01
1.2566370614326855204013e+01
1.2566370614326935140070e+01
1.2566370614326867638511e+01
1.2566370614326906718361e+01
1.2566370614326912047432e+01
1.2566370614326880073008e+01
1.2566370614326896060220e+01
1.2566370614326901389290e+01
1.2566370614326885402079e+01
1.2566370614326860533083e+01
1.2566370614326874743938e+01
1.2566370614326924481929e+01
1.2566370614326885402079e+01
1.2566370614326887178436e+01
1.2566370614326931587357e+01
1.2566370614326917376502e+01
1.2566370614326944021855e+01
1.2566370614326940469141e+01
1.2566370614326940469141e+01
1.2566370614326899612934e+01
1.2566370614326970667207e+01
1.2566370614326913823788e+01
1.2566370614326887178436e+01
1.2566370614326899612934e+01
1.2566370614326931587357e+01
1.2566370614326935140070e+01
1.2566370614326958232709e+01
1.2566370614326977772635e+01
1.2566370614326935140070e+01
1.2566370614326865862154e+01
1.2566370614326865862154e+01
1.2566370614326917376502e+01
1.2566370614326944021855e+01
1.2566370614326906718361e+01
1.2566370614326956456352e+01
1.2566370614326906718361e+01
1.2566370614326944021855e+01
1.2566370614326947574568e+01
1.2566370614326974219921e+01
1.2566370614326897836577e+01
1.2566370614326951127282e+01
1.2566370614326924481929e+01
1.2566370614326849874942e+01
1.2566370614326846322228e+01
1.2566370614326888954793e+01
1.2566370614326931587357e+01
1.2566370614326901389290e+01
1.2566370614326901389290e+01
1.2566370614326887178436e+01
1.2566370614326931587357e+01
1.2566370614326904942004e+01
1.2566370614326862309440e+01
1.2566370614326896060220e+01
1.2566370614326935140070e+01
1.2566370614326913823788e+01
1.2566370614326981325348e+01
1.2566370614326874743938e+01
1.2566370614326958232709e+01
1.2566370614326952903639e+01
1.2566370614326871191224e+01
1.2566370614326867638511e+01
1.2566370614326899612934e+01
1.2566370614326883625722e+01
1.2566370614326904942004e+01
1.2566370614326951127282e+01
1.2566370614326825005946e+01
1.2566370614326833887731e+01
1.2566370614326846322228e+01
1.2566370614326947574568e+01
1.2566370614326878296652e+01
1.2566370614326931587357e+01
1.2566370614326878296652e+01
1.2566370614326892507506e+01
1.2566370614326960009066e+01
1.2566370614326874743938e+01
1.2566370614326892507506e+01
1.2566370614326947574568e+01
1.2566370614326904942004e+01
1.2566370614326904942004e+01
1.2566370614326917376502e+01
1.2566370614326919152859e+01
1.2566370614326862309440e+01
1.2566370614326899612934e+01
1.2566370614326906718361e+01
1.2566370614326896060220e+01
1.2566370614326906718361e+01
1.2566370614326929811000e+01
1.2566370614326880073008e+01
1.2566370614326904942004e+01
1.2566370614326924481929e+01
1.2566370614326816124162e+01
1.2566370614326924481929e+01
1.2566370614326912047432e+01
1.2566370614326917376502e+01
1.2566370614326919152859e+01
1.2566370614326968890850e+01
1.2566370614326944021855e+01
1.2566370614326899612934e+01
1.2566370614326912047432e+01
1.2566370614326846322228e+01
1.2566370614326949350925e+01
1.2566370614326853427656e+01
1.2566370614326865862154e+01
1.2566370614326906718361e+01
1.2566370614326867638511e+01
1.2566370614326913823788e+01
1.2566370614326938692784e+01
1.2566370614326883625722e+01
1.2566370614326904942004e+01
1.2566370614326867638511e+01
1.2566370614326904942004e+01
1.2566370614326913823788e+01
1.2566370614326892507506e+01
1.2566370614326865862154e+01
1.2566370614326949350925e+01
1.2566370614326924481929e+01
1.2566370614326880073008e+01
1.2566370614326871191224e+01
1.2566370614326901389290e+01
1.2566370614326910271075e+01
1.2566370614326904942004e+01
1.2566370614326888954793e+01
1.2566370614326896060220e+01
1.2566370614326901389290e+01
1.2566370614326896060220e+01
1.2566370614326944021855e+01
1.2566370614326897836577e+01
1.2566370614326880073008e+01
1.2566370614326974219921e+01
1.2566370614326892507506e+01
1.2566370614326853427656e+01
1.2566370614326860533083e+01
1.2566370614326910271075e+01
1.2566370614326887178436e+01
1.2566370614326887178436e+01
1.2566370614326938692784e+01
1.2566370614326917376502e+01
1.2566370614326919152859e+01
1.2566370614326935140070e+01
1.2566370614326912047432e+01
1.2566370614326904942004e+01
1.2566370614326940469141e+01
1.2566370614326878296652e+01
1.2566370614326917376502e+01
1.2566370614326926258286e+01
1.2566370614326855204013e+01
1.2566370614326904942004e+01
1.2566370614326906718361e+01
1.2566370614326935140070e+01
1.2566370614326878296652e+01
1.2566370614326940469141e+01
1.2566370614326888954793e+01
1.2566370614326888954793e+01
1.2566370614326947574568e+01
1.2566370614326935140070e+01
1.2566370614326924481929e+01
1.2566370614326901389290e+01
1.2566370614326974219921e+01
1.2566370614326919152859e+01
1.2566370614326871191224e+01
1.2566370614326892507506e+01
1.2566370614326888954793e+01
1.2566370614326917376502e+01
1.2566370614326912047432e+01
1.2566370614326922705573e+01
1.2566370614326947574568e+01
1.2566370614326912047432e+01
1.2566370614326931587357e+01
1.2566370614326853427656e+01
1.2566370614326940469141e+01
1.2566370614326906718361e+01
1.2566370614326924481929e+01
1.2566370614326931587357e+01
1.2566370614326910271075e+01
1.2566370614326906718361e+01
1.2566370614326896060220e+01
1.2566370614326906718361e+01
1.2566370614326874743938e+01
1.2566370614326896060220e+01
1.2566370614326968890850e+01
1.2566370614326935140070e+01
1.2566370614326904942004e+01
1.2566370614326885402079e+01
1.2566370614326837440444e+01
1.2566370614326849874942e+01
1.2566370614326924481929e+01
1.2566370614326922705573e+01
1.2566370614326949350925e+01
1.2566370614326935140070e+01
1.2566370614326906718361e+01
1.2566370614326897836577e+01
1.2566370614326858756726e+01
1.2566370614326867638511e+01
1.2566370614326931587357e+01
1.2566370614326860533083e+01
1.2566370614326912047432e+01
1.2566370614326888954793e+01
1.2566370614326887178436e+01
1.2566370614326897836577e+01
1.2566370614326885402079e+01
1.2566370614326897836577e+01
1.2566370614326906718361e+01
1.2566370614326917376502e+01
1.2566370614326888954793e+01
1.2566370614326871191224e+01
1.2566370614326862309440e+01
1.2566370614326874743938e+01
1.2566370614326913823788e+01
1.2566370614326883625722e+01
1.2566370614326912047432e+01
1.2566370614326926258286e+01
1.2566370614326912047432e+01
1.2566370614326919152859e+01
1.2566370614326929811000e+01
1.2566370614326883625722e+01
1.2566370614326885402079e+01
1.2566370614326963561780e+01
1.2566370614326872967581e+01
1.2566370614326899612934e+01
1.2566370614326958232709e+01
1.2566370614326910271075e+01
1.2566370614326926258286e+01
1.2566370614326874743938e+01
1.2566370614326947574568e+01
1.2566370614326906718361e+01
1.2566370614326912047432e+01
1.2566370614326940469141e+01
1.2566370614326913823788e+01
1.2566370614326904942004e+01
1.2566370614326888954793e+01
1.2566370614326974219921e+01
1.2566370614326940469141e+01
1.2566370614326906718361e+01
1.2566370614326956456352e+01
1.2566370614326968890850e+01
1.2566370614326899612934e+01
1.2566370614326867638511e+01
1.2566370614326940469141e+01
1.2566370614326810795092e+01
1.2566370614326958232709e+01
1.2566370614326825005946e+01
1.2566370614326867638511e+01
1.2566370614326940469141e+01
1.2566370614326913823788e+01
1.2566370614326899612934e+01
1.2566370614326897836577e+01
1.2566370614326835664087e+01
1.2566370614326926258286e+01
1.2566370614326883625722e+01
1.2566370614326947574568e+01
1.2566370614326913823788e+01
1.2566370614326897836577e+01
1.2566370614326965338137e+01
1.2566370614326883625722e+01
1.2566370614326880073008e+01
1.2566370614326888954793e+01
1.2566370614326867638511e+01
1.2566370614326913823788e+01
1.2566370614326906718361e+01
1.2566370614326922705573e+01
1.2566370614326947574568e+01
1.2566370614326844545872e+01
1.2566370614326883625722e+01
1.2566370614326938692784e+01
1.2566370614326958232709e+01
1.2566370614326929811000e+01
1.2566370614326849874942e+01
1.2566370614326887178436e+01
1.2566370614326974219921e+01
1.2566370614326887178436e+01
1.2566370614326944021855e+01
1.2566370614326931587357e+01
1.2566370614326940469141e+01
1.2566370614326878296652e+01
1.2566370614326880073008e+01
1.2566370614326867638511e+01
1.2566370614326922705573e+01
1.2566370614326949350925e+01
1.2566370614326862309440e+01
1.2566370614326940469141e+01
1.2566370614326906718361e+01
1.2566370614326913823788e+01
1.2566370614326917376502e+01
1.2566370614326906718361e+01
1.2566370614326880073008e+01
1.2566370614326897836577e+01
1.2566370614326874743938e+01
1.2566370614326892507506e+01
1.2566370614326899612934e+01
1.2566370614326922705573e+01
1.2566370614326935140070e+01
1.2566370614326974219921e+01
1.2566370614326938692784e+01
1.2566370614326910271075e+01
1.2566370614326899612934e+01
1.2566370614326977772635e+01
1.2566370614326892507506e+01
1.2566370614326913823788e+01
1.2566370614326855204013e+01
1.2566370614326929811000e+01
1.2566370614326872967581e+01
1.2566370614326949350925e+01
1.2566370614326931587357e+01
1.2566370614326874743938e+01
1.2566370614326901389290e+01
1.2566370614326860533083e+01
1.2566370614326984878062e+01
1.2566370614326919152859e+01
1.2566370614326849874942e+01
1.2566370614326872967581e+01
1.2566370614326867638511e+01
1.2566370614326865862154e+01
1.2566370614326862309440e+01
1.2566370614326912047432e+01
1.2566370614326913823788e+01
1.2566370614326951127282e+01
1.2566370614326837440444e+01
1.2566370614326913823788e+01
1.2566370614326872967581e+01
1.2566370614326897836577e+01
1.2566370614326924481929e+01
1.2566370614326880073008e+01
1.2566370614326981325348e+01
1.2566370614326885402079e+01
1.2566370614326897836577e+01
1.2566370614326944021855e+01
1.2566370614326878296652e+01
1.2566370614326904942004e+01
1.2566370614326944021855e+01
1.2566370614326888954793e+01
1.2566370614326858756726e+01
1.2566370614326896060220e+01
1.2566370614326860533083e+01
1.2566370614326872967581e+01
1.2566370614326919152859e+01
1.2566370614326922705573e+01
1.2566370614326912047432e+01
1.2566370614326924481929e+01
1.2566370614326910271075e+01
1.2566370614326910271075e+01
1.2566370614326888954793e+01
1.2566370614326860533083e+01
1.2566370614326919152859e+01
1.2566370614326956456352e+01
1.2566370614326896060220e+01
1.2566370614326919152859e+01
1.2566370614326924481929e+01
1.2566370614326872967581e+01
1.2566370614326919152859e+01
1.2566370614326924481929e+01
1.2566370614326944021855e+01
1.2566370614326862309440e+01
1.2566370614326904942004e+01
1.2566370614326878296652e+01
1.2566370614326924481929e+01
1.2566370614326871191224e+01
1.2566370614326910271075e+01
1.2566370614326885402079e+01
1.2566370614326917376502e+01
1.2566370614326862309440e+01
1.2566370614326897836577e+01
1.2566370614326938692784e+01
1.2566370614326865862154e+01
1.2566370614326888954793e+01
1.2566370614326924481929e+01
1.2566370614326938692784e+01
1.2566370614326892507506e+01
1.2566370614326896060220e+01
1.2566370614326892507506e+01
1.2566370614326919152859e+01
1.2566370614326940469141e+01
1.2566370614326917376502e+01
1.2566370614326922705573e+01
1.2566370614326935140070e+01
1.2566370614326929811000e+01
1.2566370614326947574568e+01
1.2566370614326904942004e+01
1.2566370614326963561780e+01
1.2566370614326919152859e+01
1.2566370614326960009066e+01
1.2566370614326844545872e+01
1.2566370614326944021855e+01
1.2566370614326904942004e+01
1.2566370614326888954793e+01
1.2566370614326887178436e+01
1.2566370614326835664087e+01
1.2566370614326896060220e+01
1.2566370614326940469141e+01
1.2566370614326899612934e+01
1.2566370614326867638511e+01
1.2566370614326904942004e+01
1.2566370614326947574568e+01
1.2566370614326924481929e+01
1.2566370614326883625722e+01
1.2566370614326912047432e+01
1.2566370614326899612934e+01
1.2566370614326913823788e+01
1.2566370614326896060220e+01
1.2566370614326938692784e+01
1.2566370614326951127282e+01
1.2566370614326874743938e+01
1.2566370614326924481929e+01
1.2566370614326917376502e+01
1.2566370614326952903639e+01
1.2566370614326912047432e+01
1.2566370614326892507506e+01
1.2566370614326885402079e+01
1.2566370614326897836577e+01
1.2566370614326935140070e+01
1.2566370614326970667207e+01
1.2566370614326924481929e+01
1.2566370614326860533083e+01
1.2566370614326931587357e+01
1.2566370614326922705573e+01
1.2566370614326940469141e+01
1.2566370614326880073008e+01
1.2566370614326865862154e+01
1.2566370614326913823788e+01
1.2566370614326860533083e+01
1.2566370614326883625722e+01
1.2566370614326892507506e+01
1.2566370614326887178436e+01
1.2566370614326880073008e+01
1.2566370614326931587357e+01
1.2566370614326872967581e+01
1.2566370614326906718361e+01
1.2566370614326897836577e+01
1.2566370614326887178436e+01
1.2566370614326849874942e+01
1.2566370614326887178436e+01
1.2566370614326931587357e+01
1.2566370614326899612934e+01
1.2566370614326901389290e+01
1.2566370614326899612934e+01
1.2566370614326858756726e+01
1.2566370614326951127282e+01
1.2566370614326874743938e+01
1.2566370614326929811000e+01
1.2566370614326793031523e+01
1.2566370614326917376502e+01
1.2566370614326887178436e+01
1.2566370614326906718361e+01
1.2566370614326883625722e+01
1.2566370614326922705573e+01
1.2566370614326874743938e+01
1.2566370614326940469141e+01
1.2566370614326938692784e+01
1.2566370614326853427656e+01
1.2566370614326944021855e+01
1.2566370614326901389290e+01
1.2566370614326849874942e+01
1.2566370614326913823788e+01
1.2566370614326938692784e+01
1.2566370614326912047432e+01
1.2566370614326965338137e+01
1.2566370614326935140070e+01
