2.1542348271164357242924e+01
2.1542348271164357242924e+01
2.1542348271164353690210e+01
2.1542348271164353690210e+01
2.1542348271164353690210e+01
2.1542348271164357242924e+01
2.1542348271164353690210e+01
2.1542348271164357242924e+01
2.1542348271164357242924e+01
2.1542348271164357242924e+01
2.1542348271164357242924e+01
2.1542348271164357242924e+01
2.1542348271164357242924e+01
2.1542348271164357242924e+01
2.1542348271164353690210e+01
2.1542348271164357242924e+01
2.1542348271164357242924e+01
2.1542348271164353690210e+01
2.1542348271164357242924e+01
2.1542348271164357242924e+01
2.1542348271164353690210e+01
2.1542348271164353690210e+01
2.1542348271164357242924e+01
2.1542348271164357242924e+01
2.1542348271164357242924e+01
2.1542348271164357242924e+01
2.1542348271164360795638e+01
2.1542348271164357242924e+01
2.1542348271164353690210e+01
2.1542348271164357242924e+01
2.1542348271164357242924e+01
2.1542348271164357242924e+01
2.1542348271164357242924e+01
2.1542348271164357242924e+01
2.1542348271164357242924e+01
2.1542348271164353690210e+01
2.1542348271164357242924e+01
2.1542348271164353690210e+01
2.1542348271164357242924e+01
2.1542348271164353690210e+01
2.1542348271164357242924e+01
2.1542348271164353690210e+01
2.1542348271164353690210e+01
2.1542348271164357242924e+01
2.1542348271164350137497e+01
2.1542348271164353690210e+01
2.1542348271164353690210e+01
2.1542348271164357242924e+01
2.1542348271164353690210e+01
2.1542348271164353690210e+01
2.1542348271164353690210e+01
2.1542348271164357242924e+01
2.1542348271164357242924e+01
2.1542348271164353690210e+01
2.1542348271164357242924e+01
2.1542348271164353690210e+01
2.1542348271164357242924e+01
2.1542348271164357242924e+01
2.1542348271164353690210e+01
2.1542348271164357242924e+01
2.1542348271164357242924e+01
2.1542348271164353690210e+01
2.1542348271164357242924e+01
2.1542348271164357242924e+01
2.1542348271164357242924e+01
2.1542348271164357242924e+01
2.1542348271164357242924e+01
2.1542348271164353690210e+01
2.1542348271164353690210e+01
2.1542348271164353690210e+01
2.1542348271164357242924e+01
2.1542348271164357242924e+01
2.1542348271164357242924e+01
2.1542348271164357242924e+01
2.1542348271164353690210e+01
2.1542348271164357242924e+01
2.1542348271164357242924e+01
2.1542348271164357242924e+01
2.1542348271164357242924e+01
2.1542348271164353690210e+01
2.1542348271164353690210e+01
2.1542348271164360795638e+01
2.1542348271164350137497e+01
2.1542348271164357242924e+01
2.1542348271164357242924e+01
2.1542348271164353690210e+01
2.1542348271164357242924e+01
2.1542348271164353690210e+01
2.1542348271164353690210e+01
2.1542348271164357242924e+01
2.1542348271164357242924e+01
2.1542348271164353690210e+01
2.1542348271164357242924e+01
2.1542348271164357242924e+01
2.1542348271164357242924e+01
2.1542348271164357242924e+01
2.1542348271164357242924e+01
2.1542348271164353690210e+01
2.1542348271164357242924e+01
2.1542348271164353690210e+01
2.1542348271164357242924e+01
2.1542348271164357242924e+01
2.1542348271164360795638e+01
2.1542348271164357242924e+01
2.1542348271164357242924e+01
2.1542348271164357242924e+01
2.1542348271164353690210e+01
2.1542348271164357242924e+01
2.1542348271164357242924e+01
2.1542348271164357242924e+01
2.1542348271164357242924e+01
2.1542348271164357242924e+01
2.1542348271164357242924e+01
2.1542348271164357242924e+01
2.1542348271164360795638e+01
2.1542348271164357242924e+01
2.1542348271164357242924e+01
2.1542348271164353690210e+01
2.1542348271164357242924e+01
2.1542348271164357242924e+01
2.1542348271164357242924e+01
2.1542348271164357242924e+01
2.1542348271164357242924e+01
2.1542348271164357242924e+01
2.1542348271164353690210e+01
2.1542348271164357242924e+01
2.1542348271164357242924e+01
2.1542348271164353690210e+01
2.1542348271164357242924e+01
2.1542348271164357242924e+01
2.1542348271164357242924e+01
2.1542348271164353690210e+01
2.1542348271164353690210e+01
2.1542348271164353690210e+01
2.1542348271164357242924e+01
2.1542348271164357242924e+01
2.1542348271164350137497e+01
2.1542348271164357242924e+01
2.1542348271164357242924e+01
2.1542348271164357242924e+01
2.1542348271164357242924e+01
2.1542348271164357242924e+01
2.1542348271164357242924e+01
2.1542348271164353690210e+01
2.1542348271164353690210e+01
2.1542348271164357242924e+01
2.1542348271164350137497e+01
2.1542348271164353690210e+01
2.1542348271164357242924e+01
2.1542348271164357242924e+01
2.1542348271164353690210e+01
2.1542348271164357242924e+01
2.1542348271164357242924e+01
2.1542348271164353690210e+01
2.1542348271164353690210e+01
2.1542348271164357242924e+01
2.1542348271164353690210e+01
2.1542348271164357242924e+01
2.1542348271164357242924e+01
2.1542348271164357242924e+01
2.1542348271164357242924e+01
2.1542348271164353690210e+01
2.1542348271164357242924e+01
2.1542348271164357242924e+01
2.1542348271164353690210e+01
2.1542348271164357242924e+01
2.1542348271164357242924e+01
2.1542348271164357242924e+01
2.1542348271164353690210e+01
2.1542348271164357242924e+01
2.1542348271164357242924e+01
2.1542348271164353690210e+01
2.1542348271164360795638e+01
2.1542348271164357242924e+01
2.1542348271164357242924e+01
2.1542348271164357242924e+01
2.1542348271164357242924e+01
2.1542348271164357242924e+01
2.1542348271164357242924e+01
2.1542348271164360795638e+01
2.1542348271164353690210e+01
