2.4599779270919832185882e+01
2.4599779250287859611035e+01
2.4599779210332663126337e+01
2.4599779186489939775129e+01
2.4599779186543038633772e+01
2.4599779188361743820224e+01
2.4599779181940377270621e+01
2.4599779171684431844369e+01
2.4599779170748785617207e+01
2.4599779170332197963944e+01
2.4599779173770365048313e+01
2.4599779192135169836320e+01
2.4599779216941513482197e+01
2.4599779238347402099407e+01
2.4599779238345931275944e+01
2.4599779243165745157285e+01
2.4599779275955970803125e+01
2.4599779327505480353011e+01
2.4599779357902001208913e+01
2.4599779350417087186997e+01
2.4599779334779178441295e+01
2.4599779341494429019122e+01
2.4599779386246417800521e+01
2.4599779438302203260491e+01
2.4599779461509506006678e+01
2.4599779476303346825716e+01
2.4599779498595548687945e+01
2.4599779560092763119883e+01
2.4599779706258299682986e+01
2.4599779875953448282644e+01
2.4599780021496339799114e+01
2.4599780143199385662456e+01
2.4599780244957734964828e+01
2.4599780412091117653972e+01
2.4599780658853774184536e+01
2.4599780907668311158432e+01
2.4599781173879165407925e+01
2.4599781759400592306974e+01
2.4599783245751268623280e+01
2.4599786500113342668783e+01
2.4599792543891087603924e+01
2.4599800116102461089440e+01
2.4599806624093130125175e+01
2.4599826505499702733459e+01
2.4599854112821315510473e+01
2.4599900751990581682094e+01
2.4599963859896146090023e+01
2.4600047974677913487085e+01
2.4600138744480414487725e+01
2.4600257443339032192853e+01
2.4600341705638957279234e+01
2.4600465704252702181520e+01
2.4600639784249825225970e+01
2.4600826452853087999983e+01
2.4601029084998568663423e+01
2.4601234371287389990357e+01
2.4601441128495739718574e+01
2.4601611604298572189009e+01
2.4601740437868567568103e+01
2.4601860439411684211564e+01
2.4601987913190630052895e+01
2.4602111054001458256835e+01
2.4602194931964479707176e+01
2.4602261462862710317268e+01
2.4602320335281778085346e+01
2.4602391246923911438671e+01
2.4602457599896556672547e+01
2.4602524887357656524500e+01
2.4602615802212074669342e+01
2.4602719600518980769266e+01
2.4602867520897039099737e+01
2.4603058367893574143181e+01
2.4603193517381257038323e+01
2.4603361474326078450758e+01
2.4603557034833578143207e+01
2.4603778792523193885700e+01
2.4604058180215712781091e+01
2.4604394045832044923827e+01
2.4604719485275481360986e+01
2.4604977458368569642744e+01
2.4605172093607798444737e+01
2.4605358484615763359216e+01
2.4605581731606299911164e+01
2.4605772668507501776958e+01
2.4605956337756058616151e+01
2.4606102956830142147737e+01
2.4606264805715682086884e+01
2.4606479182477240641447e+01
2.4606671090163771964399e+01
2.4606885207798672610124e+01
2.4607064688297011656459e+01
2.4607216997715649853262e+01
2.4607412541187827059730e+01
2.4607569959609591592198e+01
2.4607739416362495177282e+01
2.4607986854090263761918e+01
2.4608284260743701565843e+01
2.4608607499402445739634e+01
2.4608912006976616737575e+01
2.4609216848931328769368e+01
2.4609445617137133410779e+01
2.4609828110137367929156e+01
2.4610188324777460877613e+01
2.4610582826425797975389e+01
2.4610827570973192734982e+01
2.4610973070576608989768e+01
2.4611139476739719356146e+01
2.4611278253129412973976e+01
2.4611437865131971847177e+01
2.4611638241430497942019e+01
2.4611828581875453636485e+01
2.4611942843861491780899e+01
2.4612095602772971147942e+01
2.4612302953607102296019e+01
2.4612565285759202993177e+01
2.4612815903727934596645e+01
2.4613110592352981598196e+01
2.4613356009596689233376e+01
2.4613639441621760539647e+01
2.4613953166843721476198e+01
2.4614341568625604850240e+01
2.4614715992134055255747e+01
2.4615052150667263930472e+01
2.4615364092720408706327e+01
2.4615698126947840762568e+01
2.4616049802624051068278e+01
2.4616294209092544065243e+01
2.4616566090199725636012e+01
2.4616885938217009766049e+01
2.4617248122832407375427e+01
2.4617448839343495592402e+01
2.4617675594910895853218e+01
2.4617913902429290118334e+01
2.4618122538161657075761e+01
2.4618491071894244015539e+01
2.4618850579996276906058e+01
2.4619180996856272258810e+01
2.4619474077213435947442e+01
2.4619856297874335382403e+01
2.4620180403172192029615e+01
2.4620513848111016841358e+01
2.4620822472921986445726e+01
2.4621132161064075205559e+01
2.4621411149468691803577e+01
2.4621750910225866704195e+01
2.4621956757986250607928e+01
2.4622224982859822972614e+01
2.4622488229917799174018e+01
2.4622761538453506346968e+01
2.4622986961425919361091e+01
2.4623156713065185385858e+01
2.4623289791638740098279e+01
2.4623443835344108521213e+01
2.4623646584591611485848e+01
2.4623856192868878167701e+01
2.4624086457415856443731e+01
2.4624238724241294562489e+01
2.4624474887118605437308e+01
2.4624800689568509426408e+01
2.4625115476675539127882e+01
2.4625545911110119590148e+01
2.4625896168317837009454e+01
2.4626206247473213295507e+01
2.4626448120806511354886e+01
2.4626758850412752366310e+01
2.4627112300920746434940e+01
2.4627490604248212235916e+01
2.4627720041727389599373e+01
2.4627979037105159676457e+01
2.4628317807642609693630e+01
2.4628638863654803259351e+01
2.4628965192711966381012e+01
2.4629301570604308579959e+01
2.4629568085565693991157e+01
2.4629871763826255204322e+01
2.4630190458250655893835e+01
2.4630576083336134018964e+01
2.4630971799671176114543e+01
2.4631379107826319341257e+01
2.4631764867589360790134e+01
2.4632004636000562669551e+01
2.4632263796737685623839e+01
2.4632491861136191602100e+01
2.4632762768480283455119e+01
2.4633035017393797971863e+01
2.4633326990009521750835e+01
2.4633582444979580827749e+01
2.4633800264863122464476e+01
2.4633975669784803130824e+01
2.4634199417206403381897e+01
2.4634461212440591282302e+01
2.4634678826176113375368e+01
2.4634919538216742296299e+01
2.4635176900652538733993e+01
2.4635394904342032162958e+01
2.4635643001992931999666e+01
2.4635865173047204024215e+01
2.4636091097626909629525e+01
2.4636399007584238063373e+01
2.4636696589197036644237e+01
2.4636966260339026035808e+01
2.4637190508317484471945e+01
2.4637402970002288071782e+01
2.4637639734111679956641e+01
2.4637887510611935937277e+01
2.4638243105037805236179e+01
2.4638532856955595917725e+01
2.4638751520888511947760e+01
2.4638980898251841011870e+01
2.4639275215647963079846e+01
2.4639649004542985011312e+01
2.4640021952205053423768e+01
2.4640341211312115632381e+01
2.4640603066882107441415e+01
2.4640880116772276409165e+01
2.4641203520416798511405e+01
2.4641513211028659213753e+01
2.4641803358655486988482e+01
2.4642094353357400393634e+01
2.4642360953660659816933e+01
2.4642628761547221927231e+01
2.4642844499658298929035e+01
2.4643113760833500691660e+01
2.4643410462058724874623e+01
2.4643643042829438627450e+01
2.4643867187694013409782e+01
2.4644072657356929312300e+01
2.4644249018264702044689e+01
2.4644433481274027997188e+01
2.4644655489093651112853e+01
2.4644976729528476511177e+01
2.4645231188860542204111e+01
2.4645404413821648148541e+01
2.4645578188311603184957e+01
2.4645815306277324197026e+01
2.4646000704604144715404e+01
2.4646249093113436146041e+01
2.4646433923895916251467e+01
2.4646618953138204943798e+01
2.4646810566954975740828e+01
2.4647029880088140885164e+01
2.4647253865854423793280e+01
2.4647434421703028561978e+01
2.4647674861251005040685e+01
2.4647828275783457030457e+01
2.4648036834667042427327e+01
2.4648311134584343307097e+01
2.4648535175488689219492e+01
2.4648727379513950097589e+01
2.4648932471882407213570e+01
2.4649196404013647310194e+01
2.4649448499081842101077e+01
2.4649757298332232835492e+01
2.4650022360008225774664e+01
2.4650254025077305897184e+01
2.4650512263590190542573e+01
2.4650812792304709120117e+01
2.4651085188774629841646e+01
2.4651358829748645007385e+01
2.4651662242964626159392e+01
2.4652023067386579668891e+01
2.4652301817258624794249e+01
2.4652627723556623351442e+01
2.4652919708098743001301e+01
2.4653241536371865549881e+01
2.4653485429727858502247e+01
2.4653638871816468736142e+01
2.4653794807502887209694e+01
2.4653958210014650376252e+01
2.4654133789111646990477e+01
2.4654343586198194770986e+01
2.4654556970587787390059e+01
2.4654740733289902010483e+01
2.4654916103075390054755e+01
2.4655079051977462967216e+01
2.4655283506810899751827e+01
2.4655582241028451306875e+01
2.4655826835518833917149e+01
2.4656040466238351882566e+01
2.4656246897821436192544e+01
2.4656507937188749224333e+01
2.4656734324780206435435e+01
2.4656907870850456987455e+01
2.4657077384843805845094e+01
2.4657216224726894893138e+01
2.4657444466753567269279e+01
2.4657644214482644429154e+01
2.4657908053761516953273e+01
2.4658118081559695866645e+01
2.4658314247554393716655e+01
2.4658483602184219307674e+01
2.4658731692419330272514e+01
2.4658998063098263031634e+01
2.4659302141899640758993e+01
2.4659590966931876465651e+01
2.4659793429769127470763e+01
2.4660009883246349460251e+01
2.4660271065951942404126e+01
2.4660521519241623167318e+01
2.4660800832905010793183e+01
2.4661037074408625358046e+01
2.4661249651081540434916e+01
2.4661461918583956531847e+01
2.4661672834580606661348e+01
2.4661925613716693561628e+01
2.4662159897112299944411e+01
2.4662349775619819780559e+01
2.4662500144313362682169e+01
2.4662667170913614711480e+01
2.4662840138665611533497e+01
2.4663075044536157065522e+01
2.4663273620102788896702e+01
2.4663456448693359845947e+01
2.4663605289001740317190e+01
2.4663793495110994058450e+01
2.4663954813047023861827e+01
2.4664124194239882115198e+01
2.4664289015207938149388e+01
2.4664481657356894572786e+01
2.4664663608507652270418e+01
2.4664799614536097038808e+01
2.4664909673862592143223e+01
2.4665088850643289930531e+01
2.4665264917689945889379e+01
2.4665403637142745196797e+01
2.4665538767668419239953e+01
2.4665717205348954621513e+01
2.4665860040033784628122e+01
2.4666030946044696037234e+01
2.4666226982584543492294e+01
2.4666409748463603790469e+01
2.4666599528207470370944e+01
2.4666789923206952295232e+01
2.4667012534098169851404e+01
2.4667234250735749157002e+01
2.4667418385683301806921e+01
2.4667610087983330657835e+01
2.4667858461530318692212e+01
2.4668085539182726506624e+01
2.4668337333465597538407e+01
2.4668569142967108120956e+01
2.4668761515325638100649e+01
2.4668938617653257239226e+01
2.4669175482166117774341e+01
2.4669387312563745950911e+01
2.4669592909313827533424e+01
2.4669785993728872597330e+01
2.4669956988689843768725e+01
2.4670115159401181159637e+01
2.4670318423490897430383e+01
2.4670501167866557779007e+01
2.4670735893492029333629e+01
2.4670931176730494627236e+01
2.4671074999153837836730e+01
2.4671203405038721001574e+01
2.4671348131020376825973e+01
2.4671518050135503585807e+01
2.4671673984787705791177e+01
2.4671805859629603929761e+01
2.4671957622984844960001e+01
2.4672102804467019865342e+01
2.4672270477697797019800e+01
2.4672418231731260362949e+01
2.4672527418573547919323e+01
2.4672673817212171343272e+01
2.4672862548658695658332e+01
2.4673030185498330268956e+01
2.4673177257692909591924e+01
2.4673371526360242000919e+01
2.4673544563139017782305e+01
2.4673724149798211158213e+01
2.4673870495853808648690e+01
2.4674060089884743973698e+01
2.4674214145824080901548e+01
2.4674360475836767392366e+01
2.4674506129647589602882e+01
2.4674672190745830846481e+01
2.4674797140136110584763e+01
2.4675008481581599539822e+01
2.4675195479821375954543e+01
2.4675400786904020833390e+01
2.4675612960599025313968e+01
2.4675769175147433287520e+01
2.4675945297375722731203e+01
2.4676158896007034826425e+01
2.4676372649262905412115e+01
2.4676597005647174398746e+01
2.4676806511470026350707e+01
2.4676981823253456127532e+01
2.4677166572032863456343e+01
2.4677363018195926258613e+01
2.4677618925301072039247e+01
2.4677828600995717067690e+01
2.4677988825811947748434e+01
2.4678187806041293583803e+01
2.4678345901909914061889e+01
2.4678502029021739616610e+01
2.4678689143735489608389e+01
2.4678868132241095878499e+01
2.4679012153180330813029e+01
2.4679182196310495811531e+01
2.4679347384155686739859e+01
2.4679515312250345004941e+01
2.4679691319848558350714e+01
2.4679825040376357492278e+01
2.4679922652287658024761e+01
2.4680016708568846439675e+01
2.4680153993062642570067e+01
2.4680312707985390119347e+01
2.4680488246162418874974e+01
2.4680662521072189719007e+01
2.4680777027567835091304e+01
2.4680887039886890477192e+01
2.4680990064211876244826e+01
2.4681161852855666438700e+01
2.4681383400403984040850e+01
2.4681559309081499975491e+01
2.4681752708420926722965e+01
2.4681904324183825849559e+01
2.4682093302102497744954e+01
2.4682240385824464112829e+01
2.4682414872775730430021e+01
2.4682563794089521280739e+01
2.4682699264669366812086e+01
2.4682890152724141330509e+01
2.4683104042888906803910e+01
2.4683272744580275315229e+01
2.4683471592741248912262e+01
2.4683617720183622878949e+01
2.4683777454903029990874e+01
2.4683942550858130715596e+01
2.4684116789924324564254e+01
2.4684314044649163122358e+01
2.4684507030575954189544e+01
2.4684670973037462715638e+01
2.4684789092798791187988e+01
2.4684972294936965653278e+01
2.4685124397319352596014e+01
2.4685280136168611164749e+01
2.4685454831714686463329e+01
2.4685595775020523490184e+01
2.4685719873579238026196e+01
2.4685839737413562744450e+01
2.4685967122679940644048e+01
2.4686119645393596044869e+01
2.4686270939978331995235e+01
2.4686409284083588033809e+01
2.4686532242795816927128e+01
2.4686630744456213193416e+01
2.4686779418141043151991e+01
2.4686902432239516969048e+01
2.4686992160861869649580e+01
2.4687092213751938629684e+01
2.4687203044689866260342e+01
2.4687320457756193547993e+01
2.4687472422383294201609e+01
2.4687614085957342524580e+01
2.4687716425314164325755e+01
2.4687851096992112331918e+01
2.4687964372203222040980e+01
2.4688096117364729309429e+01
2.4688217887377824411033e+01
2.4688327017123967266343e+01
2.4688440663415622822185e+01
2.4688541576967629964656e+01
2.4688691364945078987603e+01
2.4688862430969919614654e+01
2.4689039189421954745285e+01
2.4689214873668596794687e+01
2.4689352636735836910020e+01
2.4689517399547728615516e+01
2.4689690252533861070106e+01
2.4689883593276984896647e+01
2.4690071922299800633027e+01
2.4690266608998193476054e+01
2.4690403255065660914624e+01
2.4690534280101829267551e+01
2.4690687481332865615968e+01
2.4690888418161108575077e+01
2.4691095634951675918956e+01
2.4691260275231186938072e+01
2.4691349963023959901420e+01
2.4691501800960683254971e+01
2.4691649312842475438856e+01
2.4691791775707951472896e+01
2.4691905690156882968722e+01
2.4692010442773870693145e+01
2.4692137224411311535732e+01
2.4692291511963830430432e+01
2.4692389405184126616177e+01
2.4692504134902176105015e+01
2.4692600187402103273371e+01
2.4692701290758961363281e+01
2.4692776176494852791166e+01
2.4692837491972813523944e+01
2.4692916347404803900645e+01
2.4693022558583280101629e+01
2.4693151240957945447008e+01
2.4693265027314637904965e+01
2.4693357673190117651529e+01
2.4693528628482287246015e+01
2.4693704610391694842519e+01
2.4693906735110491723617e+01
2.4694041085867461049475e+01
2.4694189398973016125183e+01
2.4694334452747977337594e+01
2.4694461429760217185958e+01
2.4694603736886914902016e+01
2.4694751180672000145933e+01
2.4694868946268417886358e+01
2.4695016086513316366791e+01
2.4695153461548834172845e+01
2.4695350730752632983922e+01
2.4695506268923125503534e+01
2.4695617468146878081825e+01
2.4695750146106764333354e+01
2.4695875119972310329786e+01
2.4695992047387679946269e+01
2.4696127704134259062130e+01
2.4696279295956237831433e+01
2.4696402783371489420006e+01
2.4696518240587710835143e+01
2.4696654078388210251660e+01
2.4696790624227990207373e+01
2.4696954660733492659119e+01
2.4697064049387364548238e+01
2.4697163005205815977661e+01
2.4697230487915920349451e+01
2.4697318118367043382477e+01
2.4697454456532174305039e+01
2.4697611240043055857996e+01
2.4697745092977545056101e+01
2.4697848757438471523074e+01
2.4697966640999709397875e+01
2.4698058669331995673701e+01
2.4698181900774120123288e+01
2.4698273905904354563745e+01
2.4698380783995627751892e+01
2.4698464608518584384456e+01
2.4698568461827079545401e+01
2.4698699794393085937827e+01
2.4698835513156584653416e+01
2.4698956696207496008810e+01
2.4699075407219602595887e+01
2.4699185868147285560781e+01
2.4699312634150029310831e+01
2.4699433210962251195042e+01
2.4699548872396057674905e+01
2.4699686563496779712068e+01
2.4699801228010546338965e+01
2.4699917806412088339130e+01
2.4700041161057992411543e+01
2.4700222962723202613233e+01
2.4700379943823584483198e+01
2.4700568695081475567576e+01
2.4700753640671184285793e+01
2.4701016714532258333747e+01
2.4701166128087383100365e+01
2.4701302439861514415043e+01
2.4701511467641019237362e+01
2.4701679118637279941595e+01
2.4701801241025432176457e+01
2.4701932437418502530591e+01
2.4702045498151111502239e+01
2.4702234435711684312764e+01
2.4702415015987416069265e+01
2.4702578311396230503760e+01
2.4702701880394631217541e+01
2.4702782277500254792812e+01
2.4702931474630354102828e+01
2.4703109827925832320261e+01
2.4703238310474812777784e+01
2.4703369060162369663658e+01
2.4703534972275921433038e+01
2.4703631978428155946403e+01
2.4703738530899499892257e+01
2.4703848963937620197839e+01
2.4703940953004106972912e+01
2.4704063259979893274476e+01
2.4704171515510722656472e+01
2.4704242168100556398258e+01
2.4704345893896018537816e+01
2.4704432321081529977391e+01
2.4704525089307441731989e+01
2.4704634837115914791639e+01
2.4704765807203774130585e+01
2.4704876661283730499008e+01
2.4704983173670076013195e+01
2.4705135905875014401545e+01
2.4705341616742838795062e+01
2.4705495235566910849911e+01
2.4705734538303364189460e+01
2.4705876172700616422162e+01
2.4706010262795572884897e+01
2.4706201877825197499305e+01
2.4706381421113668750422e+01
2.4706653236721621169636e+01
2.4706893783040669632101e+01
2.4707148082758962459593e+01
2.4707312189818612324643e+01
2.4707566645811684935552e+01
2.4707801215807716488371e+01
2.4708034399562762928326e+01
2.4708322259536757314891e+01
2.4708564042939400451360e+01
2.4708825580130085342034e+01
2.4709101693852687731123e+01
2.4709296909047345991439e+01
2.4709499054321209854379e+01
2.4709673334363749575004e+01
2.4709895460913223530497e+01
2.4710227505761977795373e+01
2.4710512374101959665040e+01
2.4710797801979776266990e+01
2.4710936852885240000433e+01
2.4711136795418880751640e+01
2.4711378341963673221926e+01
2.4711657706764430741941e+01
2.4711959852052874708761e+01
2.4712174604214613538034e+01
2.4712359117176667666627e+01
2.4712573405911328450202e+01
2.4712824041078345516098e+01
2.4713190331011073652689e+01
2.4713399815138217263666e+01
2.4713530880696232827631e+01
2.4713667391758693980819e+01
2.4713938393758080991347e+01
2.4714394841502866029259e+01
2.4714661704164239353076e+01
2.4714800178318803602906e+01
2.4715020097268645571376e+01
2.4715363030582462755547e+01
2.4715831803423533585828e+01
2.4716300671003171629536e+01
2.4716572448841731102220e+01
2.4716708379434621178916e+01
2.4717074724490462500626e+01
2.4717644499090301479782e+01
2.4717963086896510560564e+01
2.4718130461889696647404e+01
2.4718305016319956024518e+01
2.4718458402408245433435e+01
2.4718687448555577645948e+01
2.4718964115989980001586e+01
2.4719182237069691865372e+01
2.4719329004610003153175e+01
2.4719452223147779790224e+01
2.4719605344863865070693e+01
2.4719747711851812965733e+01
2.4719926679250391998721e+01
2.4720041962366074983493e+01
2.4720173898908200271762e+01
2.4720293388811533930038e+01
2.4720421581079175865625e+01
2.4720564085167929135878e+01
2.4720730032319185198730e+01
2.4720817705619705151321e+01
2.4720928290082703426833e+01
2.4721050908876868845709e+01
2.4721131049937639545533e+01
2.4721230168526417969588e+01
2.4721348755123287332935e+01
2.4721442134768874865358e+01
2.4721535215184406553135e+01
2.4721629078679455915335e+01
2.4721787113850844264107e+01
2.4721897008724113220524e+01
2.4721987977587385643119e+01
2.4722087598762740867642e+01
2.4722210605253419402061e+01
2.4722317514667228266489e+01
2.4722409234920629472754e+01
2.4722501398466434352486e+01
2.4722582674040314287822e+01
2.4722696317069377869302e+01
2.4722820224461727889320e+01
2.4722951395078094805058e+01
2.4723089199452861208783e+01
2.4723194257718390076661e+01
2.4723286116874064077820e+01
2.4723388926017229039189e+01
2.4723470167472850533841e+01
2.4723536416596036957571e+01
2.4723643265527030621342e+01
2.4723743704221313066682e+01
2.4723849482222352236249e+01
2.4723948249230314644365e+01
2.4724078225522916341106e+01
2.4724158209120798090908e+01
2.4724235491710732759429e+01
2.4724344082546405587664e+01
2.4724471834557743221694e+01
2.4724594625259673108530e+01
2.4724693144147952494905e+01
2.4724796809268191566389e+01
2.4724853574707100989372e+01
2.4724964348805716696234e+01
2.4725065195612565105421e+01
2.4725184200345704965684e+01
2.4725335064779525140466e+01
2.4725429235531368732381e+01
2.4725528807482373139237e+01
2.4725617451150394998649e+01
2.4725693135164892311195e+01
2.4725808937082746297165e+01
2.4725918495595113455465e+01
2.4726004029534792039158e+01
2.4726099701326372581889e+01
2.4726194192053661424779e+01
2.4726261328741813372289e+01
2.4726329469120379656033e+01
2.4726421266329133175077e+01
2.4726485154624413098645e+01
2.4726587931032558032030e+01
2.4726689897293230302466e+01
2.4726757521623802915656e+01
2.4726856526464480623417e+01
2.4726928935259660846668e+01
2.4727034610042881723757e+01
2.4727134551770422632444e+01
2.4727237574037705059027e+01
2.4727314366992398930734e+01
2.4727412258790483434723e+01
2.4727523587408189342796e+01
2.4727635435174512679168e+01
2.4727751085283401266679e+01
2.4727824868468339047922e+01
2.4727892376624062364954e+01
2.4727963389735350574483e+01
2.4728027697104451476662e+01
2.4728082970444202004501e+01
2.4728167642224658351324e+01
2.4728259976126210517577e+01
2.4728361141174932669173e+01
2.4728474577673402734490e+01
2.4728570905772329524552e+01
2.4728625584430851347406e+01
2.4728725198219546399514e+01
2.4728834848286158631936e+01
2.4728923030177554664988e+01
2.4729016018260658427153e+01
2.4729085854795016530261e+01
2.4729165667187089638901e+01
2.4729239374671792006666e+01
2.4729319401251789400931e+01
2.4729390702491400588769e+01
2.4729456997210601088000e+01
2.4729534702581961624901e+01
2.4729611479764137982329e+01
2.4729685839756619714080e+01
2.4729764450150664600869e+01
2.4729800201533368664286e+01
2.4729879743627513732918e+01
2.4729933080525558608542e+01
2.4730012068369255473499e+01
2.4730080162777298369292e+01
2.4730190308241503771569e+01
2.4730244779650504938218e+01
2.4730293778961346617962e+01
2.4730348540726524220190e+01
2.4730443742523618766427e+01
2.4730534400944751638463e+01
2.4730607181966540508711e+01
2.4730696863518080164113e+01
2.4730759572278117275346e+01
2.4730849651453070237039e+01
2.4730906982576616570668e+01
2.4730981904452615793844e+01
2.4731062540166110608197e+01
2.4731119492888833377719e+01
2.4731162849548297799629e+01
2.4731252836915391668526e+01
2.4731343207819161733596e+01
2.4731403806391085709038e+01
2.4731473971050426996499e+01
2.4731518720799329003057e+01
2.4731601698741343398069e+01
2.4731704768724796394963e+01
2.4731810628163056975382e+01
2.4731901871659495384392e+01
2.4731983120246468388359e+01
2.4732058982142291370110e+01
2.4732125526574019858117e+01
2.4732181307857459273691e+01
2.4732230419755218520095e+01
2.4732300371469424504767e+01
2.4732366345426587628253e+01
2.4732419160418821491021e+01
2.4732482138025229545519e+01
2.4732566648968180800239e+01
2.4732642336522985715419e+01
2.4732716865218076662813e+01
2.4732772273413853980628e+01
2.4732828643341267849109e+01
2.4732874270549714879053e+01
2.4732905386284972593103e+01
2.4732976192963860739837e+01
2.4733025657173616451701e+01
2.4733090351708739262904e+01
2.4733171599340145974111e+01
2.4733230636844204752833e+01
2.4733290411566720479186e+01
2.4733347485814885402533e+01
2.4733402816339832952508e+01
2.4733478872966234263231e+01
2.4733560055180184633628e+01
2.4733630275964291200808e+01
2.4733658498104524881001e+01
2.4733733463680280806329e+01
2.4733773038466804194968e+01
2.4733834080577839387161e+01
2.4733906129945061991293e+01
2.4733924787435221048781e+01
2.4733964917073755884758e+01
2.4734016541593170757096e+01
2.4734081606412168241604e+01
2.4734129146807308785583e+01
2.4734182095752739627414e+01
2.4734231429123944678850e+01
2.4734341038929276379577e+01
2.4734398663875850843397e+01
2.4734448743649032564917e+01
2.4734517979557750777531e+01
2.4734579457323835782745e+01
2.4734652592136910698173e+01
2.4734701097076289499910e+01
2.4734787991876473256525e+01
2.4734845413432442029489e+01
2.4734913854180877734734e+01
2.4734989085333694447399e+01
2.4735072839975092762188e+01
2.4735145249087331364990e+01
2.4735231284256592232396e+01
2.4735323412308353852040e+01
2.4735385817110014272657e+01
2.4735449827996930594054e+01
2.4735543749155542769813e+01
2.4735589993283753074138e+01
2.4735650603895095400730e+01
2.4735726232255540679716e+01
2.4735786643428699704828e+01
2.4735849398347973249201e+01
2.4735899836204112034466e+01
2.4735946183110890217449e+01
2.4736039929998263176003e+01
2.4736084508763450884317e+01
2.4736129966124252632653e+01
2.4736188154783576464979e+01
2.4736263489827191364157e+01
2.4736348200950999398628e+01
2.4736448827952354889703e+01
2.4736533433942526016835e+01
2.4736586907350368136349e+01
2.4736651455519034215058e+01
2.4736685432780518567597e+01
2.4736719754509056912184e+01
2.4736759443962878179946e+01
2.4736818883155155646136e+01
2.4736867232187371712371e+01
2.4736904414498440019088e+01
2.4736958931395054861468e+01
2.4737014522931247029192e+01
2.4737074165315735996273e+01
2.4737127112591966948685e+01
2.4737173157319414684707e+01
2.4737229651636905458645e+01
2.4737297766215561978242e+01
2.4737360217935123074540e+01
2.4737445932728288511271e+01
2.4737518376437876099772e+01
2.4737574801952735725763e+01
2.4737650211890027662776e+01
2.4737720129797065027333e+01
2.4737759069951330559434e+01
2.4737809239104986858138e+01
2.4737849171501803624551e+01
2.4737894482744337665281e+01
2.4737936626236219694874e+01
2.4738030149919939759684e+01
2.4738062995202746208179e+01
2.4738120090752225621600e+01
2.4738176488771024708058e+01
2.4738226899764178767782e+01
2.4738254700144548081653e+01
2.4738291334977486002344e+01
2.4738363376814731964259e+01
2.4738430794888049746305e+01
2.4738490408662702435549e+01
2.4738580096527556406727e+01
2.4738635930534112361556e+01
2.4738677237596640168249e+01
2.4738727640157271991939e+01
2.4738784147040355776426e+01
2.4738843504031201803173e+01
2.4738896054832196114148e+01
2.4738949421346180912451e+01
2.4739003704074413292346e+01
2.4739042557290296997508e+01
2.4739051227785552100613e+01
2.4739101127633784216187e+01
2.4739154302516038086424e+01
2.4739215509757329414242e+01
2.4739281644009945893004e+01
2.4739331094468546723419e+01
2.4739382318615469102951e+01
2.4739425653375768376918e+01
2.4739486621275087685490e+01
2.4739537388731520195506e+01
2.4739582843100404119241e+01
2.4739631265034130791491e+01
2.4739696543216350477223e+01
2.4739782161327088516600e+01
2.4739884639484632344875e+01
2.4739966870551139521694e+01
2.4740071269978816559387e+01
2.4740125890308863887412e+01
2.4740203049537608848141e+01
2.4740263800877595912198e+01
2.4740350980244954826048e+01
2.4740400712507764069414e+01
2.4740439902829567841991e+01
2.4740474869820022973954e+01
2.4740521253561869485793e+01
2.4740614409555536923335e+01
2.4740682374315330349646e+01
2.4740748532318736607749e+01
2.4740829949794395759000e+01
2.4740898914720869328221e+01
2.4740967328954766912830e+01
2.4741011482717905067830e+01
2.4741073780767461443020e+01
2.4741144270662378090719e+01
2.4741207389275309935783e+01
2.4741289044784171125002e+01
2.4741381500641018931219e+01
2.4741478842164028151274e+01
2.4741518677179982432790e+01
2.4741571197626285538718e+01
2.4741602268284061949544e+01
2.4741654468311150338877e+01
2.4741713831608819873509e+01
2.4741751136390842447099e+01
2.4741793825216294777647e+01
2.4741841059556147541798e+01
2.4741894471059158178150e+01
2.4741924983021423400942e+01
2.4741971355932850684667e+01
2.4742018335952170815517e+01
2.4742064376420579208116e+01
2.4742106523290001263149e+01
2.4742143288595443095801e+01
2.4742176352630195879101e+01
2.4742218537889868912316e+01
2.4742272034067475772190e+01
2.4742318092978692334327e+01
2.4742365193248019750172e+01
2.4742398103886628746295e+01
2.4742446529212202221970e+01
2.4742510541189993489297e+01
2.4742565250160243550681e+01
2.4742653602334275575458e+01
2.4742699351443874888901e+01
2.4742750698947059362354e+01
2.4742816418999183269989e+01
2.4742874864346710239715e+01
2.4742940048780585726718e+01
2.4742985441844457028537e+01
2.4743033569682090444530e+01
2.4743105219447752318729e+01
2.4743159295401092379052e+01
2.4743229776418029786100e+01
2.4743304506910440920819e+01
2.4743392425509586729504e+01
2.4743432493981512010350e+01
2.4743497697064494644792e+01
2.4743528031288558821643e+01
2.4743570159980269096422e+01
2.4743634155224874859869e+01
2.4743687292772552410725e+01
2.4743732490680269364702e+01
2.4743797756606458193573e+01
2.4743857978394220964447e+01
2.4743897356229648920589e+01
2.4743941638725811316135e+01
2.4743983697681478872710e+01
2.4744020603716496253810e+01
2.4744072910531688336278e+01
2.4744126830433742725290e+01
2.4744194136156654195702e+01
2.4744234235443475000693e+01
2.4744290290619250782811e+01
2.4744348928884523530769e+01
2.4744408538995074309241e+01
2.4744483183786620372757e+01
2.4744561205360774636119e+01
2.4744614157508642904304e+01
2.4744680809682868982691e+01
2.4744752152566281466761e+01
2.4744804329630508021864e+01
2.4744850150562392343545e+01
2.4744917303086243265398e+01
2.4745005585674913817229e+01
2.4745062967503880457798e+01
2.4745107032690658144247e+01
2.4745182028562830112151e+01
2.4745240099160902502717e+01
2.4745302644174763884166e+01
2.4745340413353435593535e+01
2.4745417974026420182554e+01
2.4745520044317917296439e+01
2.4745584556506628359784e+01
2.4745672882499075484475e+01
2.4745747491063340817163e+01
2.4745851645244293592896e+01
2.4745906737587837653791e+01
2.4745980629793933758265e+01
2.4746040719205730340491e+01
2.4746109967132614571028e+01
2.4746159105491699392587e+01
2.4746222133972338497188e+01
2.4746265893302027194522e+01
2.4746332033303890085563e+01
2.4746399603045226456288e+01
2.4746479768335621685083e+01
2.4746559759758596896972e+01
2.4746638957691562410446e+01
2.4746698881974815265039e+01
2.4746739785832982505553e+01
2.4746767263668271397137e+01
2.4746822603500618242833e+01
2.4746879431604945409617e+01
2.4746939709492721704009e+01
2.4747011619146942251746e+01
2.4747084888688565484927e+01
2.4747138448005820521303e+01
2.4747200722353493773653e+01
2.4747235792798051079444e+01
2.4747261337752529897216e+01
2.4747293912779571911642e+01
2.4747350796680166240549e+01
2.4747445295501794504389e+01
2.4747540568210553146855e+01
2.4747608743617277582416e+01
2.4747658586366441113569e+01
2.4747702103302870568768e+01
2.4747770190283365110417e+01
2.4747823095625079758975e+01
2.4747893568915277029419e+01
2.4747946989379645543750e+01
2.4747994105280781695910e+01
2.4748039266626818744044e+01
2.4748096639082739045534e+01
2.4748169621668449025265e+01
2.4748238168963023753122e+01
2.4748272857725972073695e+01
2.4748309458183989306690e+01
2.4748375642217595782313e+01
2.4748422423610289655471e+01
2.4748464718889056968010e+01
2.4748532187495506207142e+01
2.4748611617926073336093e+01
2.4748671147593611863158e+01
2.4748722953163145632516e+01
2.4748795083657778803854e+01
2.4748834568512680931462e+01
2.4748889975505708349601e+01
2.4748940429623814907245e+01
2.4749009324323903769027e+01
2.4749054365910936326145e+01
2.4749092026292849766378e+01
2.4749130365063226832945e+01
2.4749159245982433219524e+01
2.4749223605106156043121e+01
2.4749299618933406463839e+01
2.4749356353333709535036e+01
2.4749412634924205178777e+01
2.4749462534700956695133e+01
2.4749540478472599858151e+01
2.4749591562419453794064e+01
2.4749656902214287157449e+01
2.4749743949579357860102e+01
2.4749807883805893027329e+01
2.4749872375055090856222e+01
2.4749928486181939746302e+01
2.4750008472825896888025e+01
2.4750068823731712797098e+01
2.4750136463393086927454e+01
2.4750211048644349176584e+01
2.4750281287781334071951e+01
2.4750341713989826075704e+01
2.4750383259589312956450e+01
2.4750419491597948962180e+01
2.4750474212399534934548e+01
2.4750522792623325329942e+01
2.4750564712034098135973e+01
2.4750596620353167764961e+01
2.4750630704315721430930e+01
2.4750680776161107843336e+01
2.4750732501689196141115e+01
2.4750804278011930392722e+01
2.4750848981649902214031e+01
2.4750872435108071556442e+01
2.4750921734049136091471e+01
2.4750960097805261739268e+01
2.4751008361746876573761e+01
2.4751063247134808875671e+01
2.4751109087720315926617e+01
2.4751140238687337813417e+01
2.4751209883779207387988e+01
2.4751256258032931611979e+01
2.4751312459247280628460e+01
2.4751405891811646853284e+01
2.4751491350024203086377e+01
2.4751534432611439484617e+01
2.4751577141938142290201e+01
2.4751609201685518257818e+01
2.4751656557033559380443e+01
2.4751718960929846247154e+01
2.4751813181313117695481e+01
2.4751863395929778022264e+01
2.4751905279625990630166e+01
2.4751963939700310390890e+01
2.4752010688863119725056e+01
2.4752053899384751645130e+01
2.4752073267907888975969e+01
2.4752099724842494765653e+01
2.4752194221525783746074e+01
2.4752267605806991923600e+01
2.4752359660720738787631e+01
2.4752468744845423032075e+01
2.4752519112585165572682e+01
2.4752589831120616281623e+01
2.4752659688457029574238e+01
2.4752731164847201483781e+01
2.4752797165968022596871e+01
2.4752830490624820214407e+01
2.4752845283978416546233e+01
2.4752876643313982185646e+01
2.4752917649246995779322e+01
2.4752979788017121620669e+01
2.4753048695253777822245e+01
2.4753093476930480676401e+01
2.4753152972419201205412e+01
2.4753206821629650136174e+01
2.4753276256319118431293e+01
2.4753337242540158769089e+01
2.4753394246493776620355e+01
2.4753467257587363548055e+01
2.4753529055449860152294e+01
2.4753588376790112590697e+01
2.4753657728068525045728e+01
2.4753699839935716653372e+01
2.4753756670794736294283e+01
2.4753798187846371092746e+01
2.4753837324996489144269e+01
2.4753856792180744861298e+01
2.4753902896503436892317e+01
2.4753954181336780493439e+01
2.4753996286693080719488e+01
2.4754040213332071829200e+01
2.4754107371595818420928e+01
2.4754158466488657808213e+01
2.4754230476795342497098e+01
2.4754296005601474917057e+01
2.4754367775434587883865e+01
2.4754434950030336892723e+01
2.4754522277861376267083e+01
2.4754618052026025054602e+01
2.4754695532696430859687e+01
2.4754781378490211096732e+01
2.4754862707628927154246e+01
2.4754966660500667074984e+01
2.4755054621344157794738e+01
2.4755168947938248180662e+01
2.4755265432032317107769e+01
2.4755348374118053556003e+01
2.4755448814106546961966e+01
2.4755494873283346635162e+01
2.4755525431270875458267e+01
2.4755585722090586386912e+01
2.4755638933416591385139e+01
2.4755675505539418423950e+01
2.4755712877058403620367e+01
2.4755760808187485366716e+01
2.4755822789277246442907e+01
2.4755855051906426211872e+01
2.4755897749831916598851e+01
2.4755968680468651399451e+01
2.4756039860204293034940e+01
2.4756156836560659684210e+01
2.4756254066527883850313e+01
2.4756341557267631969808e+01
2.4756428263007126844286e+01
2.4756500351818484517707e+01
2.4756582069382695010518e+01
2.4756664333718457982059e+01
2.4756766180436819979604e+01
2.4756829062359852144937e+01
2.4756869046521334354338e+01
2.4756913982107032978774e+01
2.4756964564963446662205e+01
2.4757004755556273778438e+01
2.4757064639877896183862e+01
2.4757118010773545790926e+01
2.4757204082780965848087e+01
2.4757302285054329615832e+01
2.4757399206750317688375e+01
2.4757480786025496399816e+01
2.4757545537086901532575e+01
2.4757624044903231208536e+01
2.4757703497008048287853e+01
2.4757761873849354117283e+01
2.4757869309833594684278e+01
2.4758020759125265897183e+01
2.4758154498026300416313e+01
2.4758223716175567830078e+01
2.4758297590671766386095e+01
2.4758391553258160655560e+01
2.4758477726675909735832e+01
2.4758569574647651734267e+01
2.4758651040332185999659e+01
2.4758706850991913483995e+01
2.4758742616477892539706e+01
2.4758780920585049756255e+01
2.4758801506269762171542e+01
2.4758838480706867102299e+01
2.4758901712530029470827e+01
2.4758930372240239847770e+01
2.4758959871053484391723e+01
2.4758978890691039964622e+01
2.4759040704658481502065e+01
2.4759095489277648027837e+01
2.4759180562625783039721e+01
2.4759258593074083165675e+01
2.4759366782654741001579e+01
2.4759478738304288469863e+01
2.4759576250136689168357e+01
2.4759699770923475625750e+01
2.4759768359179592067676e+01
2.4759833252286707505618e+01
2.4759909640836923472307e+01
2.4759969934651046230556e+01
2.4760039725469155769133e+01
2.4760091399365194320126e+01
2.4760150035090887854494e+01
2.4760211681036881969931e+01
2.4760251158097414503345e+01
2.4760305225507014625919e+01
2.4760386409675753327519e+01
2.4760435645251444469750e+01
2.4760493692236970275644e+01
2.4760561824006241948837e+01
2.4760643123679230370726e+01
2.4760708820377573147198e+01
2.4760809715419465959485e+01
2.4760921317766008797889e+01
2.4761030782367829061741e+01
2.4761131699868645483775e+01
2.4761191531592587011801e+01
2.4761270856625845482313e+01
2.4761384809415613261763e+01
2.4761518333426110416440e+01
2.4761650271928758115791e+01
2.4761793194875973966873e+01
2.4761920831502738593599e+01
2.4762025134167611639668e+01
2.4762128580032989333404e+01
2.4762193656975558297972e+01
2.4762245135618286440149e+01
2.4762298452480525412511e+01
2.4762336329565137305053e+01
2.4762403919381963390833e+01
2.4762496745695727895509e+01
2.4762562900426356549133e+01
2.4762655531932331598455e+01
2.4762779127213327967638e+01
2.4762866164552104208951e+01
2.4762973497270927225600e+01
2.4763073303772692668190e+01
2.4763161574307886780844e+01
2.4763270948149042283148e+01
2.4763369719933745471963e+01
2.4763466972978871893929e+01
2.4763584804685130791313e+01
2.4763654315355573487523e+01
2.4763719116129163211326e+01
2.4763762963544198925092e+01
2.4763818285791149520492e+01
2.4763864117562704336706e+01
2.4763904446175125428908e+01
2.4763960353039273343256e+01
2.4763996225789909999548e+01
2.4764021535390455142078e+01
2.4764060495613637868928e+01
2.4764101325589109592329e+01
2.4764141353720223293067e+01
2.4764191559078508220182e+01
2.4764272948753937697575e+01
2.4764357925328688736499e+01
2.4764442230805393307946e+01
2.4764514995068800828903e+01
2.4764603260653796468205e+01
2.4764696821908994905925e+01
2.4764788088252601028216e+01
2.4764895927970393074702e+01
2.4764964555667408063755e+01
2.4765065024365213730562e+01
2.4765207182940958574591e+01
2.4765308668325186403081e+01
2.4765419211959290635150e+01
2.4765534429124343773765e+01
2.4765613341464764118882e+01
2.4765681430059640177888e+01
2.4765705883144558896447e+01
2.4765759362650957342566e+01
2.4765794515531016628529e+01
2.4765835102493021224745e+01
2.4765887582390288201850e+01
2.4765937806077044314179e+01
2.4765981493892347486963e+01
2.4766041395654394108305e+01
2.4766104415204804212181e+01
2.4766182718766085457673e+01
2.4766324922775730499325e+01
2.4766463046233610612035e+01
2.4766612978410790901762e+01
2.4766715954324066473191e+01
2.4766882382382807037402e+01
2.4767024281110757044644e+01
2.4767144853215377509059e+01
2.4767262107960402062190e+01
2.4767311162002783930802e+01
2.4767361154282696134032e+01
2.4767432858222370839485e+01
2.4767505509069472680039e+01
2.4767551864963500918293e+01
2.4767598553161946028922e+01
2.4767654388761012995701e+01
2.4767695877322289277345e+01
2.4767766154133926903569e+01
2.4767829532230845046570e+01
2.4767915062997104769238e+01
2.4768039746797875011453e+01
2.4768116872945704187714e+01
2.4768190286876656358572e+01
2.4768292478224893216066e+01
2.4768365547151375949397e+01
2.4768472719079085209160e+01
2.4768661305830370622516e+01
2.4768753689242149818028e+01
2.4768907726980582850729e+01
2.4769021227145252339596e+01
2.4769102355517158997600e+01
2.4769211311931734087466e+01
2.4769307212194867418020e+01
2.4769368388709349204646e+01
2.4769424281474908156042e+01
2.4769501096956052066389e+01
2.4769576312582955779362e+01
2.4769628628360589317481e+01
2.4769677050693484687827e+01
2.4769743740011129773393e+01
2.4769818488366780684373e+01
2.4769887003746532627702e+01
2.4769963884787607355520e+01
2.4770021266104496504568e+01
2.4770074817733306105083e+01
2.4770106548518658229341e+01
2.4770183458105343277111e+01
2.4770280591755305721335e+01
2.4770347365173865483712e+01
2.4770430312625926205783e+01
2.4770498522308717070928e+01
2.4770576436762461014496e+01
2.4770657614910238208950e+01
2.4770741808123336369363e+01
2.4770811730100007252986e+01
2.4770875535302163683582e+01
2.4770926169320350851422e+01
2.4770981023656108988007e+01
2.4771059575544654762780e+01
2.4771135066405566504955e+01
2.4771225441347649365298e+01
2.4771279037939631706422e+01
2.4771344167416053494435e+01
2.4771400283146071785723e+01
2.4771480192645153550757e+01
2.4771575710965684891107e+01
2.4771637301024142630013e+01
2.4771765995010703420576e+01
2.4771850969310737156093e+01
2.4771928424797692969150e+01
2.4772015534024106386823e+01
2.4772088097423146990650e+01
2.4772164476958906220716e+01
2.4772212697835819028569e+01
2.4772254396497121575749e+01
2.4772328640138560729156e+01
2.4772440193598740165726e+01
2.4772527918023570236983e+01
2.4772623018820759455139e+01
2.4772733143659618093579e+01
2.4772834362897654614244e+01
2.4772945423728224056958e+01
2.4773049383558461755683e+01
2.4773135657985235980050e+01
2.4773224561655535325144e+01
2.4773311266317918466484e+01
2.4773380421890191627199e+01
2.4773442765554037237052e+01
2.4773505157249470443048e+01
2.4773551884417301494068e+01
2.4773606752916624174077e+01
2.4773676662174107576675e+01
2.4773731029791033364518e+01
2.4773828496001890187017e+01
2.4773941069447033669348e+01
2.4774085758925554756615e+01
2.4774226391823123805125e+01
2.4774352303924953133674e+01
2.4774463455224449148773e+01
2.4774582944123903160971e+01
2.4774663055882268025698e+01
2.4774725102897072304131e+01
2.4774792775780845488498e+01
2.4774853276372759580681e+01
2.4774935098276202438683e+01
2.4775005918486137090895e+01
2.4775063330120360660658e+01
2.4775117920123747694561e+01
2.4775173345269411839809e+01
2.4775212098146898398454e+01
2.4775291104985313950237e+01
2.4775369986540741962244e+01
2.4775444415945536036361e+01
2.4775548330696189225364e+01
2.4775622777417062536642e+01
2.4775726742929460755249e+01
2.4775835135583644586177e+01
2.4775945896904225662638e+01
2.4776010434577358410024e+01
2.4776076637659503631994e+01
2.4776125717937169667948e+01
2.4776246242873394720618e+01
2.4776328830840391503898e+01
2.4776413222829969384975e+01
2.4776505306053117294596e+01
2.4776597148693749517179e+01
2.4776665868676683857075e+01
2.4776767267067441480322e+01
2.4776855495998042044903e+01
2.4776932081400808272065e+01
2.4776975247122649648190e+01
2.4777051704227083916976e+01
2.4777183231880197666896e+01
2.4777277379128669565489e+01
2.4777357097538498464928e+01
2.4777412553219761548462e+01
2.4777473102880595234865e+01
2.4777556409393199032820e+01
2.4777618510479012314818e+01
2.4777716161819210327621e+01
2.4777822817954135103946e+01
2.4777893228276973047741e+01
2.4777957510887869574390e+01
2.4778036901739902475583e+01
2.4778110348310757871104e+01
2.4778175937228848368932e+01
2.4778212611339448301351e+01
2.4778235680500912962998e+01
2.4778262274262818465331e+01
2.4778278639127471194570e+01
2.4778330110779911876762e+01
2.4778368085839371559587e+01
2.4778398796092226064047e+01
2.4778433879872338252426e+01
2.4778476867815786732763e+01
2.4778515427815051452853e+01
2.4778553053181330056987e+01
2.4778592695458097949768e+01
2.4778657546100916420073e+01
2.4778709948995853551423e+01
2.4778786604479947186519e+01
2.4778867028002053984892e+01
2.4778972173306559767525e+01
2.4779057607009143282539e+01
2.4779156654583331942376e+01
2.4779254350349184221614e+01
2.4779383665753002219390e+01
2.4779478857343534059510e+01
2.4779573680253566436704e+01
2.4779688416214074919708e+01
2.4779791696843556536578e+01
2.4779891045315235231783e+01
2.4779982230646844243438e+01
2.4780054440148415295653e+01
2.4780126800641575357531e+01
2.4780179197198414442482e+01
2.4780239435832523753334e+01
2.4780290821379477250730e+01
2.4780353724038896245929e+01
2.4780446741832712120868e+01
2.4780523466549492894728e+01
2.4780618569797702832602e+01
2.4780730170472846651819e+01
2.4780880006566434303750e+01
2.4780991317844247134872e+01
2.4781132539712480422622e+01
2.4781227253038895952386e+01
2.4781306336078220198260e+01
2.4781365172711176114717e+01
2.4781403240089492356901e+01
2.4781509177193068893530e+01
2.4781576206788614058496e+01
2.4781630364814468237000e+01
2.4781649354244596139552e+01
2.4781698227257813016422e+01
2.4781746403182911109297e+01
2.4781763149286174297004e+01
2.4781820827287400987871e+01
2.4781881807261306960299e+01
2.4781932469673698449242e+01
2.4781996473650767853769e+01
2.4782063592636440318984e+01
2.4782164358101450574168e+01
2.4782279734618970934434e+01
2.4782360567670874473833e+01
2.4782427136481373963761e+01
2.4782494738415600465942e+01
2.4782568452748389375984e+01
2.4782641659728319893929e+01
2.4782694060979256533983e+01
2.4782802638560902153131e+01
2.4782915148894563373005e+01
2.4783034989287500593491e+01
2.4783087749243502884156e+01
2.4783132087850173519428e+01
2.4783193164743739345113e+01
2.4783248946387274713743e+01
2.4783294157781259769990e+01
2.4783359899586614005784e+01
2.4783453268923388179701e+01
2.4783505425301953550843e+01
2.4783567081226390627080e+01
2.4783651366037670271680e+01
2.4783722459346321898011e+01
2.4783786845171292156920e+01
2.4783840088980976901212e+01
2.4783917756115631192415e+01
2.4783958806582912615113e+01
2.4784004128826591539791e+01
2.4784048419776443239471e+01
2.4784123151999533973822e+01
2.4784208436640749795288e+01
2.4784244616588456011641e+01
2.4784307118124598190434e+01
2.4784367974627826924916e+01
2.4784414929717012654464e+01
2.4784475941252829045425e+01
2.4784521405117004633212e+01
2.4784557249125583666682e+01
2.4784576643930947170702e+01
2.4784608274958042528624e+01
2.4784637053187505983942e+01
2.4784680050131328243879e+01
2.4784757211639501406353e+01
2.4784821025198311872373e+01
2.4784876839365530543091e+01
2.4784941913732232876555e+01
2.4785005662660438474632e+01
2.4785075872457937862237e+01
2.4785145520900684346088e+01
2.4785211945444029169039e+01
2.4785267457520401279680e+01
2.4785323529054199553912e+01
2.4785389228294803842800e+01
2.4785464666010334155999e+01
2.4785534716496766094451e+01
2.4785618631720879534441e+01
2.4785699042636881728185e+01
2.4785759673877716835477e+01
2.4785810806521173077499e+01
2.4785858217510511991577e+01
2.4785934438781300315213e+01
2.4786017633281765881748e+01
2.4786062001853284897379e+01
2.4786124393299548529512e+01
2.4786181693285101346191e+01
2.4786234454888813161233e+01
2.4786271032115138268637e+01
2.4786333811298693063918e+01
2.4786381269297795171269e+01
2.4786449227949212570365e+01
2.4786498581397033547091e+01
2.4786548217743671784774e+01
2.4786614518176346422251e+01
2.4786650124591826482856e+01
2.4786716715459132132082e+01
2.4786761430306167852677e+01
2.4786806776886191272524e+01
2.4786858348044415123468e+01
2.4786889686732866522334e+01
2.4786934288791261593587e+01
2.4786993190190070635026e+01
2.4787058660897244521948e+01
2.4787123666105149055738e+01
2.4787176866912947303945e+01
2.4787233053404783333917e+01
2.4787269496670791824044e+01
2.4787309896003407061471e+01
2.4787345757156952430478e+01
2.4787436909841613186245e+01
2.4787498898530369473292e+01
2.4787567344518681267118e+01
2.4787640286198723060807e+01
2.4787727891560717097263e+01
2.4787772668125516162263e+01
2.4787846101937873299903e+01
2.4787900585513625628664e+01
2.4787952718617699332526e+01
2.4788010638300580268378e+01
2.4788080924566902041306e+01
2.4788145846391035576062e+01
2.4788209866179776952322e+01
2.4788309839139117229934e+01
2.4788381393579239642122e+01
2.4788459910872198577181e+01
2.4788504019793382582293e+01
2.4788567741095427265918e+01
2.4788632618652744810106e+01
2.4788681523030565045929e+01
2.4788710424033034485092e+01
2.4788758304218152517251e+01
2.4788782801253230303473e+01
2.4788852725103918572813e+01
2.4788922471721452467364e+01
2.4788989513414119159052e+01
2.4789087429342320234582e+01
2.4789147696523638586541e+01
2.4789208796190518313551e+01
2.4789256137355899056729e+01
2.4789303092071030221177e+01
2.4789347087096061272860e+01
2.4789384769582380130259e+01
2.4789447704813131423407e+01
2.4789480844970459116894e+01
2.4789516277949886102761e+01
2.4789550468369586866402e+01
2.4789591140312477790530e+01
2.4789636885822908141108e+01
2.4789672133643886553500e+01
2.4789705769588735506659e+01
2.4789758347202408117482e+01
2.4789805627151899614091e+01
2.4789870646258790998218e+01
2.4789907822109451984716e+01
2.4789942194173974598925e+01
2.4790002330543416064756e+01
2.4790042167131648653822e+01
2.4790091750109215951170e+01
2.4790127066374374464885e+01
2.4790168840591206844692e+01
2.4790213383065047736409e+01
2.4790286944043241845748e+01
2.4790351902733313238514e+01
2.4790407517051370689387e+01
2.4790461140904334058632e+01
2.4790526840919657303175e+01
2.4790601602374643164239e+01
2.4790669069139205760166e+01
2.4790750590784409013168e+01
2.4790786064600439431160e+01
2.4790848241321079115096e+01
2.4790927078456331145162e+01
2.4790977508165926934680e+01
2.4791037771200045369824e+01
2.4791087792175556359098e+01
2.4791154520786431447732e+01
2.4791185821047196924383e+01
2.4791235693947317741959e+01
2.4791307864921538595127e+01
2.4791371892892161810096e+01
2.4791416995560542346766e+01
2.4791480575505097760924e+01
2.4791535102388998268452e+01
2.4791592733177825635948e+01
2.4791680176672837632168e+01
2.4791740960611427624372e+01
2.4791776594343460260461e+01
2.4791812414849374590631e+01
2.4791842316105274335314e+01
2.4791883587786820442034e+01
2.4791917147525104780925e+01
2.4791969475752445362104e+01
2.4791998261029217331952e+01
2.4792047780346436525178e+01
2.4792100680407390456139e+01
2.4792149852700656964544e+01
2.4792197800237783411603e+01
2.4792239807123014116996e+01
2.4792277289318402466733e+01
2.4792324982007524880601e+01
2.4792376260775469631881e+01
2.4792403713107784568592e+01
2.4792459345363855760525e+01
2.4792498856972038367985e+01
2.4792552497003519818008e+01
2.4792610082163619722451e+01
2.4792656017403810864153e+01
2.4792715900535075235211e+01
2.4792775678810052397694e+01
2.4792827229563783930644e+01
2.4792889839801748763648e+01
2.4792930551914498238375e+01
2.4792975776109372532119e+01
2.4793039434527141651188e+01
2.4793101628244965439762e+01
2.4793190132002415282386e+01
2.4793268676886391688186e+01
2.4793367347650793419689e+01
2.4793460084229884898832e+01
2.4793524576131545700264e+01
2.4793586002553777092317e+01
2.4793646758451586720184e+01
2.4793698142733518352543e+01
2.4793775853229167438485e+01
2.4793830279045813824723e+01
2.4793879325553163539553e+01
2.4793899540954527083159e+01
2.4793923215618249855652e+01
2.4793984084973946124819e+01
2.4794036977234288343652e+01
2.4794089430763467163388e+01
2.4794118760244039378904e+01
2.4794162972317387527710e+01
2.4794181905379872432604e+01
2.4794217962015022038713e+01
2.4794263002602772161254e+01
2.4794306792439247288939e+01
2.4794346529682165680697e+01
2.4794373098093934970620e+01
2.4794408554311491599265e+01
2.4794433534477580138855e+01
2.4794482218286884034342e+01
2.4794542658931771228481e+01
2.4794574174248211306804e+01
2.4794598778490644974681e+01
2.4794618045467792910586e+01
2.4794635598072282789417e+01
2.4794688276791667647103e+01
2.4794737454793285280630e+01
2.4794775961132970110157e+01
2.4794794886361817276565e+01
2.4794837697981304103223e+01
2.4794893767342447432611e+01
2.4794915330177602186268e+01
2.4794956968785285766899e+01
2.4794990137576299105149e+01
2.4795028117475766293865e+01
2.4795083710080305650081e+01
2.4795125034932514296315e+01
2.4795187991445178710137e+01
2.4795238663021343938908e+01
2.4795313073311085361183e+01
2.4795371389817109530895e+01
2.4795447258947103108540e+01
2.4795493212439261299096e+01
2.4795552934460406646622e+01
2.4795615873063137968302e+01
2.4795672216839570012326e+01
2.4795725951401859532552e+01
2.4795760977207130792976e+01
2.4795814625962758981359e+01
2.4795862702873581184804e+01
2.4795906376504039059228e+01
2.4795918772527201667799e+01
2.4795933781109791738118e+01
2.4795990842995131231419e+01
2.4796030983616983434104e+01
2.4796075438417869207797e+01
2.4796096022677218684294e+01
2.4796118960030014477525e+01
2.4796139925162346884235e+01
2.4796174136916175001488e+01
2.4796195292249780806060e+01
2.4796263313269282235751e+01
2.4796298613146475986468e+01
2.4796336983892423688758e+01
2.4796359150920807223883e+01
2.4796382288005283101029e+01
2.4796424451237328412390e+01
2.4796478842612398096890e+01
2.4796532387618867687706e+01
2.4796566340544281104030e+01
2.4796598145372215071802e+01
2.4796641277124479074701e+01
2.4796668777171245068303e+01
2.4796712646651332789816e+01
2.4796741468746137826429e+01
2.4796756152805532025241e+01
2.4796767611293169863984e+01
2.4796819855757824768716e+01
2.4796900027000123856169e+01
2.4796968426182893097121e+01
2.4797033203352039976153e+01
2.4797116542467435351682e+01
2.4797188629576169205393e+01
2.4797285312697837866835e+01
2.4797345590691620031976e+01
2.4797404877667478473313e+01
2.4797442292729634516490e+01
2.4797518641576605347154e+01
2.4797578900499654963596e+01
2.4797626678386723853009e+01
2.4797671693827474825866e+01
2.4797720741460555160529e+01
2.4797782531555906615495e+01
2.4797835002573066276454e+01
2.4797907996909607675207e+01
2.4797943072470062020329e+01
2.4797974034765161377436e+01
2.4798029353546922948226e+01
2.4798036308319950649093e+01
2.4798084039965345937162e+01
2.4798147315288325387428e+01
2.4798223912903182508671e+01
2.4798279764511079292788e+01
2.4798300609990143072991e+01
2.4798336392187671606280e+01
2.4798383206893589658648e+01
2.4798444769187579339587e+01
2.4798495778999885885696e+01
2.4798547363227562811971e+01
2.4798570360349234675823e+01
2.4798602699221248713002e+01
2.4798639658977958077912e+01
2.4798663614036659197382e+01
2.4798678468700263266555e+01
2.4798717425476290543429e+01
2.4798748115257957636004e+01
2.4798780030719445477416e+01
2.4798807676468022975769e+01
2.4798831167082145299219e+01
2.4798859206388705445079e+01
2.4798887361645000737553e+01
2.4798926617972266939205e+01
2.4798966093053930848100e+01
2.4798984424844181972958e+01
2.4799016570628648281627e+01
2.4799055797355045172026e+01
2.4799096607109472500952e+01
2.4799132874561504280564e+01
2.4799163376671604197554e+01
2.4799204110755503904784e+01
2.4799257967589522166918e+01
2.4799299559800545011967e+01
2.4799340591752578433216e+01
2.4799384770849869141784e+01
2.4799420880833427105472e+01
2.4799480662706820055519e+01
2.4799529095960938462895e+01
2.4799557730983316616857e+01
2.4799581258554439955333e+01
2.4799625666197322004791e+01
2.4799682948176542396368e+01
2.4799721200256826136865e+01
2.4799773058088106836294e+01
2.4799799696831733797353e+01
2.4799841429227978295557e+01
2.4799874597232793860258e+01
2.4799905622098183499702e+01
2.4799930565101441004572e+01
2.4799958986035434804762e+01
2.4799987215597354861529e+01
2.4800019344939592258470e+01
2.4800054195795649292222e+01
2.4800081361531315593538e+01
2.4800110400182845182826e+01
2.4800146421893369819145e+01
2.4800167199378353899419e+01
2.4800210285329669090970e+01
2.4800228883082223063639e+01
2.4800245498245718778207e+01
2.4800259134042956787880e+01
2.4800279420328646295957e+01
2.4800292321866695743893e+01
2.4800306934399600322649e+01
2.4800331906130324455262e+01
2.4800361576761428494819e+01
2.4800404418697205244371e+01
2.4800430015959396001790e+01
2.4800453008967071610869e+01
2.4800464513874697303208e+01
2.4800482958445325465391e+01
2.4800508609828334272152e+01
2.4800536212389886259189e+01
2.4800575885135920373159e+01
2.4800588695181858156502e+01
2.4800627671409209540343e+01
2.4800667197961058008104e+01
2.4800701359455452177372e+01
2.4800732569392682336229e+01
2.4800758710968896281202e+01
2.4800783591884940193495e+01
2.4800810320394830910118e+01
2.4800844166189293105163e+01
2.4800868128114334609791e+01
2.4800896664503945032720e+01
2.4800927132583520773323e+01
2.4800958785793621785842e+01
2.4800983412099185443367e+01
2.4801004328412940225235e+01
2.4801027528407928457455e+01
2.4801050183390053405219e+01
2.4801080917087737987003e+01
2.4801102494026508793468e+01
2.4801142325818030798246e+01
2.4801166136509412041278e+01
2.4801201352956876888811e+01
2.4801224879125246758349e+01
2.4801257347063341285320e+01
2.4801283026875459825078e+01
2.4801336684854980774162e+01
2.4801359651656518678919e+01
2.4801383669243133311966e+01
2.4801395633181446243043e+01
2.4801417920638890279861e+01
2.4801438661749351410890e+01
2.4801455904434831722938e+01
2.4801471725748008623214e+01
2.4801501003702348668867e+01
2.4801508580332193076856e+01
2.4801540545774230395182e+01
2.4801580484834630624391e+01
2.4801609840815341812004e+01
2.4801631107452877245123e+01
2.4801651297468215062736e+01
2.4801670050380987930794e+01
2.4801688206170492634328e+01
2.4801709709467079534306e+01
2.4801728456154766178088e+01
2.4801757028202370491954e+01
2.4801786706761202339067e+01
2.4801790410860384383795e+01
2.4801817397966626543848e+01
2.4801850268972600588313e+01
2.4801870008759372865370e+01
2.4801884357600997077498e+01
2.4801908195667635936843e+01
2.4801950881351935151997e+01
2.4801996286293661597711e+01
2.4802020657133525105564e+01
2.4802050592000224327194e+01
2.4802069025703140425776e+01
2.4802081113667362899378e+01
2.4802105928623632280505e+01
2.4802121141559272388122e+01
2.4802145332814230727081e+01
2.4802162302576782337837e+01
2.4802184589608575748798e+01
2.4802211706213920905384e+01
2.4802228638083661849123e+01
2.4802235718346437920445e+01
2.4802255665633921921653e+01
2.4802274047420514335727e+01
2.4802289228017937006143e+01
2.4802300494076675363431e+01
2.4802326945201237151650e+01
2.4802350461577727713802e+01
2.4802377511039800594972e+01
2.4802387622496880226208e+01
2.4802408763741581765316e+01
2.4802428323134037668751e+01
2.4802448530172377161307e+01
2.4802470971523458587171e+01
2.4802496988329004068419e+01
2.4802517783559679287464e+01
2.4802530792015751615054e+01
2.4802544592594369277094e+01
2.4802563546491164458985e+01
2.4802586853643166620031e+01
2.4802602828124147293920e+01
2.4802624102992393062550e+01
2.4802645425420013935991e+01
2.4802657143081194845990e+01
2.4802672002195421896431e+01
2.4802696685646512975154e+01
2.4802709884790118621822e+01
2.4802744508989100324925e+01
2.4802778379023553867455e+01
2.4802804094761825126625e+01
2.4802855391099836168678e+01
2.4802878081649531338826e+01
2.4802925247923123919236e+01
2.4802977047068047511402e+01
2.4803039664350507109702e+01
2.4803080174324538376140e+01
2.4803130490585292733385e+01
2.4803175087143728205774e+01
2.4803206842207114135590e+01
