1.7830593323201000544032e+01
1.7830593323201007649459e+01
1.7830593323201011202173e+01
1.7830593323201011202173e+01
1.7830593323201011202173e+01
1.7830593323200915278903e+01
1.7830593323009100714671e+01
1.7830592941163082798539e+01
1.7830091635154825979726e+01
1.7828692458255947173029e+01
1.7826483449290890348493e+01
1.7825664173187789174335e+01
1.7825051860245181956088e+01
1.7822662843418292766273e+01
1.7820635453289423111300e+01
1.7818086858899963687008e+01
1.7816152077259054919978e+01
1.7813431960339027426699e+01
1.7811828569434531743809e+01
1.7809830736256351713109e+01
1.7808575358913056874144e+01
1.7807121357566394692640e+01
1.7806331504923793573880e+01
1.7804934178848476733492e+01
1.7803405017530348430910e+01
1.7801554943665205854586e+01
1.7800546009590817675416e+01
1.7799105933434734794218e+01
1.7798046578274902884687e+01
1.7796743148357688113492e+01
1.7795686201568067019707e+01
1.7794142379713800750096e+01
1.7792501033988159520050e+01
1.7791296044468083437096e+01
1.7789999433998119116040e+01
1.7788020499973676180616e+01
1.7787879280804595794052e+01
1.7786342784248397208557e+01
1.7786178242466789356513e+01
1.7785114956605855951466e+01
1.7784941834322165021831e+01
1.7784205971117852840280e+01
1.7782989961174560988866e+01
1.7783258625867976121526e+01
1.7782577119544548338581e+01
1.7781565651520654824935e+01
1.7781704260523106597702e+01
1.7781201034417144057898e+01
1.7779989013770123307268e+01
1.7779140632188461523810e+01
1.7779328263184098091187e+01
1.7778951256507660616535e+01
1.7778197074511023600962e+01
1.7777900097084824437843e+01
1.7778460035118744286819e+01
1.7776754348824741924773e+01
1.7776435390383944934456e+01
1.7775897306603209102605e+01
1.7775610958178237552829e+01
1.7774102727898416276275e+01
1.7773347620473334274038e+01
1.7774382473432847717731e+01
1.7772628998986714776720e+01
1.7773078094771062040991e+01
1.7771888036603183280704e+01
1.7771500141726619403926e+01
1.7770808250037784858932e+01
1.7770248774150868342758e+01
1.7771199790081688263399e+01
1.7768752843498855753523e+01
1.7768639745966293475021e+01
1.7769052181998166162202e+01
1.7768675703701941159807e+01
1.7767777935094123620274e+01
1.7767755692685206270198e+01
1.7767373100660257989603e+01
1.7767634767189932176734e+01
1.7766223405751485842075e+01
1.7767171105124301533351e+01
1.7766456221638254220352e+01
1.7764546524186933140754e+01
1.7765284757111942326446e+01
1.7764813434584503681890e+01
1.7763601227460359410770e+01
1.7763982548746838574516e+01
1.7763447820153011491584e+01
1.7764298586260895973510e+01
1.7762230862989376589667e+01
1.7761702743245500357716e+01
1.7762832812804070670154e+01
1.7761841789890706166943e+01
1.7761693695360108335990e+01
1.7761346189116917315687e+01
1.7761310689322510114607e+01
1.7760732757645417478898e+01
1.7760942310709090463661e+01
1.7761231182475565759660e+01
1.7760111663027117856473e+01
1.7759638892326943704347e+01
1.7759604996897575546200e+01
1.7760157692021596886889e+01
1.7759416489683239603892e+01
1.7758010162602516857078e+01
1.7758601087159874509780e+01
1.7758061370480692886531e+01
1.7757399036802155478654e+01
1.7758013158152351707031e+01
1.7757255243008259526505e+01
1.7756824078802811328615e+01
1.7757369750007558906191e+01
1.7757159628068180268201e+01
1.7756919208634812434866e+01
1.7755977570239682705733e+01
1.7756239165998724871542e+01
1.7756846798111130425468e+01
1.7755185450324763252183e+01
1.7755996035595131843365e+01
1.7755577038436499037743e+01
1.7755265670113082876469e+01
1.7755311438679164837140e+01
1.7755505102794977290159e+01
1.7754813518682137640781e+01
1.7755567531259718094816e+01
1.7754621518721300788002e+01
1.7755415678695573689083e+01
1.7753808055890058170689e+01
1.7753834713409947454466e+01
1.7754372638202760015247e+01
1.7754503431826446302466e+01
1.7753293036625137801821e+01
1.7753233782806983498403e+01
1.7754033892062786037513e+01
1.7752827332373165347690e+01
1.7753494689834674602480e+01
1.7753497741715147384411e+01
1.7752288754028636930116e+01
1.7752779683020307288643e+01
1.7752886313903104564815e+01
1.7752873216019615654204e+01
1.7751705168078846241997e+01
1.7752163447574424992581e+01
1.7752101764523391835837e+01
1.7751849615100500301423e+01
1.7751295344757092919963e+01
1.7750871125141081563470e+01
1.7751346470334233629274e+01
1.7751129691360638673814e+01
1.7750831384329408990652e+01
1.7750948633287642053347e+01
1.7751004034483994331595e+01
1.7749655657430764676974e+01
1.7750920037098975257095e+01
1.7750486518542849978530e+01
1.7748894280532450551391e+01
1.7749224421079187408168e+01
1.7749835549522767763619e+01
1.7749647173985866999146e+01
1.7749110215752292418756e+01
1.7748701437335139274865e+01
1.7748928587262053468976e+01
1.7749769465633129073012e+01
1.7748641023872600896993e+01
1.7748510619486427941638e+01
1.7748315750959346104310e+01
1.7747713198144502655396e+01
1.7748436039185371271287e+01
1.7749458021569623156211e+01
1.7747418050715339177259e+01
1.7747299726294002653049e+01
1.7747947760326233890282e+01
1.7748540304968784653283e+01
1.7747923525221590779211e+01
1.7746529802809700271382e+01
1.7747441762246712215756e+01
1.7747299724872330983771e+01
1.7747193286770837516997e+01
1.7748041028591291734529e+01
1.7746004794773043045097e+01
1.7746911307184788597624e+01
1.7746414304770183889559e+01
1.7747341973075432264295e+01
1.7746590753707472742917e+01
1.7745613225686625469280e+01
1.7745231161136494790753e+01
1.7747045469033881914811e+01
1.7745617855005168195248e+01
1.7745579696449929940627e+01
1.7745653202071110854376e+01
1.7744943112456738276705e+01
1.7745714271457121213871e+01
1.7746308423978575774527e+01
1.7745844671412342563599e+01
1.7744202313977606166873e+01
1.7744967623487660546289e+01
1.7744611561638940600005e+01
1.7744724958561274519298e+01
1.7744269034629944314929e+01
1.7743406234661819098619e+01
1.7745087181889658722866e+01
1.7743644914961414826848e+01
1.7743786883836321521812e+01
