6.2844419434119238587755e+00
6.2848750586203330215085e+00
6.2846857807770559745109e+00
6.2847586170349059031537e+00
6.2847531340579454450790e+00
6.2847300260883471878515e+00
6.2847727145710745588758e+00
6.2847277481672758625564e+00
6.2847730605566267669815e+00
6.2847346989509151882203e+00
6.2847672942571479737239e+00
6.2847427832926996416063e+00
6.2847613828671535785020e+00
6.2847489195302435049939e+00
6.2847572872611561223266e+00
6.2847526228086820765384e+00
6.2847550791811945813947e+00
6.2847544358255698071503e+00
6.2847541941542655052899e+00
6.2847550930448434769460e+00
6.2847540338696123995987e+00
6.2847551784643425065724e+00
6.2847541732749556686599e+00
6.2847550543430141800627e+00
6.2847543760458366435273e+00
6.2847549019982116291771e+00
6.2847545416481738200787e+00
6.2847547893152917453108e+00
6.2847546496628670098517e+00
6.2847547550064692956084e+00
6.2847548843221128223036e+00
6.2847552190339044386747e+00
6.2847556347991702097033e+00
6.2847559814321138915716e+00
6.2847563858768520361764e+00
6.2847567263147894323083e+00
6.2847571173522744913953e+00
6.2847574664210341666148e+00
6.2847578465751592347033e+00
6.2847581871544564435794e+00
6.2847585259039941973924e+00
6.2847588493990702573910e+00
6.2847591820575612331368e+00
6.2847595058041330062792e+00
6.2847598150815411344183e+00
6.2847601141906306310148e+00
6.2847604180535130424801e+00
6.2847607460305168203263e+00
6.2847610780756202331077e+00
6.2847613833673650063361e+00
6.2847616621286359617216e+00
6.2847619698096766072126e+00
6.2847623328675892295792e+00
6.2847626965413310173858e+00
6.2847629850984398913738e+00
6.2847632185468862431321e+00
6.2847635299340067760454e+00
6.2847639651485920353480e+00
6.2847643739187990519213e+00
6.2847645837355639031330e+00
6.2847647715700993842347e+00
