3.5450849471960235170798e+00
3.5450849471959662295717e+00
3.5450849471958973957442e+00
3.5450849471958081338130e+00
3.5450849471958898462276e+00
3.5450849471958898462276e+00
3.5450849471957295300228e+00
3.5450849471949461566567e+00
3.5450849487902775791781e+00
3.5450881847309192451689e+00
3.5455727507408907328568e+00
3.5461654036068770423640e+00
3.5467768868696123440998e+00
3.5472984220299781377150e+00
3.5475874753055802734991e+00
3.5487387632200833031959e+00
3.5501284134562287597703e+00
3.5512341702245029395613e+00
3.5530091327017854219150e+00
3.5536883341115004242283e+00
3.5554033922463865735608e+00
3.5561668903365744043299e+00
3.5577629890371329501875e+00
3.5581071643107793356364e+00
3.5593439896455234539019e+00
3.5595938886636648845752e+00
3.5611186675129782308602e+00
3.5616764013616850625965e+00
3.5629698725119629543201e+00
3.5632372445971629559835e+00
3.5646231926645040033463e+00
3.5647633134300744650602e+00
3.5660723112654300059887e+00
3.5664841105751419192416e+00
3.5680652690269973881243e+00
3.5682115629634640896484e+00
3.5697642545089980359307e+00
3.5702779386790823856757e+00
3.5713522712741259113045e+00
3.5710130303927063444291e+00
3.5727375551076083759483e+00
3.5723942406387076964336e+00
3.5732452163030012926015e+00
3.5737428024450084151908e+00
3.5751031233535921494138e+00
3.5749864264444313199931e+00
3.5752400008068940806538e+00
3.5746135556133826760572e+00
3.5759860742710203318495e+00
3.5750497451380298663537e+00
3.5757550683114853740108e+00
3.5764766589416261410861e+00
3.5767488170190508967039e+00
3.5766112952999855600922e+00
3.5783859526477037604764e+00
3.5776728253434160187396e+00
3.5782636216338130630277e+00
3.5781471147577827984776e+00
3.5786177802632685995832e+00
3.5786462452289833358066e+00
3.5791927190308645556627e+00
3.5791807251703104952867e+00
3.5808980540070347586834e+00
3.5806331246411895463666e+00
3.5819380472009823002111e+00
3.5821943202296377961602e+00
3.5821603288862444713914e+00
3.5815140923676396234043e+00
3.5830406603247477725915e+00
3.5822374576265603174363e+00
3.5824650831653874760718e+00
3.5831022603235656021070e+00
3.5834728147862398017764e+00
3.5835828165915204479575e+00
3.5851061389405916024486e+00
3.5843239284234238439808e+00
3.5853890168398856452825e+00
3.5842879770000970474086e+00
3.5846780708911794022242e+00
3.5850140244425774405101e+00
3.5849946332958122496848e+00
3.5845959804186331432163e+00
3.5862426504699298490664e+00
3.5854511617911812848547e+00
3.5866684203350671644728e+00
3.5872554692097837758524e+00
3.5870883546973026945182e+00
3.5867418827096253508557e+00
3.5874839380783849485113e+00
3.5872631619138486414045e+00
3.5881792398902234708657e+00
3.5875855748339460227214e+00
3.5880907242656818745274e+00
3.5888801457447141451951e+00
3.5888523594114758452633e+00
3.5888686401390468283523e+00
3.5904160380652387907219e+00
3.5888887162312017586885e+00
3.5893518702694393596175e+00
3.5895180757070259680575e+00
3.5890166997387353831073e+00
3.5892468388571185933245e+00
3.5896791150028066752498e+00
3.5899292984710542420146e+00
3.5911829818297746896860e+00
3.5897558973728038722584e+00
3.5910719157727157835325e+00
3.5910230237045714929423e+00
3.5909847464215403078924e+00
3.5907264049820337703522e+00
3.5916764807246233104365e+00
3.5901222230417904057731e+00
3.5915807980456460057894e+00
3.5912439311968427091415e+00
3.5926234020479781428037e+00
3.5917853059402982118797e+00
3.5921519877668290909867e+00
3.5921512548157314981268e+00
3.5932285562655326138781e+00
3.5922032360463354017099e+00
3.5928054286871629052769e+00
3.5924681376869922466710e+00
3.5925175803460289714053e+00
3.5927085260190625426446e+00
3.5950606495981229926429e+00
3.5933963941006052955629e+00
3.5933695153071583128224e+00
3.5929676591922237172128e+00
3.5938963593051771461262e+00
3.5934421965872287429988e+00
3.5938566297239225022508e+00
3.5932821574652540341788e+00
3.5940776711672803855890e+00
3.5928536992946278338934e+00
3.5941185911700079813613e+00
3.5948097130987717306994e+00
3.5945753126099031504737e+00
3.5935075348941984962892e+00
3.5946856443371553169186e+00
3.5944776157385649462128e+00
3.5939398781247686720519e+00
3.5946727053084006620054e+00
3.5947187388723076395536e+00
3.5941081889722426012668e+00
3.5948372327825550698321e+00
3.5950020139967646670698e+00
3.5954559581571921000887e+00
3.5953105967614908955454e+00
3.5954924371145366990277e+00
3.5959379437537615231690e+00
3.5959580039157441611053e+00
3.5947153142239307577199e+00
3.5967228538840916307606e+00
3.5955225298559034818879e+00
3.5959089187518276098388e+00
3.5958060046077062743564e+00
3.5964372654433947040786e+00
3.5963260436243480455687e+00
3.5968082285990488067284e+00
3.5968206847797898895180e+00
3.5979066261797814085810e+00
3.5968468191591851379485e+00
3.5972831842488934839253e+00
3.5979495224688373689048e+00
3.5977708136295252216996e+00
3.5971711556515777452603e+00
3.5984934266837504956982e+00
3.5970326278348108139937e+00
3.5980387609025985540256e+00
3.5980578434015759725639e+00
3.5988987950741355703599e+00
3.5984566660749148780951e+00
3.5988846719773919247132e+00
3.5978502132232552668256e+00
3.5999568846712008962641e+00
3.5981160428865166522883e+00
3.5988240728517482125426e+00
3.5994079076993341637092e+00
3.5988616417124235091762e+00
3.5987951673514060324521e+00
3.6004295429168493569705e+00
3.5991158343981366485309e+00
3.5995763987295021912871e+00
3.5997766096141519120977e+00
3.5995567212940740020599e+00
3.6003226982991640703347e+00
3.5993852930078729102092e+00
3.5991472701275188939007e+00
3.6000087606238917459223e+00
3.5995837287580250141161e+00
3.6009990474183641850914e+00
3.6008078145421857918507e+00
3.6004433556803481231157e+00
3.5997318393179340567656e+00
3.6010766378418970212749e+00
3.6010094218499015816803e+00
3.6010885556971610199639e+00
3.6003493167053712831205e+00
3.6007261197694688803495e+00
3.6008101560031278154383e+00
3.6014336672644029491153e+00
