6.2844419434119354050949e+00
6.2844418185348054350925e+00
6.2844418924935645520691e+00
6.2844418502776697721401e+00
6.2844418638585688441367e+00
6.2844418696731301210434e+00
6.2844418545872207104708e+00
6.2844418727798148083252e+00
6.2844418556707442036213e+00
6.2844418699397106564675e+00
6.2844418593208057899346e+00
6.2844418665575920712740e+00
6.2844418622258029216709e+00
6.2844418644223347669708e+00
6.2844418637211578726465e+00
6.2844418635389542870939e+00
6.2844418641904002953424e+00
6.2844418633898486703515e+00
6.2844418641675563463878e+00
6.2844418635188059596430e+00
6.2844418640113399732172e+00
6.2844418636765375651976e+00
6.2844418638814811828297e+00
6.2844418637777135216993e+00
6.2844418638135817190005e+00
6.2844418638205414850972e+00
6.2844418637922361270398e+00
6.2844418638285999278992e+00
6.2844418637935035576447e+00
6.2844418638231926976800e+00
6.2844418638009091893082e+00
6.2844418638161512191687e+00
6.2844418638070287386199e+00
6.2844418638116144038008e+00
6.2844418638102075291840e+00
6.2844418638097385709784e+00
6.2844418638111996244788e+00
6.2844418638098611396003e+00
6.2844418638077668148867e+00
6.2844418638035568491773e+00
6.2844418638146368749631e+00
6.2844418637981789288460e+00
6.2844418638069550198111e+00
6.2844418637917298653406e+00
6.2844418637999810428596e+00
6.2844418638059389436989e+00
6.2844418638086594341985e+00
6.2844418638108878738535e+00
6.2844418638126748888340e+00
6.2844418638140480126708e+00
6.2844418638137362620455e+00
6.2844418638141048560897e+00
6.2844418638154895262460e+00
6.2844418638160037815510e+00
6.2844418638156875900336e+00
6.2844418638136767540914e+00
6.2844418638361743134624e+00
6.2844418638367347540452e+00
6.2844418638513834807213e+00
6.2844418638449592862116e+00
6.2844418638674399701927e+00
