f^(1): LTE = O(12)
=========================

f^(1): forward 0
-----------------------------------
(weights, stencil)
-3.1031961371632874602255e+00, 0
1.1999869427991299630776e+01, 1
-3.2999421609491911056011e+01, 2
7.3331714031387662089401e+01, 3
-1.2374685941101856201385e+02, 4
1.5839558733402631673925e+02, 5
-1.5399541333219792704767e+02, 6
1.1313931357532035804070e+02, 7
-6.1872984664819632882882e+01, 8
2.4443622873223699087930e+01, 9
-6.5997723996842614369029e+00, 10
1.0908706560113683448066e+00, 11
-8.3330343585121369187618e-02, 12
-----------------------------------
f^(1): forward 1
-----------------------------------
(weights, stencil)
-8.3333345576509287866429e-02, -1
-2.0198773436325865304752e+00, 0
5.5000002379324612888922e+00, 1
-9.1666676038084133892880e+00, 2
1.3750001985656277625480e+01, 3
-1.6500002845851660993048e+01, 4
1.5400002959197664154090e+01, 5
-1.1000002275021342867944e+01, 6
5.8928584289333203471983e+00, 7
-2.2916671878592258515539e+00, 8
6.1111125471926208696516e-01, 9
-1.0000002413432544645655e-01, 10
7.5757594450792230950098e-03, 11
-----------------------------------
f^(1): forward 2
-----------------------------------
(weights, stencil)
7.5757578091687101384810e-03, -2
-1.8181818198833693545069e-01, -1
-1.4289682559433498632018e+00, 0
3.3333333414393035987189e+00, 1
-3.7500000140294686978848e+00, 2
4.0000000152640877715271e+00, 3
-3.5000000121604597502767e+00, 4
2.4000000074623675239138e+00, 5
-1.2500000034872122967045e+00, 6
4.7619047739207448488585e-01, 7
-1.2500000028790028694381e-01, 8
2.0202020244858551190070e-02, 9
-1.5151515181326413467949e-03, 10
-----------------------------------
f^(1): forward 3
-----------------------------------
(weights, stencil)
-1.5151514508327725439668e-03, -3
2.7272726218223408700680e-02, -2
-2.9999999621885115042019e-01, -1
-9.9563491925453928566014e-01, 0
2.2499999786383551025892e+00, 1
-1.7999999611169228419527e+00, 2
1.3999999603300339323653e+00, 3
-8.9999997133184916897619e-01, 4
4.4999998473710994817409e-01, 5
-1.6666666079201580830116e-01, 6
4.2857141307122509354954e-02, 7
-6.8181815670257635633722e-03, 8
5.0505048619037024200396e-04, 9
-----------------------------------
f^(1): forward 4
-----------------------------------
(weights, stencil)
5.0505050492993136014575e-04, -4
-8.0808080791212166110737e-03, -3
6.6666666655686449005636e-02, -2
-4.4444444416273359843572e-01, -1
-6.3452381005083247078602e-01, 0
1.6000000002055885239827e+00, 1
-9.3333333323814426929488e-01, 2
5.3333333325144316461319e-01, 3
-2.4999999995404045827208e-01, 4
8.8888888870920376716889e-02, 5
-2.2222222217468379917849e-02, 6
3.4632034624347655948906e-03, 7
-2.5252525246774692969584e-04, 8
-----------------------------------
f^(1): forward 5
-----------------------------------
(weights, stencil)
-2.5252525252585143831358e-04, -5
3.7878787878807538593018e-03, -4
-2.7777777777697042205229e-02, -3
1.3888888888747349947828e-01, -2
-6.2499999997881561242252e-01, -1
-3.0952380956348729545979e-01, 0
1.1666666666887488545967e+00, 1
-5.0000000000354993812124e-01, 2
2.0833333333505332785052e-01, 3
-6.9444444445055680814605e-02, 4
1.6666666666816286335173e-02, 5
-2.5252525252752572836046e-03, 6
1.8037518037679773361473e-04, 7
-----------------------------------
f^(1): central 0
-----------------------------------
(weights, stencil)
1.8037518037510998319788e-04, -6
-2.5974025974017057524779e-03, -5
1.7857142857138019742536e-02, -4
-7.9365079365068189054533e-02, -3
2.6785714285719636196248e-01, -2
-8.5714285714181104314235e-01, -1
-1.9472528960104290101553e-12, 0
8.5714285714360727297390e-01, 1
-2.6785714285693468239558e-01, 2
7.9365079365007376588359e-02, 3
-1.7857142857127049351273e-02, 4
2.5974025974003873626361e-03, 5
-1.8037518037503230011222e-04, 6
-----------------------------------
f^(1): backward 5
-----------------------------------
(weights, stencil)
-1.8037518037517769162355e-04, -7
2.5252525252524907727059e-03, -6
-1.6666666666666461738000e-02, -5
6.9444444444443642616704e-02, -4
-2.0833333333333065029436e-01, -3
4.9999999999999039657084e-01, -2
-1.1666666666667029339521e+00, -1
3.0952380952389429991101e-01, 0
6.2499999999996191935026e-01, 1
-1.3888888888889133754745e-01, 2
2.7777777777777998280406e-02, 3
-3.7878787878787771419009e-03, 4
2.5252525252524997715839e-04, 5
-----------------------------------
f^(1): backward 4
-----------------------------------
(weights, stencil)
2.5252525252523989407819e-04, -8
-3.4632034632033010038143e-03, -7
2.2222222222221272441844e-02, -6
-8.8888888888885575489951e-02, -5
2.4999999999999250599458e-01, -4
-5.3333333333332244574621e-01, -3
9.3333333333332413328520e-01, -2
-1.5999999999999974242826e+00, -1
6.3452380952381182144251e-01, 0
4.4444444444444103359260e-01, 1
-6.6666666666665541640668e-02, 2
8.0808080808078171231035e-03, 3
-5.0505050505048477548636e-04, 4
-----------------------------------
f^(1): backward 3
-----------------------------------
(weights, stencil)
-5.0505050505119503632956e-04, -9
6.8181818181905278972166e-03, -8
-4.2857142857193351870304e-02, -7
1.6666666666684462616566e-01, -6
-4.5000000000042522652066e-01, -5
9.0000000000072621908487e-01, -4
-1.4000000000009078515717e+00, -3
1.8000000000008340439450e+00, -2
-2.2500000000005542233339e+00, -1
9.9563492063517611274648e-01, 0
2.9999999999992449373210e-01, 1
-2.7272727272714514246132e-02, 2
1.5151515151506703398682e-03, 3
-----------------------------------
f^(1): backward 2
-----------------------------------
(weights, stencil)
1.5151515151649523182459e-03, -10
-2.0202020202194664877382e-02, -9
1.2500000000104541375556e-01, -8
-4.7619047619430343587510e-01, -7
1.2500000000095476959672e+00, -6
-2.4000000000171244352032e+00, -5
3.5000000000226694218952e+00, -4
-4.0000000000223323581849e+00, -3
3.7500000000162523328129e+00, -2
-3.3333333333418635469059e+00, -1
1.4289682539713339792797e+00, 0
1.8181818181749115348467e-01, 1
-7.5757575756859206125848e-03, 2
-----------------------------------
f^(1): backward 1
-----------------------------------
(weights, stencil)
-7.5757575777810597789097e-03, -11
1.0000000002563597112371e-01, -10
-6.1111111126045380981253e-01, -9
2.2916666671958769718742e+00, -8
-5.8928571441282935339245e+00, -7
1.1000000002181668179446e+01, -6
-1.5400000002745366955992e+01, -5
1.6500000002554251921083e+01, -4
-1.3750000001745402045117e+01, -3
9.1666666675218735349517e+00, -2
-5.5000000002856026526388e+00, -1
2.0198773449358142784149e+00, 0
8.3333333327777578403150e-02, 1
-----------------------------------
f^(1): backward 0
-----------------------------------
(weights, stencil)
8.3333333117869556883051e-02, -12
-1.0909090881650462812047e+00, -11
6.5999999839259402278913e+00, -10
-2.4444444387154110387428e+01, -9
6.1874999861568468872974e+01, -8
-1.1314285690384110694140e+02, -7
1.5399999969747074146653e+02, -6
-1.5839999971701587355710e+02, -5
1.2374999980575525171389e+02, -4
-7.3333333237872437848637e+01, -3
3.2999999968108639336606e+01, -2
-1.1999999993497457495550e+01, -1
3.1032106775991108449375e+00, 0
-----------------------------------
=========================
f^(2): LTE = O(11)
=========================

f^(2): forward 0
-----------------------------------
(weights, stencil)
8.0648529124890728780883e+00, 0
-5.0476273032476115076861e+01, 1
1.7180843333886872414951e+02, 2
-4.0623895947527313410319e+02, 3
7.0615079830157742435404e+02, 4
-9.1971066812054050387815e+02, 5
9.0442803886906676780200e+02, 6
-6.6986445660532774581952e+02, 7
3.6854148204408954825340e+02, 8
-1.4627549508779867437624e+02, 9
3.9641015729286607438553e+01, 10
-6.5720638319929145509946e+00, 11
5.0329495803097668016335e-01, 12
-----------------------------------
f^(2): forward 1
-----------------------------------
(weights, stencil)
5.0331297231977956130322e-01, -1
1.5218721834421984340224e+00, 0
-1.1218651585022897165800e+01, 1
2.7864421491981833156615e+01, 2
-4.6379967817070735236484e+01, 3
5.8405963131501728469175e+01, 4
-5.6052233401833369441647e+01, 5
4.0770643515840028214825e+01, 6
-2.2122028668557760511248e+01, 7
8.6848564665625875846899e+00, 8
-2.3329370505384918743630e+00, 9
3.8397556016509176712859e-01, 10
-2.9226798789991806359900e-02, 11
-----------------------------------
f^(2): forward 2
-----------------------------------
(weights, stencil)
-2.9226791309338372853999e-02, -2
8.8326118307866940959627e-01, -1
-7.5781745622946572460421e-01, 0
-2.8597883789831346490473e+00, 1
6.9672619397322970158370e+00, 2
-8.7650794036536119335778e+00, 3
8.2527778084545939663030e+00, 4
-5.8990476378243252852940e+00, 5
3.1557539770036768800310e+00, 6
-1.2248677278738933082991e+00, 7
3.2599206421024784496865e-01, 8
-5.3246753353310923018160e-02, 9
4.0271765345711802233652e-03, 10
-----------------------------------
f^(2): forward 3
-----------------------------------
(weights, stencil)
4.0271764193725969119275e-03, -3
-8.1580084816711986861471e-02, -2
1.1973809352287629881317e+00, -1
-1.9095899275861398791676e+00, 0
1.9642882180017060683719e-02, 1
1.7842856488763496614069e+00, 2
-1.8544443777793706562562e+00, 3
1.3421428089713383080550e+00, 4
-7.1607140292621296318032e-01, 5
2.7632274145232482709389e-01, 6
-7.3095235491014404205501e-02, 7
1.1872293950332159229166e-02, 8
-8.9345836177254732684422e-04, 9
-----------------------------------
f^(2): forward 4
-----------------------------------
(weights, stencil)
-8.9345839335637380982519e-04, -4
1.5642135640756879566560e-02, -3
-1.5126984126206552416782e-01, -2
1.4529100530225986798172e+00, -1
-2.5484126986624775490498e+00, 0
1.1695238097039262203936e+00, 1
2.5111111102276262307953e-01, 2
-3.2126984119575030529603e-01, 3
1.9226190472058546365730e-01, 4
-7.7248677232569853967625e-02, 5
2.0793650789397037648154e-02, 6
-3.4054834047964636575823e-03, 7
2.5733525728391924182470e-04, 8
-----------------------------------
f^(2): forward 5
-----------------------------------
(weights, stencil)
2.5733525733528678919315e-04, -5
-4.2388167388151603773294e-03, -4
3.5714285714247701042368e-02, -3
-2.2486772486724468378405e-01, -2
1.6369047618995780091211e+00, -1
-2.8796031745933530210380e+00, 0
1.6111111111052722755232e+00, 1
-1.9047619047492511668018e-01, 2
9.9206349200939691196366e-03, 3
8.2671957673759715462536e-03, 4
-3.6507936508361179053783e-03, 5
7.2150072150701095689829e-04, 6
-6.0125060125499351119330e-05, 7
-----------------------------------
f^(2): central 0
-----------------------------------
(weights, stencil)
-6.0125060125093581680014e-05, -6
1.0389610389614891208798e-03, -5
-8.9285714285742747570174e-03, -4
5.2910052910064647724298e-02, -3
-2.6785714285718276173043e-01, -2
1.7142857142853780150205e+00, -1
-2.9827777777769783895678e+00, 0
1.7142857142852079288531e+00, 1
-2.6785714285704848025560e-01, 2
5.2910052910021050653899e-02, 3
-8.9285714285644371401851e-03, 4
1.0389610389600631781826e-03, 5
-6.0125060124994858295946e-05, 6
-----------------------------------
f^(2): backward 5
-----------------------------------
(weights, stencil)
-6.0125060125059700362124e-05, -7
7.2150072150071564540397e-04, -6
-3.6507936507936089402804e-03, -5
8.2671957671955394880703e-03, -4
9.9206349206360528586446e-03, -3
-1.9047619047619482324230e-01, -2
1.6111111111110922866629e+00, -1
-2.8796031746031323095281e+00, 0
1.6369047619047452091223e+00, 1
-2.2486772486772779733322e-01, 2
3.5714285714286218842428e-02, 3
-4.2388167388167840785029e-03, 4
2.5733525733525935887819e-04, 5
-----------------------------------
f^(2): backward 4
-----------------------------------
(weights, stencil)
2.5733525733524586056114e-04, -8
-3.4054834054832558605519e-03, -7
2.0793650793649910007987e-02, -6
-7.7248677248674138540174e-02, -5
1.9226190476189758404857e-01, -4
-3.2126984126983015865875e-01, -3
2.5111111111109962745758e-01, -2
1.1695238095238167375101e+00, -1
-2.5484126984127022375048e+00, 0
1.4529100529100524852311e+00, 1
-1.5126984126984091560963e-01, 2
1.5642135642135453904578e-02, 3
-8.9345839345837717651588e-04, 4
-----------------------------------
f^(2): backward 3
-----------------------------------
(weights, stencil)
-8.9345839345951070988722e-04, -9
1.1872294372308430862595e-02, -8
-7.3095238095319356452784e-02, -7
2.7632275132303685261093e-01, -6
-7.1607142857210848152505e-01, -5
1.3421428571440132682113e+00, -4
-1.8544444444458823006983e+00, -3
1.7842857142870276465629e+00, -2
1.9642857141989954194994e-02, -1
-1.9095899470895507654689e+00, 0
1.1973809523808360832930e+00, 1
-8.1580086580066810131306e-02, 2
4.0271765271751944897938e-03, 3
-----------------------------------
f^(2): backward 2
-----------------------------------
(weights, stencil)
4.0271765272121909373659e-03, -10
-5.3246753247216387083807e-02, -9
3.2599206349483911271392e-01, -8
-1.2248677248778885306990e+00, -7
3.1557539682793307456166e+00, -6
-5.8990476190931246947002e+00, -5
8.2527777778380446704887e+00, -4
-8.7650793651387672866804e+00, -3
6.9672619048051585011194e+00, -2
-2.8597883598110689362670e+00, -1
-7.5781746030926555590668e-01, 0
8.8326118325934910302522e-01, 1
-2.9226791726601666215890e-02, 2
-----------------------------------
f^(2): backward 1
-----------------------------------
(weights, stencil)
-2.9226791734412255197029e-02, -11
3.8397546907200569288321e-01, -10
-2.3329365084988222811546e+00, -9
8.6848544993468657082758e+00, -8
-2.2122023814308764855241e+01, -7
4.0770634928846064326535e+01, -6
-5.6052222232553283731704e+01, -5
5.8405952390562617893011e+01, -4
-4.6379960324026171747391e+01, -3
2.7864417992634603393753e+01, -2
-1.1218650794724865704666e+01, -1
1.5218722945921576705786e+00, 0
5.0331289079200280944804e-01, 1
-----------------------------------
f^(2): backward 0
-----------------------------------
(weights, stencil)
5.0331288953498187765945e-01, -12
-6.5722943560193201051334e+00, -11
3.9642380857043612252255e+01, -10
-1.4628042294062123573894e+02, -9
3.6855357060748661979233e+02, -8
-6.6988571286799663084821e+02, -7
9.0445555376106528910896e+02, -6
-9.1973714117854024152621e+02, -5
7.0616964170488927265978e+02, -4
-4.0624867668238812257187e+02, -3
1.7181190457271330274125e+02, -2
-5.0477056238478894556465e+01, -1
8.0649398713113455983148e+00, 0
-----------------------------------
=========================
f^(3): LTE = O(10)
=========================

f^(3): forward 0
-----------------------------------
(weights, stencil)
-1.7711721916671081089589e+01, 0
1.3890378656423365555383e+02, 1
-5.4069828035461500803649e+02, 2
1.3680019102734086118289e+03, 3
-2.4644115397436739840487e+03, 4
3.2805185927173233721987e+03, 5
-3.2736720254881552136794e+03, 6
2.4502980259640994518122e+03, 7
-1.3588018831573745046626e+03, 8
5.4265044310504674740514e+02, 9
-1.4778801482266811717636e+02, 10
2.4601046875211807218875e+01, 11
-1.8903400161656667144428e+00, 12
-----------------------------------
f^(3): forward 1
-----------------------------------
(weights, stencil)
-1.8904068142382852713013e+00, -1
6.8632606801428686083000e+00, 0
-8.5450588912327418711357e+00, 1
-5.4863959638254383710532e-02, 2
1.6397277947077661508501e+01, 3
-3.1528223070483221590621e+01, 4
3.6679175805306009294782e+01, 5
-2.9836475281223791000684e+01, 6
1.7423664687396492212201e+01, 7
-7.2060531976323680680707e+00, 8
2.0124541474587021028242e+00, 9
-3.4136912220251625083023e-01, 10
2.6617069269447624080271e-02, 11
-----------------------------------
f^(3): forward 2
-----------------------------------
(weights, stencil)
2.6617063250145608921393e-02, -2
-2.2364285716311593787964e+00, -1
8.9393915477094907373612e+00, 0
-1.6157539718513145743373e+01, 1
1.8976339338071809947905e+01, 2
-1.7858888942845037917095e+01, 3
1.4146666709819214702293e+01, 4
-8.9957143123642211435254e+00, 5
4.4196924728584177088919e+00, 6
-1.6075396868917890547124e+00, 7
4.0642857247868480197184e-01, 8
-6.3677248834576621883130e-02, 9
4.6527777887992293609498e-03, 10
-----------------------------------
f^(3): forward 3
-----------------------------------
(weights, stencil)
4.6527773650175963116027e-03, -3
-3.3869041430320406815824e-02, -2
-1.8735119626781095991674e+00, -1
7.6086971486848060663988e+00, 0
-1.2830803466544121960169e+01, 1
1.2988214032532505726181e+01, 2
-9.8747219639222105769250e+00, 3
6.1624998133291173374460e+00, 4
-3.0075891863285431071517e+00, 5
1.0929563109522648645111e+00, 6
-2.7684522800177480128525e-01, 7
4.3511903126397612207032e-02, 8
-3.1911374433205019762738e-03, 9
-----------------------------------
f^(3): forward 4
-----------------------------------
(weights, stencil)
-3.1911375651630046433593e-03, -4
4.6137566124194902272837e-02, -3
-2.8277777768983508588363e-01, -2
-9.6084656433083592830258e-01, -1
5.3270337368226261531845e+00, 0
-8.7238095266712658570896e+00, 1
7.5122222214521094940665e+00, 2
-4.3987301580634765585387e+00, 3
2.0555059520064471456635e+00, 4
-7.2592592577945980192311e-01, 5
1.8029100525224817097580e-01, 6
-2.7936507930240071784223e-02, 7
2.0271164016474616312302e-03, 8
-----------------------------------
f^(3): forward 5
-----------------------------------
(weights, stencil)
2.0271164021236141687676e-03, -5
-2.9543650793719525293746e-02, -4
2.0425264550276392427897e-01, -3
-8.6253306878201274621176e-01, -2
4.8854166659206066380960e-01, -1
2.7181349207831067005259e+00, 0
-5.2452777778771872974062e+00, 1
4.0336904762219756293007e+00, 2
-1.7898313492214814601766e+00, 3
6.0611772487309645285336e-01, 4
-1.4617063492194931617618e-01, 5
2.2175925926125581583159e-02, 6
-1.5839947090089119378920e-03, 7
-----------------------------------
f^(3): central 0
-----------------------------------
(weights, stencil)
-1.5839947089940659575441e-03, -6
2.2619047619039156504783e-02, -5
-1.5309523809518715831146e-01, -4
6.5727513227494882563917e-01, -3
-1.9950892857138857738875e+00, -2
2.5271428571467637880232e+00, -1
-9.0196808688102114081121e-12, 0
-2.5271428571362242188059e+00, 1
1.9950892857124578050332e+00, 2
-6.5727513227450962141063e-01, 3
1.5309523809510139358281e-01, 4
-2.2619047619028505302641e-02, 5
1.5839947089934282298263e-03, 6
-----------------------------------
f^(3): backward 5
-----------------------------------
(weights, stencil)
1.5839947089946893737933e-03, -7
-2.2175925925925682458129e-02, -6
1.4617063492063347984740e-01, -5
-6.0611772486771930967819e-01, -4
1.7898313492063289142919e+00, -3
-4.0336904761903973337667e+00, -2
5.2452777777779973078509e+00, -1
-2.7181349206354581404810e+00, 0
-4.8854166666643811245407e-01, 1
8.6253306878309676797301e-01, 2
-2.0425264550264782270617e-01, 3
2.9543650793650740038476e-02, 4
-2.0271164021163825402772e-03, 5
-----------------------------------
f^(3): backward 4
-----------------------------------
(weights, stencil)
-2.0271164021163031766781e-03, -8
2.7936507936506656257780e-02, -7
-1.8029100529099773009278e-01, -6
7.2592592592589966216110e-01, -5
-2.0555059523808938415357e+00, -4
4.3987301587300757788057e+00, -3
-7.5122222222221530785191e+00, -2
8.7238095238095070271811e+00, -1
-5.3270337301587460387964e+00, 0
9.6084656084658393027098e-01, 1
2.8277777777776785805841e-01, 2
-4.6137566137563895685147e-02, 3
3.1911375661373966514112e-03, 4
-----------------------------------
f^(3): backward 3
-----------------------------------
(weights, stencil)
3.1911375661421523958206e-03, -9
-4.3511904761962642840256e-02, -8
2.7684523809557393114744e-01, -7
-1.0929563492075347053145e+00, -6
3.0075892857171235839076e+00, -5
-6.1625000000048544279707e+00, -4
9.8747222222283035364399e+00, -3
-1.2988214285719887897130e+01, -2
1.2830803571432305432154e+01, -1
-7.6086970899488157726864e+00, 0
1.8735119047624162469390e+00, 1
3.3869047618961235779356e-02, 2
-4.6527777777720944266115e-03, 3
-----------------------------------
f^(3): backward 2
-----------------------------------
(weights, stencil)
-4.6527777778195555935525e-03, -10
6.3677248677790870834414e-02, -9
-4.0642857143181854162606e-01, -8
1.6075396825515622101221e+00, -7
-4.4196924603470710835040e+00, -6
8.9957142857673382252415e+00, -5
-1.4146666666736807727034e+01, -4
1.7858888888957885399122e+01, -3
-1.8976339285764424857916e+01, -2
1.6157539682565982275264e+01, -1
-8.9393915344010466128566e+00, 0
2.2364285714307157171277e+00, 1
-2.6617063492286756332117e-02, 2
-----------------------------------
f^(3): backward 1
-----------------------------------
(weights, stencil)
-2.6617063498173797186919e-02, -11
3.4136904769641063239760e-01, -10
-2.0124537041540637716253e+00, -9
7.2060515888962282105012e+00, -8
-1.7423660718112682133096e+01, -7
2.9836468260530192964097e+01, -6
-3.6679166674915556711767e+01, -5
3.1528214293380599997363e+01, -4
-1.6397271830629765787535e+01, -3
5.4861113672585851142038e-02, -2
8.5450595229547907649703e+00, -1
-6.8632605818357124149998e+00, 0
1.8904067460151461332885e+00, 1
-----------------------------------
f^(3): backward 0
-----------------------------------
(weights, stencil)
1.8904067413461533853081e+00, -12
-2.4601904702229131061131e+01, -11
1.4779309488851384912778e+02, -10
-5.4266878182277025643998e+02, -9
1.3588468719890972806752e+03, -8
-2.4503771376582380980835e+03, -7
3.2737744378636539295258e+03, -6
-3.2806171367011093025212e+03, -5
2.4644816922026802785695e+03, -4
-1.3680380931611416599480e+03, -3
5.4071118978226877516136e+02, -2
-1.3890666652516290469066e+02, -1
1.7712027103091145363578e+01, 0
-----------------------------------
=========================
f^(4): LTE = O(9)
=========================

f^(4): forward 0
-----------------------------------
(weights, stencil)
3.2927932753166146540025e+01, 0
-2.9454256476253954133426e+02, 1
1.2565295023150601991802e+03, 2
-3.3713773102687609934947e+03, 3
6.3027781801761011593044e+03, 4
-8.5975748334860527393175e+03, 5
8.7278099353019533737097e+03, 6
-6.6155237185871446854435e+03, 7
3.7041792048435090691783e+03, 8
-1.4906059541423198879784e+03, 9
4.0846626940399823979533e+02, 10
-6.8340333019315949059092e+01, 11
5.2736894723457368172603e+00, 12
-----------------------------------
f^(4): forward 1
-----------------------------------
(weights, stencil)
5.2738735954405910888454e+00, -1
-3.5631522622006116307602e+01, 0
1.1681150313337985835460e+02, 1
-2.5176263796007179962544e+02, 2
3.9934241875624155682090e+02, 3
-4.8450349529885556876252e+02, 4
4.5212027107703602268884e+02, 5
-3.2187451047906381518260e+02, 6
1.7173327145706738861008e+02, 7
-6.6516262923876439572268e+01, 8
1.7671287237272395032051e+01, 9
-2.8818525523982421177038e+00, 10
2.1765657983412661780065e-01, 11
-----------------------------------
f^(4): forward 2
-----------------------------------
(weights, stencil)
2.1765652575201954732620e-01, -2
2.4443386216373701458338e+00, -1
-1.8654312238048820660197e+01, 0
5.4561728669584823592231e+01, 1
-9.6138194914688710923656e+01, 2
1.1921841320922015938777e+02, 3
-1.1100481522108205467703e+02, 4
7.8621587550485315887272e+01, 5
-4.1750496147851798411921e+01, 6
1.6108818382085907217061e+01, 7
-4.2664814910322759189398e+00, 8
6.9407407549265243140724e-01, 9
-5.2317019498899372531575e-02, 10
-----------------------------------
f^(4): forward 3
-----------------------------------
(weights, stencil)
-5.2317017701303890342412e-02, -3
8.9777774898418027937907e-01, -2
-1.6363885874240133855295e+00, -1
-3.6916449882026576290173e+00, 0
1.7155059161665526801244e+01, 1
-2.8806189449511137468107e+01, 2
2.9442406360736924852972e+01, 3
-2.1228808767488704489779e+01, 4
1.1289582930686606232484e+01, 5
-4.3438270055210992381944e+00, 6
1.1461507527625081070966e+00, 7
-1.8575396162882559791818e-01, 8
1.3952821371994491433943e-02, 9
-----------------------------------
f^(4): forward 4
-----------------------------------
(weights, stencil)
1.3952821867787155302176e-02, -4
-2.3370370368132686866858e-01, -3
1.9860978834548208560307e+00, -2
-5.6268959332011521112804e+00, -1
6.2846229958955364125472e+00, 0
-8.0222221319998932020923e-01, 1
-4.8631481466449839601296e+00, 2
5.4993650781049456810479e+00, 3
-3.2715277770750961217061e+00, 4
1.3133156963750989287831e+00, 5
-3.5332010574776229194782e-01, 6
5.7830687819004800154232e-02, 7
-4.3672839497441483594398e-03, 8
-----------------------------------
f^(4): forward 5
-----------------------------------
(weights, stencil)
-4.3672839506177524998565e-03, -5
7.0727513227483815305696e-02, -4
-5.7435185185117421102774e-01, -3
3.2351410934668853869312e+00, -2
-8.7495039681308348633593e+00, -1
1.1905317460085472092146e+01, 0
-8.2964814813492537837192e+00, 1
2.6311111110887628328214e+00, 2
-1.2132936506988792335626e-01, 3
-1.4891975308957899892803e-01, 4
6.4272486773231690682096e-02, 5
-1.2671957672068037692448e-02, 6
1.0559964726708488767098e-03, 7
-----------------------------------
f^(4): central 0
-----------------------------------
(weights, stencil)
1.0559964726637740238535e-03, -6
-1.8095238095246983511810e-02, -5
1.5309523809529859694756e-01, -4
-8.7636684303379674965129e-01, -3
3.9901785714298316776194e+00, -2
-1.0108571428569392836039e+01, -1
1.3717407407401559282789e+01, 0
-1.0108571428566596850374e+01, 1
3.9901785714269575322533e+00, 2
-8.7636684303295897535691e-01, 3
1.5309523809511718650533e-01, 4
-1.8095238095221212459851e-02, 5
1.0559964726620098100784e-03, 6
-----------------------------------
f^(4): backward 5
-----------------------------------
(weights, stencil)
1.0559964726631287067204e-03, -7
-1.2671957671957511520899e-02, -6
6.4272486772485523665033e-02, -5
-1.4891975308641275388410e-01, -4
-1.2132936507939923176380e-01, -3
2.6311111111112812643853e+00, -2
-8.2964814814812708476666e+00, -1
1.1905317460316837241407e+01, 0
-8.7495039682537267822227e+00, 1
3.2351410934744859737577e+00, 2
-5.7435185185186199419149e-01, 3
7.0727513227514193783207e-02, 4
-4.3672839506173309620518e-03, 5
-----------------------------------
f^(4): backward 4
-----------------------------------
(weights, stencil)
-4.3672839506170776924243e-03, -8
5.7830687830685179040557e-02, -7
-3.5332010582009021337768e-01, -6
1.3133156966489747397020e+00, -5
-3.2715277777776488044026e+00, -4
5.4993650793648747310272e+00, -3
-4.8631481481479275075230e+00, -2
-8.0222222222241512668006e-01, -1
6.2846230158731613002487e+00, 0
-5.6268959435626424436805e+00, 1
1.9860978835978768675119e+00, 2
-2.3370370370370024959428e-01, 3
1.3952821869488244224677e-02, 4
-----------------------------------
f^(4): backward 3
-----------------------------------
(weights, stencil)
1.3952821869506125754268e-02, -9
-1.8575396825418957758025e-01, -8
1.1461507936520733963448e+00, -7
-4.3438271604983258455945e+00, -6
1.1289583333344047844093e+01, -5
-2.1228809523827742111735e+01, -4
2.9442407407430074783861e+01, -3
-2.8806190476211192219580e+01, -2
1.7155059523823215528182e+01, -1
-3.6916446208175663912243e+00, 0
-1.6363888888870372628759e+00, 1
8.9777777777746448073515e-01, 2
-5.2317019400331642164925e-02, 3
-----------------------------------
f^(4): backward 2
-----------------------------------
(weights, stencil)
-5.2317019400817579843910e-02, -10
6.9407407408010945992771e-01, -9
-4.2664814815176459461554e+00, -8
1.6108818342284088487304e+01, -7
-4.1750496032076426899948e+01, -6
7.8621587302180060419232e+01, -5
-1.1100481481559978647056e+02, -4
1.1921841269918631667224e+02, -3
-9.6138194445007684407756e+01, -2
5.4561728395357441456781e+01, -1
-1.8654312169418894029604e+01, 0
2.4443386243625226939002e+00, 1
2.1765652557071454853421e-01, 2
-----------------------------------
f^(4): backward 1
-----------------------------------
(weights, stencil)
2.1765652563208376379933e-01, -11
-2.8818518525979737177067e+00, -10
1.7671283073129743002028e+01, -9
-6.6516247810817915819825e+01, -8
1.7173323416398446283893e+02, -7
-3.2187444450795084094352e+02, -6
4.5212018526510428273468e+02, -5
-4.8450341277277198059892e+02, -4
3.9934236116192550980486e+02, -3
-2.5176261025417579730856e+02, -2
1.1681149471731012567943e+02, -1
-3.5631521165723540889303e+01, 0
5.2738734569518825878731e+00, 1
-----------------------------------
f^(4): backward 0
-----------------------------------
(weights, stencil)
5.2738734441000065800154e+00, -12
-6.8342698251074409654393e+01, -11
4.0848027683095858719753e+02, -10
-1.4906565221983507854020e+03, -9
3.7043032656541890901281e+03, -8
-6.6157418906796183364349e+03, -7
8.7280923895812611590372e+03, -6
-8.5978466499903497606283e+03, -5
6.3029717147422388734412e+03, -4
-3.3714771548669250478270e+03, -3
1.2565651965326139816170e+03, -2
-2.9455063453722357280640e+02, -1
3.2928833738179797308021e+01, 0
-----------------------------------
=========================
f^(5): LTE = O(8)
=========================

f^(5): forward 0
-----------------------------------
(weights, stencil)
-5.1622994987681636303023e+01, 0
5.0295948230799524480972e+02, 1
-2.2917676133747631865845e+03, 2
6.4545618625348679415765e+03, 3
-1.2495584116747548250714e+04, 4
1.7481203946348603494698e+04, 5
-1.8081183086727309273556e+04, 6
1.3902311714974510323373e+04, 7
-7.8719011454185729235178e+03, 8
3.1963837952805574786908e+03, 9
-8.8238120342951822294708e+02, 10
1.4854186312115797363731e+02, 11
-1.1522503882300213717826e+01, 12
-----------------------------------
f^(5): forward 1
-----------------------------------
(weights, stencil)
-1.1522901074825924183642e+01, -1
9.8172792868393372600622e+01, 0
-3.9580940497948131451267e+02, 1
1.0037050130369026419430e+03, 2
-1.7840967940194200309634e+03, 3
2.3339716829313470043417e+03, 4
-2.2915074153172754449770e+03, 5
1.6915053223500954118208e+03, 6
-9.2719092887512806555605e+02, 7
3.6670527474611429852303e+02, 8
-9.9056735818876319399351e+01, 9
1.6374838497303727535837e+01, 10
-1.2507443451492041841533e+00, 11
-----------------------------------
f^(5): forward 2
-----------------------------------
(weights, stencil)
-1.2507440703095222822583e+00, -2
4.7367725658301695901287e+00, -1
6.1474878593871229437440e-01, 0
-3.8096561428226792145324e+01, 1
1.0942286801645313687459e+02, 2
-1.7438888989039304533435e+02, 3
1.8769444523714690831184e+02, 4
-1.4523015921271769457235e+02, 5
8.1797371255267265155453e+01, 6
-3.2908730235050093426707e+01, 7
8.9923941980133612617010e+00, 8
-1.4986772513489097224948e+00, 9
1.1516203722130273490176e-01, 10
-----------------------------------
f^(5): forward 3
-----------------------------------
(weights, stencil)
1.1516203718243066267402e-01, -3
-2.7478505316419172821440e+00, -2
1.3719411390462731503703e+01, -1
-3.2321593926748604985733e+01, 0
4.4244295600756800013187e+01, 1
-3.8790674526225771501231e+01, 2
2.3229166586641003533487e+01, 3
-9.9236110530470025281602e+00, 4
2.9833829055267644392302e+00, 5
-5.4348543779080837889950e-01, 6
2.7612430706466843666202e-02, 7
9.7552915172668380056065e-03, 8
-1.5707672342518191541116e-03, 9
-----------------------------------
f^(5): forward 4
-----------------------------------
(weights, stencil)
-1.5707672014806980508722e-03, -4
1.3558201066446426419354e-01, -3
-2.8703703709741308358616e+00, -2
1.4168650787066285445803e+01, -1
-3.3444692445394906599176e+01, 0
4.6265873005855418398369e+01, 1
-4.1486111106835068085275e+01, 2
2.5924603170874473079266e+01, 3
-1.1945188489963397771021e+01, 4
4.1064814806591618534526e+00, 5
-9.9272486750710642322559e-01, 6
1.5013227509703952478048e-01, 7
-1.0664682537045238122642e-02, 8
-----------------------------------
f^(5): forward 5
-----------------------------------
(weights, stencil)
-1.0664682539722393495030e-02, -5
1.3707010582029416356775e-01, -4
-6.9626322750939562133965e-01, -3
1.7972883590122565311553e-01, -2
6.5434027781079597829716e+00, -1
-1.9719246032288488379436e+01, 0
2.7965277778206129255523e+01, 1
-2.3185515873242401596599e+01, 2
1.2199156746141834872788e+01, 3
-4.3199404762295188220378e+00, 4
1.0563822751418199263895e+00, 5
-1.6087962963107849123645e-01, 6
1.1491402116505136654645e-02, 7
-----------------------------------
f^(5): central 0
-----------------------------------
(weights, stencil)
1.1491402116397450225427e-02, -6
-1.6005291005284796868047e-01, -5
1.0333994708990938971027e+00, -4
-3.9828042328029118479549e+00, -3
8.3960813492047474682067e+00, -2
-8.2460317460296952418730e+00, -1
2.0836151436302065818608e-11, 0
8.2460317460064267436337e+00, 1
-8.3960813491938512953539e+00, 2
3.9828042327999266802863e+00, 3
-1.0333994708985243526911e+00, 4
1.6005291005277763605186e-01, 5
-1.1491402116393238316827e-02, 6
-----------------------------------
f^(5): backward 5
-----------------------------------
(weights, stencil)
-1.1491402116401976118976e-02, -7
1.6087962962962792934363e-01, -6
-1.0563822751322657911288e+00, -5
4.3199404761904460769983e+00, -4
-1.2199156746031668774322e+01, -3
2.3185515873015614118913e+01, -2
-2.7965277777779899537336e+01, -1
1.9719246031750628844748e+01, 0
-6.5434027777798240421703e+00, 1
-1.7972883597902308827621e-01, 2
6.9626322751324276616458e-01, 3
-1.3707010582010548116472e-01, 4
1.0664682539682408118908e-02, 5
-----------------------------------
f^(5): backward 4
-----------------------------------
(weights, stencil)
1.0664682539682002193615e-02, -8
-1.5013227513226809484159e-01, -7
9.9272486772482604333590e-01, -6
-4.1064814814813361820711e+00, -5
1.1945188492063170571100e+01, -4
-2.5924603174602726340936e+01, -3
4.1486111111110773208566e+01, -2
-4.6265873015873069107329e+01, -1
3.3444692460317760662747e+01, 0
-1.4168650793651023533926e+01, 1
2.8703703703704492866677e+00, 2
-1.3558201058202495881133e-01, 3
1.5707671957682302257137e-03, 4
-----------------------------------
f^(5): backward 3
-----------------------------------
(weights, stencil)
1.5707671957635371481898e-03, -9
-9.7552910052433137316763e-03, -8
-2.7612433862720928146040e-02, -7
5.4348544973650603218118e-01, -6
-2.9833829365105861697316e+00, -5
9.9236111111158837871926e+00, -4
-2.3229166666672995233967e+01, -3
3.8790674603180811175207e+01, -2
-4.4244295634925137505888e+01, -1
3.2321593915346227277041e+01, 0
-1.3719411375662113883322e+01, 1
2.7478505291006425359512e+00, 2
-1.1516203703704355754134e-01, 3
-----------------------------------
f^(5): backward 2
-----------------------------------
(weights, stencil)
-1.1516203703804844815650e-01, -10
1.4986772486903847667605e+00, -9
-8.9923941799729316670664e+00, -8
3.2908730159018659833237e+01, -7
-8.1797371032466330120769e+01, -6
1.4523015873145186560578e+02, -5
-1.8769444444615825773326e+02, -4
1.7438888889057949427297e+02, -3
-1.0942286706472408752688e+02, -2
3.8096560847207982192231e+01, -1
-6.1474867748194994554467e-01, 0
-4.7367724867204508143459e+00, 1
1.2507440476136666429596e+00, 2
-----------------------------------
f^(5): backward 1
-----------------------------------
(weights, stencil)
1.2507440479392446519569e+00, -11
-1.6374834660140560771424e+01, -10
9.9056712986585964131336e+01, -9
-3.6670519188263375554016e+02, -8
9.2719072440732679751818e+02, -7
-1.6915049606623056206445e+03, -6
2.2915069448782660401776e+03, -5
-2.3339712305622288113227e+03, -4
1.7840964784502425573010e+03, -3
-1.0037048612461304628596e+03, -2
3.9580935851068886677240e+02, -1
-9.8172784400761656797840e+01, 0
1.1522900133151647850127e+01, 1
-----------------------------------
f^(5): backward 0
-----------------------------------
(weights, stencil)
1.1522900105503387280237e+01, -12
-1.4854695733097852894389e+02, -11
8.8241137366380507955910e+02, -10
-3.1964927177473355186521e+03, -9
7.8721683855705996393226e+03, -8
-1.3902781716317776954384e+04, -7
1.8081791629051182098920e+04, -6
-1.7481789647348581638653e+04, -5
1.2496001215919397509424e+04, -4
-6.4547771045265826614923e+03, -3
2.2918445727514217651333e+03, -2
-5.0297685104255344867852e+02, -1
5.1624917251896619063700e+01, 0
-----------------------------------
=========================
f^(6): LTE = O(7)
=========================

f^(6): forward 0
-----------------------------------
(weights, stencil)
6.7622673781760624933668e+01, 0
-6.9910308953243429641589e+02, 1
3.3460680237281057998189e+03, 2
-9.8050408168052399560111e+03, 3
1.9586785237219126429409e+04, 4
-2.8085171371204167371616e+04, 5
2.9618590564002377504949e+04, 6
-2.3128469596627692226321e+04, 7
1.3261167022601110147662e+04, 8
-5.4404730431927018798888e+03, 9
1.5148482872000588486117e+03, 10
-2.5687422198434552456092e+02, 11
2.0050330814045924654465e+01, 12
-----------------------------------
f^(6): forward 1
-----------------------------------
(weights, stencil)
2.0051007960381497241542e+01, -1
-1.9303711753541591633621e+02, 0
8.6484585912329521306674e+02, 1
-2.3883889979176506130898e+03, 2
4.5310626785314398148330e+03, 3
-6.2181501325812496361323e+03, 4
6.3213583204697688415763e+03, 5
-4.7878998675006778285024e+03, 6
2.6763748540652240990312e+03, 7
-1.0748471339365758012718e+03, 8
2.9392913425433835072909e+02, 9
-4.9078781066948394595784e+01, 10
3.7801761340696193869348e+00, 11
-----------------------------------
f^(6): forward 2
-----------------------------------
(weights, stencil)
3.7801752733086178004385e+00, -2
-2.9091269846410895638655e+01, -1
1.0181656764525926917031e+02, 0
-2.1628439211207958692285e+02, 1
3.1443675685034179423383e+02, 2
-3.3402381047260024615753e+02, 3
2.6863194520895331152133e+02, 4
-1.6542381000044167649321e+02, 5
7.7186756178939504025038e+01, 6
-2.6451058280472118156013e+01, 7
6.2832341463328882369410e+00, 8
-9.2460317752913501188061e-01, 9
6.3508598090400464331040e-02, 10
-----------------------------------
f^(6): forward 3
-----------------------------------
(weights, stencil)
6.3508585620061355769828e-02, -3
2.9545636882016648172566e+00, -2
-2.4137601437352074640330e+01, -1
8.3653111216260441551640e+01, 0
-1.7087574145185820384540e+02, 1
2.3270118301078633749057e+02, 2
-2.2504304794225393493434e+02, 3
1.5965118497457774537907e+02, 4
-8.3688241118631779613679e+01, 5
3.1778107338266835313334e+01, 6
-8.2875989089054229452813e+00, 7
1.3295634438680381528286e+00, 8
-9.8991398497283028534710e-02, 9
-----------------------------------
f^(6): forward 4
-----------------------------------
(weights, stencil)
-9.8991402099375805367920e-02, -4
1.3503968251636404573901e+00, -3
-4.7667658710827334189730e+00, -2
4.1739417322986067659940e+00, -1
1.2874256079033688848767e+01, 0
-4.3473809577635286416353e+01, 1
6.2831944429660850914843e+01, 2
-5.5173809511411363359912e+01, 3
3.2249255945467552919581e+01, 4
-1.2909391531696206456559e+01, 5
3.4665674596055828793340e+00, 6
-5.6626984115487000170930e-01, 7
4.2675264541671698026448e-02, 8
-----------------------------------
f^(6): forward 5
-----------------------------------
(weights, stencil)
4.2675264550272595798219e-02, -5
-6.5376984126958770371374e-01, -4
4.6790674603109509988030e+00, -3
-1.6971891534321486005865e+01, -2
3.4686755951498923877807e+01, -1
-4.2048809522125488058464e+01, 0
2.9756944443420074719597e+01, 1
-1.0398809523570387014502e+01, 2
-2.5074404772139080588289e-01, 3
1.7364417989760081439954e+00, 4
-7.0426587302395227130347e-01, 5
1.3789682539802375349502e-01, 6
-1.1491402116485898571296e-02, 7
-----------------------------------
f^(6): central 0
-----------------------------------
(weights, stencil)
-1.1491402116408215919319e-02, -6
1.9206349206357292702663e-01, -5
-1.5500992063496905615239e+00, -4
7.9656084656100043517313e+00, -3
-2.5188244047617470044997e+01, -2
4.9476190476203058210558e+01, -1
-6.1768055555579536530786e+01, 0
4.9476190476186822309046e+01, 1
-2.5188244047602250219597e+01, 2
7.9656084656027621448970e+00, 3
-1.5500992063479541727133e+00, 4
1.9206349206331699286388e-01, 5
-1.1491402116390389900880e-02, 6
-----------------------------------
f^(6): backward 5
-----------------------------------
(weights, stencil)
-1.1491402116402258878902e-02, -7
1.3789682539682726614139e-01, -6
-7.0426587301588361444971e-01, -5
1.7364417989418257093348e+00, -4
-2.5074404761899138360803e-01, -3
-1.0398809523810621513462e+01, -2
2.9756944444447640307772e+01, -1
-4.2048809523813808652903e+01, 0
3.4686755952384210388573e+01, 1
-1.6971891534392423039890e+01, 2
4.6790674603176007906313e+00, 3
-6.5376984126985571155188e-01, 4
4.2675264550265316898514e-02, 5
-----------------------------------
f^(6): backward 4
-----------------------------------
(weights, stencil)
4.2675264550262596852104e-02, -8
-5.6626984126981583234084e-01, -7
3.4665674603173095569275e+00, -6
-1.2909391534391003730775e+01, -5
3.2249255952379741074765e+01, -4
-5.5173809523807705090803e+01, -3
6.2831944444442768826775e+01, -2
-4.3473809523808633059616e+01, -1
1.2874255952380655898537e+01, 0
4.1739417989416347509746e+00, 1
-4.7667658730157320690068e+00, 2
1.3503968253967859602938e+00, 3
-9.8991402116398993782376e-02, 4
-----------------------------------
f^(6): backward 3
-----------------------------------
(weights, stencil)
-9.8991402116531651556031e-02, -9
1.3295634920651240307166e+00, -8
-8.2875992063586512159645e+00, -7
3.1778108465641693669568e+01, -6
-8.3688244047698262306767e+01, -5
1.5965119047632541082749e+02, -4
-2.2504305555572375396878e+02, -3
2.3270119047634452158491e+02, -2
-1.7087574404772112757200e+02, -1
8.3653108465655350300949e+01, 0
-2.4137599206363070436510e+01, 1
2.9545634920658514488423e+00, 2
6.3508597883439724118837e-02, 3
-----------------------------------
f^(6): backward 2
-----------------------------------
(weights, stencil)
6.3508597884212258932735e-02, -10
-9.2460317461114194248495e-01, -9
6.2832341270318012860230e+00, -8
-2.6451058201232442002038e+01, -7
7.7186755952814777970161e+01, -6
-1.6542380952458577780817e+02, -5
2.6863194444546923023154e+02, -4
-3.3402380952481593112680e+02, -3
3.1443675595311117376696e+02, -2
-2.1628439153477432910222e+02, -1
1.0181656746045636907638e+02, 0
-2.9091269841301382825804e+01, 1
3.7801752645535708907687e+00, 2
-----------------------------------
f^(6): backward 1
-----------------------------------
(weights, stencil)
3.7801752654793667751676e+00, -11
-4.9078769853036767756294e+01, -10
2.9392906752884056231778e+02, -9
-1.0748468917771128872118e+03, -8
2.6763742565351367375115e+03, -7
-4.7878988105235112016089e+03, -6
6.3213569457017974855262e+03, -5
-6.2181488106929955392843e+03, -4
4.5310617567508870706661e+03, -3
-2.3883885585921138954291e+03, -2
8.6484573425752751063555e+02, -1
-1.9303710320131989419679e+02, 0
2.0051008600421049266060e+01, 1
-----------------------------------
f^(6): backward 0
-----------------------------------
(weights, stencil)
2.0051008553135179823812e+01, -12
-2.5688293593797908442866e+02, -11
1.5148998974545304463390e+03, -10
-5.4406593796315355575643e+03, -9
1.3261624227186548523605e+04, -8
-2.3129273759847394103417e+04, -7
2.9619631881554560095537e+04, -6
-2.8086173750683687103447e+04, -5
1.9587499215553889371222e+04, -4
-9.8054093716756833600812e+03, -3
3.3461998941574947821209e+03, -2
-6.9913293515439931979927e+02, -1
6.7626008470517660953192e+01, 0
-----------------------------------
=========================
f^(7): LTE = O(6)
=========================

f^(7): forward 0
-----------------------------------
(weights, stencil)
-7.2876598837950638198890e+01, 0
7.8661335612584866794350e+02, 1
-3.9097290354139163355285e+03, 2
1.1834895302971490309574e+04, 3
-2.4301936925948910356965e+04, 4
3.5661714432368382404093e+04, 5
-3.8343186801443545846269e+04, 6
3.0429433775689874892123e+04, 7
-1.7685973392412401153706e+04, 8
7.3396846870979879895458e+03, 9
-2.0638216480916780710686e+03, 10
3.5293401183032005974383e+02, 11
-2.7751163935502720647719e+01, 12
-----------------------------------
f^(7): forward 1
-----------------------------------
(weights, stencil)
-2.7752065159269136529474e+01, -1
2.8789581089115068834872e+02, 0
-1.3780085314243815446389e+03, 1
4.0271883621969182058820e+03, 2
-8.0073455972966703484417e+03, 3
1.1414027650001700749272e+04, 4
-1.1959502756056263024220e+04, 5
9.2779771189726943703135e+03, 6
-5.2864074479056844211300e+03, 7
2.1561463188115740194917e+03, 8
-5.9715846710596497359802e+02, 9
1.0077085581562771210429e+02, 10
-7.8312517414335696130934e+00, 11
-----------------------------------
f^(7): forward 2
-----------------------------------
(weights, stencil)
-7.8312499569181506231530e+00, -2
7.4054166946410632021980e+01, -1
-3.2294166908807477511800e+02, 0
8.6172917292832528346480e+02, 1
-1.5721562593748458311893e+03, 2
2.0714750098152330792800e+03, 3
-2.0244000077971129485377e+03, 4
1.4789250047696391447971e+03, 5
-8.0084375222112328174262e+02, 6
3.1293750076259095749265e+02, 7
-8.3591666848725125760211e+01, 8
1.3679166693660146592038e+01, 9
-1.0354166685386263502267e+00, 10
-----------------------------------
f^(7): forward 3
-----------------------------------
(weights, stencil)
-1.0354166428244606645848e+00, -3
5.6291662971049589714312e+00, -2
-6.7083342264289722578496e+00, -1
-2.6812494891862300505636e+01, 0
1.2140623962317739881200e+02, 1
-2.3957498531194747215523e+02, 2
2.9469998504785718296262e+02, 3
-2.4762498919745803505066e+02, 4
1.4634374424950132720369e+02, 5
-6.0520831120202259967300e+01, 6
1.6808332749449643728212e+01, 7
-2.8291665720642997783330e+00, 8
2.1874999289642524380461e-01, 9
-----------------------------------
f^(7): forward 4
-----------------------------------
(weights, stencil)
2.1875000001530375826064e-01, -4
-3.8791666669001960698893e+00, -3
2.2691666668554219654652e+01, -2
-6.9270833353647091712446e+01, -1
1.2959375003502887579998e+02, 0
-1.6012500001246968395208e+02, 1
1.3579999999111805664143e+02, 2
-8.0674999991474052762896e+01, 3
3.3906249995112716533185e+01, 4
-1.0062499998071691820201e+01, 5
2.0416666661536377880282e+00, 6
-2.5416666658337827566783e-01, 7
1.4583333327083504785127e-02, 8
-----------------------------------
f^(7): forward 5
-----------------------------------
(weights, stencil)
1.4583333333574569415370e-02, -5
2.9166666665267772240444e-02, -4
-2.7416666666861542189793e+00, -3
1.8520833333823347288671e+01, -2
-5.8843750007844199956253e+01, -1
1.1082500001496887875874e+02, 0
-1.3510000000840170741867e+02, 1
1.1077500000129937518523e+02, 2
-6.1906250000622648599347e+01, 3
2.3479166666886726488883e+01, 4
-5.8916666667203569929256e+00, 5
9.0416666667480616315089e-01, 6
-6.4583333333911543960859e-02, 7
-----------------------------------
f^(7): central 0
-----------------------------------
(weights, stencil)
-6.4583333333309567159120e-02, -6
8.5416666666635254756557e-01, -5
-5.0083333333314588031726e+00, -4
1.5729166666660582052373e+01, -3
-2.7656250000000976996262e+01, -2
2.4274999999888830615191e+01, -1
1.6103316113836241805768e-10, 0
-2.4275000000011917933307e+01, 1
2.7656249999936957095770e+01, 2
-1.5729166666644649907880e+01, 3
5.0083333333284860700019e+00, 4
-8.5416666666598806134658e-01, 5
6.4583333333287820665625e-02, 6
-----------------------------------
f^(7): backward 5
-----------------------------------
(weights, stencil)
6.4583333333332312853337e-02, -7
-9.0416666666665390650337e-01, -6
5.8916666666665946650028e+00, -5
-2.3479166666666422713661e+01, -4
6.1906249999999410249529e+01, -3
-1.1077499999999858459887e+02, -2
1.3509999999999837427822e+02, -1
-1.1082499999999929229944e+02, 0
5.8843749999999289457264e+01, 1
-1.8520833333332891612599e+01, 2
2.7416666666666911211792e+00, 3
-2.9166666666679923886063e-02, 4
-1.4583333333331975276148e-02, 5
-----------------------------------
f^(7): backward 4
-----------------------------------
(weights, stencil)
-1.4583333333332228545776e-02, -8
2.5416666666665271856473e-01, -7
-2.0416666666665870266684e+00, -6
1.0062499999999738875545e+01, -5
-3.3906249999999495514658e+01, -4
8.0674999999999542410478e+01, -3
-1.3580000000000032400749e+02, -2
1.6012500000000233058017e+02, -1
-1.2959375000000346744855e+02, 0
6.9270833333335119164076e+01, 1
-2.2691666666667064333751e+01, 2
3.8791666666667148355430e+00, 3
-2.1875000000000296984659e-01, 4
-----------------------------------
f^(7): backward 3
-----------------------------------
(weights, stencil)
-2.1875000000023442359165e-01, -9
2.8291666666696086984700e+00, -8
-1.6808333333350269356288e+01, -7
6.0520833333392502595416e+01, -6
-1.4634375000013997691894e+02, -5
2.4762500000023629809220e+02, -4
-2.9470000000029142483982e+02, -3
2.3957500000026365682970e+02, -2
-1.2140625000017212187231e+02, -1
2.6812500000077825745848e+01, 0
6.7083333333106036633353e+00, 1
-5.6291666666627806492329e+00, 2
1.0354166666663990881148e+00, 3
-----------------------------------
f^(7): backward 2
-----------------------------------
(weights, stencil)
1.0354166666758781722990e+00, -10
-1.3679166666786292338998e+01, -9
8.3591666667383648814393e+01, -8
-3.1293750000262576804744e+02, -7
8.0084375000655347776046e+02, -6
-1.4789250000117601757665e+03, -5
2.0244000000155779162014e+03, -4
-2.0714750000153580913320e+03, -3
1.5721562500111856479634e+03, -2
-8.6172916667254060030245e+02, -1
3.2294166666878589921907e+02, 0
-7.4054166667140563617977e+01, 1
7.8312500000491027662974e+00, 2
-----------------------------------
f^(7): backward 1
-----------------------------------
(weights, stencil)
7.8312500018448458760645e+00, -11
-1.0077083335669517794031e+02, -10
5.9715833346935812642187e+02, -9
-2.1561458338150778217823e+03, -8
5.2864062511564188753255e+03, -7
-9.2779750019834027625620e+03, -6
1.1959500002494043656043e+04, -5
-1.1414025002318641782040e+04, -4
8.0073437515831928976695e+03, -3
-4.0271875007751918928989e+03, -2
1.3780083335920714944223e+03, -1
-2.8789583338628034425710e+02, 0
2.7752083338361444475595e+01, 1
-----------------------------------
f^(7): backward 0
-----------------------------------
(weights, stencil)
2.7752083274133457990729e+01, -12
-3.5294583257928474040455e+02, -11
2.0638916622488723078277e+03, -10
-7.3399374842513379917364e+03, -9
1.7686593711938035994535e+04, -8
-3.0430524934266144555295e+04, -7
3.8344599916776300233323e+04, -6
-3.5663074922130130289588e+04, -5
2.4302906196532221656526e+04, -4
-1.1835395807048227652558e+04, -3
3.9099083245490292028990e+03, -2
-7.8665416487484321805823e+02, -1
7.2881249831374816494645e+01, 0
-----------------------------------
=========================
f^(8): LTE = O(5)
=========================

f^(8): forward 0
-----------------------------------
(weights, stencil)
6.3081334830495237042669e+01, 0
-7.0332367161741012751008e+02, 1
3.6008266153990944076213e+03, 2
-1.1195413701542518538190e+04, 3
2.3545597520172097574687e+04, 4
-3.5292758141935744788498e+04, 5
3.8662069281364019843750e+04, 6
-3.1189043910585507546784e+04, 7
1.8388967827887430757983e+04, 8
-7.7276766481112326800940e+03, 9
2.1969425026446315314388e+03, 10
-3.7935414587109437434265e+02, 11
3.0085137365739537784748e+01, 12
-----------------------------------
f^(8): forward 1
-----------------------------------
(weights, stencil)
3.0086077035423379300028e+01, -1
-3.2803327778620098342799e+02, 0
1.6433502643453414293617e+03, 1
-5.0036123530005161228473e+03, 2
1.0315627676152518688468e+04, 3
-1.5174203838412195182173e+04, 4
1.6333570658326256307191e+04, 5
-1.2964203068708426144440e+04, 6
7.5306267347082639389555e+03, 7
-3.1219451474432098621037e+03, 8
8.7668352703728510277870e+02, 9
-1.4970003255383178952798e+02, 10
1.1752780299291844201548e+01, 11
-----------------------------------
f^(8): forward 2
-----------------------------------
(weights, stencil)
1.1752777486598365186410e+01, -2
-1.2270000030243696187426e+02, -1
5.8868333979099668340496e+02, 0
-1.7179444613245693744830e+03, 1
3.3996250253886255450197e+03, 2
-4.8102000264214193521184e+03, 3
4.9935666875647966662655e+03, 4
-3.8342000127102915030264e+03, 5
2.1616250058813438954530e+03, 6
-8.7261111311710976679024e+02, 7
2.3935000047573021220160e+02, 8
-4.0033333403403517536390e+01, 9
3.0861111159386922508929e+00, 10
-----------------------------------
f^(8): forward 3
-----------------------------------
(weights, stencil)
3.0861111274930532744065e+00, -3
-2.8366666931402658491379e+01, -2
1.1801666306840307640869e+02, -1
-2.9394443496361799361694e+02, 0
4.8862499006855790639747e+02, 1
-5.7219999021139312844753e+02, 2
4.8556665666464124342383e+02, 3
-3.0219999276853036462853e+02, 4
1.3762499614898419508791e+02, 5
-4.4944442961906020173046e+01, 6
1.0016666275436865163329e+01, 7
-1.3666666032653949081066e+00, 8
8.6111106349539820459249e-02, 9
-----------------------------------
f^(8): forward 4
-----------------------------------
(weights, stencil)
8.6111111007729029820368e-02, -4
1.9666666681055382515098e+00, -3
-2.1650000009351302310279e+01, -2
9.3388889289615136135581e+01, -1
-2.3237500076435586038315e+02, 0
3.7780000032781384788905e+02, 1
-4.2443333324699983677419e+02, 2
3.3779999992690761700942e+02, 3
-1.9137499995919390016752e+02, 4
7.6055555539639712492317e+01, 5
-2.0316666662462012027390e+01, 6
3.2999999993208120052657e+00, 7
-2.4722222217145348177603e-01, 8
-----------------------------------
f^(8): forward 5
-----------------------------------
(weights, stencil)
-2.4722222222229259247506e-01, -5
3.2999999999982212450789e+00, -4
-1.7316666666616910674747e+01, -3
4.9055555554867886769443e+01, -2
-8.3374999992154599226524e+01, -1
8.5799999985738395480439e+01, 0
-4.6433333325041630246233e+01, 1
-2.0000000176021662245951e-01, 2
1.9625000000758372920018e+01, 3
-1.4611111111365740811152e+01, 4
5.3500000000603167293889e+00, 5
-1.0333333333422989319672e+00, 6
8.6111111111738941614746e-02, 7
-----------------------------------
f^(8): central 0
-----------------------------------
(weights, stencil)
8.6111111111157434550023e-02, -6
-1.3666666666673035201995e+00, -5
1.0016666666670785090787e+01, -4
-4.1944444444460977194922e+01, -3
1.1062500000003397815362e+02, -2
-1.9420000000027170017347e+02, -1
2.3356666666707340596076e+02, 0
-1.9420000000007195239959e+02, 1
1.1062499999988939691775e+02, 2
-4.1944444444406244087986e+01, 3
1.0016666666658240458787e+01, 4
-1.3666666666654856410190e+00, 5
8.6111111111031840570362e-02, 6
-----------------------------------
f^(8): backward 5
-----------------------------------
(weights, stencil)
8.6111111111111346416713e-02, -7
-1.0333333333333343251326e+00, -6
5.3499999999999845456955e+00, -5
-1.4611111111110888671760e+01, -4
1.9624999999998422595127e+01, -3
-1.9999999999173018183640e-01, -2
-4.6433333333399701814415e+01, -1
8.5800000000120959953165e+01, 0
-8.3375000000068325789471e+01, 1
4.9055555555561781488905e+01, 2
-1.7316666666667703822213e+01, 3
3.3000000000001112887560e+00, 4
-2.4722222222222828280636e-01, 5
-----------------------------------
f^(8): backward 4
-----------------------------------
(weights, stencil)
-2.4722222222221126863850e-01, -8
3.2999999999998568256387e+00, -7
-2.0316666666665824436677e+01, -6
7.6055555555552643909323e+01, -5
-1.9137499999999354827196e+02, -4
3.3779999999999097326508e+02, -3
-4.2443333333332662959947e+02, -2
3.7780000000000035242920e+02, -1
-2.3237500000000520117283e+02, 0
9.3388888888893063722207e+01, 1
-2.1650000000001416111672e+01, 2
1.9666666666669470053819e+00, 3
8.6111111111090599123941e-02, 4
-----------------------------------
f^(8): backward 3
-----------------------------------
(weights, stencil)
8.6111111111311353094599e-02, -9
-1.3666666666692106613112e+00, -8
1.0016666666681533826022e+01, -7
-4.4944444444497349877565e+01, -6
1.3762500000012786927073e+02, -5
-3.0220000000022122321752e+02, -4
4.8556666666694741252286e+02, -3
-5.7220000000026277575671e+02, -2
4.8862500000017865886548e+02, -1
-2.9394444444452869902307e+02, 0
1.1801666666669218841434e+02, 1
-2.8366666666671019214618e+01, 2
3.0861111111113945781881e+00, 3
-----------------------------------
f^(8): backward 2
-----------------------------------
(weights, stencil)
3.0861111111379901927876e+00, -10
-4.0033333333682563193179e+01, -9
2.3935000000209407744478e+02, -8
-8.7261111111878324209101e+02, -7
2.1616250000191562321561e+03, -6
-3.8342000000343923602486e+03, -5
4.9935666667122486614971e+03, -4
-4.8102000000449652361567e+03, -3
3.3996250000327672751155e+03, -2
-1.7179444444616551663785e+03, -1
5.8868333333953751207446e+02, 0
-1.2270000000138402640459e+02, 1
1.1752777777920856649985e+01, 2
-----------------------------------
f^(8): backward 1
-----------------------------------
(weights, stencil)
1.1752777780420505138181e+01, -11
-1.4970000003346075345689e+02, -10
8.7668333352812908287888e+02, -9
-3.1219444451342169486452e+03, -8
7.5306250016554868125240e+03, -7
-1.2964200002838821092155e+04, -6
1.6333566670235637502628e+04, -5
-1.5174200003317280788906e+04, -4
1.0315625002264614522574e+04, -3
-5.0036111122197580698412e+03, -2
1.6433500003699873559526e+03, -1
-3.2803333340903930093191e+02, 0
3.0086111118299900368811e+01, 1
-----------------------------------
f^(8): backward 0
-----------------------------------
(weights, stencil)
3.0086111050051279391937e+01, -12
-3.7936666588889613649371e+02, -11
2.1970166621096946073521e+03, -10
-7.7279444281988571674447e+03, -9
1.8389624960734923661221e+04, -8
-3.1190199932184223143850e+04, -7
3.8663566580801321833860e+04, -6
-3.5294199919652579410467e+04, -5
2.3546624944826846331125e+04, -4
-1.1195944417318863997934e+04, -3
3.6010166576007850380847e+03, -2
-7.0336666481726183519640e+02, -1
6.3086110937050712266227e+01, 0
-----------------------------------
=========================
f^(9): LTE = O(4)
=========================

f^(9): forward 0
-----------------------------------
(weights, stencil)
-4.2246171734743356296349e+01, 0
4.8296549781787365418495e+02, 1
-2.5318475210472897742875e+03, 2
8.0485743767567619215697e+03, 3
-1.7281426316450768354116e+04, 4
2.6404844406902640912449e+04, 5
-2.9440800107171296986053e+04, 6
2.4137073711123804969247e+04, 7
-1.4442223506173357236548e+04, 8
6.1507854705746794934385e+03, 9
-1.7699405913085570318799e+03, 10
3.0898997076526109140104e+02, 11
-2.4749220055010901830883e+01, 12
-----------------------------------
f^(9): forward 1
-----------------------------------
(weights, stencil)
-2.4750004620627272799993e+01, -1
2.7950006267749415655999e+02, 0
-1.4475003971710730183986e+03, 1
4.5465013386507152972626e+03, 2
-9.6472527974034856015351e+03, 3
1.4571004011489749245811e+04, 4
-1.6065004170857177086873e+04, 5
1.3029003205991228242056e+04, 6
-7.7152518121122857337468e+03, 7
3.2535007343072720686905e+03, 8
-9.2750020231836958828353e+02, 9
1.6050003399999576458868e+02, 10
-1.2750002633435020271691e+01, 11
-----------------------------------
f^(9): forward 2
-----------------------------------
(weights, stencil)
-1.2749999547568608093684e+01, -2
1.4099999999522808025176e+02, -1
-7.1500001064825460161956e+02, 0
2.1990000277485678452649e+03, 1
-4.5697500401140578105696e+03, 2
6.7620000411148457715171e+03, 3
-7.3080000323682406815351e+03, 4
5.8140000195750253624283e+03, 5
-3.3802500090011426436831e+03, 6
1.4010000030499700187647e+03, 7
-3.9300000071846909577289e+02, 8
6.7000000105108682646460e+01, 9
-5.2500000071926571365566e+00, 10
-----------------------------------
f^(9): forward 3
-----------------------------------
(weights, stencil)
-5.2500001469352675087521e+00, -3
5.5500002424234033071571e+01, -2
-2.6850003708832309712307e+02, -1
7.8650005384678229347628e+02, 0
-1.5547499795972546507983e+03, 1
2.1869999108968795553665e+03, 2
-2.2469999091756094458106e+03, 3
1.7009999343741865232005e+03, 4
-9.4274996506357319958624e+02, 5
3.7349998655383075174541e+02, 6
-1.0049999645241305756826e+02, 7
1.6499999425193564661640e+01, 8
-1.2499999568373969527357e+00, 9
-----------------------------------
f^(9): forward 4
-----------------------------------
(weights, stencil)
-1.2499999999477093837186e+00, -4
1.0999999999423893726203e+01, -3
-4.1999999997330334622347e+01, -2
8.8999999237168523791297e+01, -1
-1.0724999848354157450103e+02, 0
5.3999999285026980544444e+01, 1
4.1999999933397795359724e+01, 2
-1.0199999994912953127368e+02, 3
9.2249999972260511071909e+01, 4
-4.8999999989295289992697e+01, 5
1.5999999997190803568969e+01, 6
-2.9999999995483999093437e+00, 7
2.4999999996636870780442e-01, 8
-----------------------------------
f^(9): forward 5
-----------------------------------
(weights, stencil)
2.4999999999891822644038e-01, -5
-4.4999999999907682735056e+00, -4
3.0500000000021984192244e+01, -3
-1.1350000000131196031816e+02, -2
2.6775000003546745119820e+02, -1
-4.2900000006950978104214e+02, 0
4.8300000003857104502458e+02, 1
-3.8700000000513233544552e+02, 2
2.1975000000242641817749e+02, 3
-8.6500000000853063397699e+01, 4
2.2500000000207560191257e+01, 5
-3.5000000000314108739019e+00, 6
2.5000000000222860618848e-01, 7
-----------------------------------
f^(9): central 0
-----------------------------------
(weights, stencil)
2.4999999999992153498773e-01, -6
-2.9999999999989506171971e+00, -5
1.4999999999993498533968e+01, -4
-4.0999999999975010211983e+01, -3
6.5249999999920419213595e+01, -2
-5.3999999999188233346104e+01, -1
-1.6662099840670486437892e-09, 0
5.4000000000618143758402e+01, 1
-6.5249999999786453486195e+01, 2
4.0999999999925840654669e+01, 3
-1.4999999999983776532986e+01, 4
2.9999999999977360332082e+00, 5
-2.4999999999984845455714e-01, 6
-----------------------------------
f^(9): backward 5
-----------------------------------
(weights, stencil)
-2.4999999999999344968415e-01, -7
3.4999999999999213962099e+00, -6
-2.2499999999999591437927e+01, -5
8.6499999999998905764187e+01, -4
-2.1974999999999934630068e+02, -3
3.8700000000000824229573e+02, -2
-4.8299999999995498001226e+02, -1
4.2899999999989938714862e+02, 0
-2.6774999999995975485945e+02, 1
1.1350000000000885336249e+02, 2
-3.0500000000002032152224e+01, 3
4.5000000000002788880238e+00, 4
-2.5000000000001892930257e-01, 5
-----------------------------------
f^(9): backward 4
-----------------------------------
(weights, stencil)
-2.4999999999998934185896e-01, -8
2.9999999999998605559881e+00, -7
-1.5999999999999170441356e+01, -6
4.8999999999997037036792e+01, -5
-9.2249999999993008259480e+01, -4
1.0199999999998884447905e+02, -3
-4.1999999999988830268194e+01, -2
-5.4000000000009556799796e+01, -1
1.0725000000000578381787e+02, 0
-8.9000000000000497379915e+01, 1
4.1999999999999403144102e+01, 2
-1.0999999999999779731752e+01, 3
1.2499999999999824584762e+00, 4
-----------------------------------
f^(9): backward 3
-----------------------------------
(weights, stencil)
1.2500000000014834800055e+00, -9
-1.6500000000018641088673e+01, -8
1.0050000000010756195934e+02, -7
-3.7350000000037715608414e+02, -6
9.4275000000089607965492e+02, -5
-1.7010000000015197656467e+03, -4
2.2470000000018849277694e+03, -3
-2.1870000000017180354916e+03, -2
1.5547500000011350493878e+03, -1
-7.8650000000052204995882e+02, 0
2.6850000000015495515981e+02, 1
-5.5500000000026204816095e+01, 2
5.2500000000017745804826e+00, 3
-----------------------------------
f^(9): backward 2
-----------------------------------
(weights, stencil)
5.2500000000446931380793e+00, -10
-6.7000000000580683945373e+01, -9
3.9300000000348222783941e+02, -8
-1.4010000000127599832922e+03, -7
3.3802500000318677848554e+03, -6
-5.8140000000572308636038e+03, -5
7.3080000000758764144848e+03, -4
-6.7620000000748741513235e+03, -3
4.5697500000545796865481e+03, -2
-2.1990000000286690919893e+03, -1
7.1500000001032776708598e+02, 0
-1.4100000000229957208830e+02, 1
1.2750000000237335484599e+01, 2
-----------------------------------
f^(9): backward 1
-----------------------------------
(weights, stencil)
1.2750000002723078651456e+01, -11
-1.6050000003447422614045e+02, -10
9.2750000020066875094926e+02, -9
-3.2535000007104590622475e+03, -8
7.7152500017048469089787e+03, -7
-1.3029000002922930434579e+04, -6
1.6065000003674018444144e+04, -5
-1.4571000003414268576307e+04, -4
9.6472500023304110072786e+03, -3
-4.5465000011406891644583e+03, -2
1.4475000003806442236964e+03, -1
-2.7950000007788349876137e+02, 0
2.4750000007395478007766e+01, 1
-----------------------------------
f^(9): backward 0
-----------------------------------
(weights, stencil)
2.4749999952415532078476e+01, -12
-3.0899999939385349989607e+02, -11
1.7699999964484218253347e+03, -10
-6.1509999873380111239385e+03, -9
1.4442749969394650179311e+04, -8
-2.4137999947137326671509e+04, -7
2.9441999933062914351467e+04, -6
-2.6405999937359691102756e+04, -5
1.7282249956982566800434e+04, -4
-8.0489999788490067658131e+03, -3
2.5319999929303830867866e+03, -2
-4.8299999855771392276438e+02, -1
4.2249999864244593084095e+01, 0
-----------------------------------
=========================
f^(10): LTE = O(3)
=========================

f^(10): forward 0
-----------------------------------
(weights, stencil)
2.0581006382255552011884e+01, 0
-2.3997995949149017747004e+02, 1
1.2824125367208080206183e+03, 2
-4.1530897108469453087309e+03, 3
9.0782787114388647751184e+03, 4
-1.4111338962420739335357e+04, 5
1.5994313737365819179104e+04, 6
-1.3319470286592431875761e+04, 7
8.0884489438431101007154e+03, 8
-3.4932106714076494426990e+03, 9
1.0184660337237124849707e+03, 10
-1.7999426616164095094064e+02, 11
1.4582887446327783109723e+01, 12
-----------------------------------
f^(10): forward 1
-----------------------------------
(weights, stencil)
1.4583312534205422394962e+01, -1
-1.6899997254514062205999e+02, 0
8.9750021383377895745070e+02, 1
-2.8883342765075021816301e+03, 2
6.2737520226932410878362e+03, 3
-9.6900029000183549214853e+03, 4
1.0913003014297320987680e+04, 5
-9.0300023164500107668573e+03, 6
5.4487513090981992718298e+03, 7
-2.3383338637414694858307e+03, 8
6.7750014612548079639964e+02, 9
-1.1900002455483658536650e+02, 10
9.5833352350904181804481e+00, 11
-----------------------------------
f^(10): forward 2
-----------------------------------
(weights, stencil)
9.5833324929770835609588e+00, -2
-1.1000000015533812813828e+02, -1
5.7850000702058525803295e+02, 0
-1.8433333573939121379226e+03, 1
3.9637500380087849407573e+03, 2
-6.0600000397867033825605e+03, 3
6.7550000311897629217128e+03, 4
-5.5320000187412633749773e+03, 5
3.3037500085550318544847e+03, 6
-1.4033333362097339431784e+03, 7
4.0250000067215773924545e+02, 8
-7.0000000097528229048294e+01, 9
5.5833333399517179884697e+00, 10
-----------------------------------
f^(10): forward 3
-----------------------------------
(weights, stencil)
5.5833336049694715086389e+00, -3
-6.3000004144123316507375e+01, -2
3.2550001597364041572291e+02, -1
-1.0183333275519938752041e+03, 0
2.1487499078455575727276e+03, 1
-3.2219998320109043561388e+03, 2
3.5209998288260799199634e+03, 3
-2.8259998763337384843908e+03, 4
1.6537499341705042752437e+03, 5
-6.8833330799872896932357e+02, 6
1.9349999331614981201710e+02, 7
-3.2999998917079025773091e+01, 8
2.5833332520190346315303e+00, 9
-----------------------------------
f^(10): forward 4
-----------------------------------
(weights, stencil)
2.5833333336091324206052e+00, -4
-2.8000000004014204080249e+01, -3
1.3850000003130682557639e+02, -2
-4.1333333314837693706068e+02, -1
8.2874999952557743654324e+02, 0
-1.1759999996280143932381e+03, 1
1.2109999997834811438224e+03, 2
-9.1199999981381813540793e+02, 3
4.9874999989569079161811e+02, 4
-1.9333333329258624644353e+02, 5
5.0499999989225138108395e+01, 6
-7.9999999982583185342833e+00, 7
5.8333333320307512170899e-01, 8
-----------------------------------
f^(10): forward 5
-----------------------------------
(weights, stencil)
5.8333333333377224150240e-01, -5
-4.9999999999926405536144e+00, -4
1.7499999999756681745566e+01, -3
-2.8333333329410098855305e+01, -2
3.7499999557237959635358e+00, -1
7.8000000084833587266075e+01, 0
-1.7500000004830664579458e+02, 1
2.1000000000830010549180e+02, 2
-1.6125000000362442165169e+02, 3
8.1666666667892215514257e+01, 4
-2.6500000000291489499205e+01, 5
5.0000000000434443592212e+00, 6
-4.1666666666971485799564e-01, 7
-----------------------------------
f^(10): central 0
-----------------------------------
(weights, stencil)
-4.1666666666686419384646e-01, -6
6.0000000000028190783041e+00, -5
-3.7500000000019596768652e+01, -4
1.3666666666675922670038e+02, -3
-3.2625000000034719960240e+02, -2
5.4000000000083093709691e+02, -1
-6.3700000000080751760834e+02, 0
5.3999999999990495780366e+02, 1
-3.2624999999956219198793e+02, 2
1.3666666666651434525193e+02, 3
-3.7499999999966426855735e+01, 4
5.9999999999952979834461e+00, 5
-4.1666666666635121529794e-01, 6
-----------------------------------
f^(10): backward 5
-----------------------------------
(weights, stencil)
-4.1666666666665974627648e-01, -7
4.9999999999999067412659e+00, -6
-2.6499999999999410249529e+01, -5
8.1666666666664255558317e+01, -4
-1.6124999999999238298187e+02, -3
2.0999999999997751842784e+02, -2
-1.7499999999998581756699e+02, -1
7.8000000000003595346243e+01, 0
3.7500000000019437784715e+00, 1
-2.8333333333338291737391e+01, 2
1.7500000000000561328761e+01, 3
-5.0000000000000079936058e+00, 4
5.8333333333333048376090e-01, 5
-----------------------------------
f^(10): backward 4
-----------------------------------
(weights, stencil)
5.8333333333330639192127e-01, -8
-7.9999999999996624922005e+00, -7
5.0499999999998067323759e+01, -6
-1.9333333333332674897065e+02, -5
4.9874999999998578914528e+02, -4
-9.1199999999998158273229e+02, -3
1.2109999999999902229320e+03, -2
-1.1760000000000079580786e+03, -1
8.2875000000002103206498e+02, 0
-4.1333333333334729786657e+02, 1
1.3850000000000429167812e+02, 2
-2.8000000000000696331881e+01, 3
2.5833333333333818870869e+00, 4
-----------------------------------
f^(10): backward 3
-----------------------------------
(weights, stencil)
2.5833333333359949079977e+00, -9
-3.3000000000033352876017e+01, -8
1.9350000000019181811695e+02, -7
-6.8833333333400310038996e+02, -6
1.6537500000015834302758e+03, -5
-2.8260000000026707311918e+03, -4
3.5210000000032923708204e+03, -3
-3.2220000000029795046430e+03, -2
2.1487500000019526851247e+03, -1
-1.0183333333342220612394e+03, 0
3.2550000000026119550967e+02, 1
-6.3000000000043975489916e+01, 2
5.5833333333363288630835e+00, 3
-----------------------------------
f^(10): backward 2
-----------------------------------
(weights, stencil)
5.5833333333795556185919e+00, -10
-7.0000000000600579141974e+01, -9
4.0250000000360165586244e+02, -8
-1.4033333333465325267753e+03, -7
3.3037500000329700924340e+03, -6
-5.5320000000592226570006e+03, -5
6.7550000000785348674981e+03, -4
-6.0600000000775162334321e+03, -3
3.9637500000565169102629e+03, -2
-1.8433333333630196193553e+03, -1
5.7850000001068656274583e+02, 0
-1.1000000000237508857026e+02, 1
9.5833333335780732653575e+00, 2
-----------------------------------
f^(10): backward 1
-----------------------------------
(weights, stencil)
9.5833333352676994820740e+00, -11
-1.1900000002448554425882e+02, -10
6.7750000014250520052883e+02, -9
-2.3383333338377888139803e+03, -8
5.4487500012103146218578e+03, -7
-9.0300000020747138478328e+03, -6
1.0913000002607386704767e+04, -5
-9.6900000024226337700384e+03, -4
6.2737500016533122106921e+03, -3
-2.8883333341424995523994e+03, -2
8.9750000026999839519704e+02, -1
-1.6900000005524384505406e+02, 0
1.4583333338579215876507e+01, 1
-----------------------------------
f^(10): backward 0
-----------------------------------
(weights, stencil)
1.4583333306876355095483e+01, -12
-1.7999999966297059472708e+02, -11
1.0184999980251684519317e+03, -10
-3.4933333262923656548082e+03, -9
8.0887499829802691238001e+03, -8
-1.3319999970600998494774e+04, -7
1.5994999962770998536143e+04, -6
-1.4111999965158074701321e+04, -5
9.0787499760708196845371e+03, -4
-4.1533333215667826152639e+03, -3
1.2824999960667830691818e+03, -2
-2.3999999919751829224879e+02, -1
2.0583333257793899662147e+01, 0
-----------------------------------
=========================
f^(11): LTE = O(2)
=========================

f^(11): forward 0
-----------------------------------
(weights, stencil)
-6.4992189325328793003678e+00, 0
7.6992815831584394459242e+01, 1
-4.1796812764931229366994e+02, 2
1.3749110737559603876434e+03, 3
-3.0523280330928691910231e+03, 4
4.8177588535980976303108e+03, 5
-5.5437496926340472782613e+03, 6
4.6858068153219401210663e+03, 7
-2.8873902156179296980554e+03, 8
1.2649552726736094427906e+03, 9
-3.7398761524547637691285e+02, 10
6.6997909425142282202614e+01, 11
-5.4998374341666957931807e+00, 12
-----------------------------------
f^(11): forward 1
-----------------------------------
(weights, stencil)
-5.4999938252136395533398e+00, -1
6.4999997383752614155128e+01, 0
-3.5200010664375400892823e+02, 1
1.1550004295353455745499e+03, 2
-2.5575009130456096499984e+03, 3
4.0260013081372367196309e+03, 4
-4.6200013590767021014472e+03, 5
3.8940010440996497891319e+03, 6
-2.3925005899154066355550e+03, 7
1.0450002389744877291378e+03, 8
-3.0800006582770333807275e+02, 9
5.5000011060471187818166e+01, 10
-4.5000008565535258853174e+00, 11
-----------------------------------
f^(11): forward 2
-----------------------------------
(weights, stencil)
-4.4999992603943512747833e+00, -2
5.2999998510804694262788e+01, -1
-2.8600000343853076856249e+02, 0
9.3500001416473219251202e+02, 1
-2.0625000218950608541491e+03, 2
3.2340000225130715989508e+03, 3
-3.6960000175537766153866e+03, 4
3.1020000104659684438957e+03, 5
-1.8975000047350790737255e+03, 6
8.2500000157677845891158e+02, 7
-2.4200000036473844033935e+02, 8
4.3000000052365386693509e+01, 9
-3.5000000035148444155197e+00, 10
-----------------------------------
f^(11): forward 3
-----------------------------------
(weights, stencil)
-3.5000002463034145527843e+00, -3
4.1000004055972368632865e+01, -2
-2.1999996590171525667756e+02, -1
7.1499989744978665839881e+02, 0
-1.5674998684274501101754e+03, 1
2.4419998494356455012166e+03, 2
-2.7719998466862257373577e+03, 3
2.3099998892508542667201e+03, 4
-1.4024999410503628496372e+03, 5
6.0499997731424014091317e+02, 6
-1.7599999401521802155912e+02, 7
3.0999999030375573028095e+01, 8
-2.4999999271950335000270e+00, 9
-----------------------------------
f^(11): forward 4
-----------------------------------
(weights, stencil)
-2.5000000004630287264717e+00, -4
2.9000000005898417754224e+01, -3
-1.5400000004077483595211e+02, -2
4.9500000396958677129078e+02, -1
-1.0725000078240871062007e+03, 0
1.6500000036234866911400e+03, 1
-1.8479999995371499608154e+03, 2
1.5179999996248939169163e+03, 3
-9.0749999979243114012206e+02, 4
3.8499999991936391552372e+02, 5
-1.0999999997875089263744e+02, 6
1.8999999996573780691733e+01, 7
-1.4999999997442505783596e+00, 8
-----------------------------------
f^(11): forward 5
-----------------------------------
(weights, stencil)
-1.4999999999983928411496e+00, -5
1.6999999999993093524608e+01, -4
-8.8000000000154784629558e+01, -3
2.7500000000225094254347e+02, -2
-5.7750000004268395059626e+02, -1
8.5800000008073629942373e+02, 0
-9.2400000004762739536091e+02, 1
7.2600000001030844032357e+02, 2
-4.1250000000486778617415e+02, 3
1.6500000000170669522959e+02, 4
-4.4000000000414573264607e+01, 5
7.0000000000626760865430e+00, 6
-5.0000000000444377867836e-01, 7
-----------------------------------
f^(11): central 0
-----------------------------------
(weights, stencil)
-4.9999999999988842258603e-01, -6
4.9999999999986064480595e+00, -5
-2.1999999999992677857108e+01, -4
5.4999999999985440979344e+01, -3
-8.2500000000080547124526e+01, -2
6.5999999998129055711615e+01, -1
4.1174391156561822048747e-09, 0
-6.6000000001782154868124e+01, 1
8.2499999999639115344507e+01, 2
-5.4999999999876671097354e+01, 3
2.1999999999973283593135e+01, 4
-4.9999999999962918550978e+00, 5
4.9999999999975264231011e-01, 6
-----------------------------------
f^(11): backward 5
-----------------------------------
(weights, stencil)
4.9999999999998628874565e-01, -7
-6.9999999999998436805981e+00, -6
4.3999999999999296562692e+01, -5
-1.6499999999999891997504e+02, -4
4.1250000000000477484718e+02, -3
-7.2600000000004513367458e+02, -2
9.2399999999988915533322e+02, -1
-8.5799999999972635578160e+02, 0
5.7749999999989381649357e+02, 1
-2.7500000000003251443559e+02, 2
8.8000000000006892264537e+01, 3
-1.7000000000000888178420e+01, 4
1.5000000000000575095527e+00, 5
-----------------------------------
f^(11): backward 4
-----------------------------------
(weights, stencil)
1.4999999999999442668042e+00, -8
-1.8999999999999285904551e+01, -7
1.0999999999999587885213e+02, -6
-3.8499999999998590283212e+02, -5
9.0749999999996941824065e+02, -4
-1.5179999999999593001121e+03, -3
1.8479999999999749888957e+03, -2
-1.6500000000000122781785e+03, -1
1.0725000000000381987775e+03, 0
-4.9500000000002569322533e+02, 1
1.5400000000000858335625e+02, 2
-2.9000000000001485034318e+01, 3
2.5000000000001039168751e+00, 4
-----------------------------------
f^(11): backward 3
-----------------------------------
(weights, stencil)
2.5000000000022906121444e+00, -9
-3.1000000000028645530392e+01, -8
1.7600000000016427748051e+02, -7
-6.0500000000057173110690e+02, -6
1.4025000000013462795323e+03, -5
-2.3100000000022605490813e+03, -4
2.7720000000027721398510e+03, -3
-2.4420000000024933797249e+03, -2
1.5675000000016218564269e+03, -1
-7.1500000000073339379014e+02, 0
2.2000000000021441337594e+02, 1
-4.1000000000036081360122e+01, 2
3.5000000000024669155607e+00, 3
-----------------------------------
f^(11): backward 2
-----------------------------------
(weights, stencil)
3.5000000000279869460940e+00, -10
-4.3000000000363684193871e+01, -9
2.4200000000218139462049e+02, -8
-8.2500000000799570898380e+02, -7
1.8975000000199752321350e+03, -6
-3.1020000000358854777005e+03, -5
3.6960000000475943124911e+03, -4
-3.2340000000469831320515e+03, -3
2.0625000000342583916790e+03, -2
-9.3500000001799321580620e+02, -1
2.8600000000647361275696e+02, 0
-5.3000000001436795571408e+01, 1
4.5000000001478381861375e+00, 2
-----------------------------------
f^(11): backward 1
-----------------------------------
(weights, stencil)
4.5000000008539950968611e+00, -11
-5.5000000010808932415785e+01, -10
3.0800000006290014198385e+02, -9
-1.0450000002226308879472e+03, -8
2.3925000005340698407963e+03, -7
-3.8940000009153577593679e+03, -6
4.6200000011501915651024e+03, -5
-4.0260000010685312190617e+03, -4
2.5575000007291178008018e+03, -3
-1.1550000003568131887732e+03, -2
3.5200000011905564178960e+02, -1
-6.5000000024360531369894e+01, 0
5.5000000023134196780461e+00, 1
-----------------------------------
f^(11): backward 0
-----------------------------------
(weights, stencil)
5.4999999906176739727925e+00, -12
-6.6999999880476408975483e+01, -11
3.7399999929962052647170e+02, -10
-1.2649999975027840264374e+03, -9
2.8874999939632903078746e+03, -8
-4.6859999895718447078252e+03, -7
5.5439999867935266593122e+03, -6
-4.8179999876393649174133e+03, -5
3.0524999915101293481712e+03, -4
-1.3749999958249959490786e+03, -3
4.1799999860431256593074e+02, -2
-7.6999999715222770646506e+01, -1
6.4999999731914597234095e+00, 0
-----------------------------------
=========================
f^(12): LTE = O(1)
=========================

f^(12): forward 0
-----------------------------------
(weights, stencil)
9.9985618374183093948204e-01, 0
-1.1998725671006205573121e+01, 1
6.5994402740822593500525e+01, 2
-2.1998441023934776694659e+02, 3
4.9496986292279200370103e+02, 4
-7.9195774891331404887751e+02, 5
9.2395615067284950328030e+02, 6
-7.9196616131683924777462e+02, 7
4.9498077150677369218101e+02, 8
-2.1999216660646325749440e+02, 9
6.5997831084623868491690e+01, 10
-1.1999633896922421882891e+01, 11
9.9997153228931590085438e-01, 12
-----------------------------------
f^(12): forward 1
-----------------------------------
(weights, stencil)
9.9999961533222259113529e-01, -1
-1.2000002283777389422426e+01, 0
6.6000025712535133948222e+01, 1
-2.2000009280291561708509e+02, 2
4.9500019491994777354194e+02, 3
-7.9200027899844076273439e+02, 4
9.2400028969467507522495e+02, 5
-7.9200022246456103403034e+02, 6
4.9500012565477794623803e+02, 7
-2.2000005089125735935340e+02, 8
6.6000014016020173812649e+01, 9
-1.2000002354667641313313e+01, 10
1.0000001823315669557957e+00, 11
-----------------------------------
f^(12): forward 2
-----------------------------------
(weights, stencil)
9.9999988651536464434599e-01, -2
-1.1999999984529498675556e+01, -1
6.6000001471850183065726e+01, 0
-2.2000000401903039914941e+02, 1
4.9500000569372463132822e+02, 2
-7.9200000575790988932567e+02, 3
9.2400000445372086232965e+02, 4
-7.9200000262976732301468e+02, 5
4.9500000117656031761726e+02, 6
-2.2000000038701136872987e+02, 7
6.6000000088346197912870e+01, 8
-1.2000000012505998014944e+01, 9
1.0000000008269278595208e+00, 10
-----------------------------------
f^(12): forward 3
-----------------------------------
(weights, stencil)
1.0000000897006426914260e+00, -3
-1.2000001351544376859692e+01, -2
6.6000000232779370890057e+01, -1
-2.1999998777899747892661e+02, 0
4.9499996416087742545642e+02, 1
-7.9199994417857169537456e+02, 2
9.2399994320387247626059e+02, 3
-7.9199995897697351665556e+02, 4
4.9499997816556913221575e+02, 5
-2.1999999159777308932462e+02, 6
6.5999997783471073375949e+01, 7
-1.1999999640900195885251e+01, 8
9.9999997303743815013632e-01, 9
-----------------------------------
f^(12): forward 4
-----------------------------------
(weights, stencil)
1.0000000002321611791700e+00, -4
-1.2000000002675108135008e+01, -3
6.6000000003123616920675e+01, -2
-2.2000000294340566142637e+02, -1
4.9500000580650686288209e+02, 0
-7.9200000273207751888549e+02, 1
9.2399999973405726905185e+02, 2
-7.9199999979027882091032e+02, 3
4.9499999988501355119297e+02, 4
-2.1999999995553190501596e+02, 5
6.5999999988315892096580e+01, 6
-1.1999999998120047806083e+01, 7
9.9999999985990328799090e-01, 8
-----------------------------------
f^(12): forward 5
-----------------------------------
(weights, stencil)
9.9999999999835786912428e-01, -5
-1.2000000000004510170015e+01, -4
6.6000000000361026764040e+01, -3
-2.2000000000283279177893e+02, -2
4.9500000001114705128202e+02, -1
-7.9200000001771866209310e+02, 0
9.2400000002313095137652e+02, 1
-7.9200000001939213234436e+02, 2
4.9500000000864190496941e+02, 3
-2.2000000000294807023238e+02, 4
6.6000000000704744707036e+01, 5
-1.2000000000105393027638e+01, 6
1.0000000000074131811800e+00, 7
-----------------------------------
f^(12): central 0
-----------------------------------
(weights, stencil)
1.0000000000003175237850e+00, -6
-1.2000000000004238387419e+01, -5
6.6000000000026261659514e+01, -4
-2.2000000000010126655070e+02, -3
4.9500000000025511326385e+02, -2
-7.9199999999771785041958e+02, -1
9.2399999999484259660676e+02, 0
-7.9199999999651345206075e+02, 1
4.9499999999908459358267e+02, 2
-2.1999999999969102759678e+02, 3
6.5999999999932725813778e+01, 4
-1.1999999999990642152170e+01, 5
9.9999999999937505545944e-01, 6
-----------------------------------
f^(12): backward 5
-----------------------------------
(weights, stencil)
9.9999999999998145927549e-01, -7
-1.1999999999999777955395e+01, -6
6.5999999999998891553332e+01, -5
-2.1999999999999732835931e+02, -4
4.9500000000000073896445e+02, -3
-7.9200000000003103650670e+02, -2
9.2400000000012801137927e+02, -1
-7.9200000000023044322006e+02, 0
4.9500000000014699708117e+02, 1
-2.2000000000002708588909e+02, 2
6.6000000000005755396160e+01, 3
-1.2000000000000781597009e+01, 4
1.0000000000000532907052e+00, 5
-----------------------------------
f^(12): backward 4
-----------------------------------
(weights, stencil)
9.9999999999996713739847e-01, -8
-1.1999999999999579003429e+01, -7
6.5999999999997555732989e+01, -6
-2.1999999999999158717401e+02, -5
4.9499999999998135535861e+02, -4
-7.9199999999997351096681e+02, -3
9.2399999999997749000613e+02, -2
-7.9199999999999727151589e+02, -1
4.9500000000001341504685e+02, 0
-2.2000000000001105604497e+02, 1
6.6000000000004177991286e+01, 2
-1.2000000000000792255150e+01, 3
1.0000000000000559552404e+00, 4
-----------------------------------
f^(12): backward 3
-----------------------------------
(weights, stencil)
1.0000000000008244516181e+00, -9
-1.2000000000010290435171e+01, -8
6.6000000000058875571085e+01, -7
-2.2000000000020429524739e+02, -6
4.9500000000047941739467e+02, -5
-7.9200000000080171957961e+02, -4
9.2400000000097838892543e+02, -3
-7.9200000000087504758994e+02, -2
4.9500000000056564886108e+02, -1
-2.2000000000025372060009e+02, 0
6.6000000000073299588621e+01, 1
-1.2000000000012157386209e+01, 2
1.0000000000008120171202e+00, 3
-----------------------------------
f^(12): backward 2
-----------------------------------
(weights, stencil)
1.0000000000076780803937e+00, -10
-1.2000000000099788621810e+01, -9
6.6000000000598603833168e+01, -8
-2.2000000000219429807657e+02, -7
4.9500000000548243406229e+02, -6
-7.9200000000985028236755e+02, -5
9.2400000001306534613832e+02, -4
-7.9200000001289834017371e+02, -3
4.9500000000940474365052e+02, -2
-2.2000000000493869833917e+02, -1
6.6000000001775717350938e+01, 0
-1.2000000000393592713976e+01, 1
1.0000000000404452027425e+00, 2
-----------------------------------
f^(12): backward 1
-----------------------------------
(weights, stencil)
1.0000000001775928293313e+00, -11
-1.2000000002247524832910e+01, -10
6.6000000013077382732263e+01, -9
-2.2000000004628060423784e+02, -8
4.9500000011100809160780e+02, -7
-7.9200000019023525510420e+02, -6
9.2400000023900952328404e+02, -5
-7.9200000022201527372090e+02, -4
4.9500000015148020793276e+02, -3
-2.2000000007412776881210e+02, -2
6.6000000024734248427194e+01, -1
-1.2000000005061407293283e+01, 0
1.0000000004807161335663e+00, 1
-----------------------------------
f^(12): backward 0
-----------------------------------
(weights, stencil)
9.9999999840090147973370e-01, -12
-1.1999999979628018564881e+01, -11
6.5999999880620322301183e+01, -10
-2.1999999957432993369366e+02, -9
4.9499999897094090783867e+02, -8
-7.9199999822223730916448e+02, -7
9.2399999774844548028341e+02, -6
-7.9199999789249659443158e+02, -5
4.9499999855235563472888e+02, -4
-2.1999999928804783166925e+02, -3
6.5999999761980134849182e+01, -2
-1.1999999951431096434362e+01, -1
9.9999999542751338843516e-01, 0
-----------------------------------
=========================
