1.2566370614294562584046e-03
1.2410009350262065502823e-03
1.1949470546293490275797e-03
1.1209829929010794655198e-03
1.0231056314508144445413e-03
9.0654126866516657710926e-04
7.7740812987685107594837e-04
6.4232521892283527768092e-04
5.0799505118663123171691e-04
3.8078934257691266808410e-04
2.6636610132667727732919e-04
1.6934385356447533422901e-04
9.3054163783105561151901e-05
3.9387562326193544871063e-05
8.7409472312905826433356e-06
6.7039544934001271276130e-08
1.1019116134192835903399e-05
3.8177576899053475235814e-05
7.7339413704808514910503e-05
1.2384772305433437819717e-04
1.7293629893696044392583e-04
2.2006416333380078857902e-04
2.6121659328037755793891e-04
2.9315259382197230873454e-04
3.1358352887121796088998e-04
3.2127334403618296350402e-04
3.1605702413486171141813e-04
2.9878013026481836395681e-04
2.7116798332632639865342e-04
2.3563788519665056545548e-04
1.9507136432381550384015e-04
1.5256557738334725624410e-04
1.1118359274154514650199e-04
7.3722349303199290280336e-05
4.2514767753143808569002e-05
1.9279033275702227675412e-05
5.0237902952341657788213e-06
1.3260434494773370449649e-08
3.7915023026962095420325e-06
1.5260549872613197970117e-05
3.2803326572411973182600e-05
5.4439299632587748753541e-05
7.7998994161306589600370e-05
1.0130281489943096116715e-04
1.2233011520920348104771e-04
1.3936600654048720724851e-04
1.5111583852097556081133e-04
1.5678036153567748048170e-04
1.5608803432836556288922e-04
1.4928446924353225744482e-04
1.3708233757494484462286e-04
1.2057793874937873588975e-04
1.0114287043627521046462e-04
8.0300684728799173674359e-05
5.9599010051182586334469e-05
4.0487361781759166655739e-05
2.4209825536533760510826e-05
1.1720101707511327716990e-05
3.6242184232082328664275e-06
1.5375113200101452099773e-07
1.1698401663954593726732e-06
6.1958766293101420383725e-06
1.4474613836592553842565e-05
2.5043803756715505150036e-05
3.6823358548705553531816e-05
4.8706549749868536809249e-05
5.9647884154608942321781e-05
6.8740989932884304916202e-05
7.5281021232083975350258e-05
7.8807624121642665614672e-05
7.9126259933484243032364e-05
7.6307503747439323917544e-05
7.0665679437322337429032e-05
6.2719726607602855239683e-05
5.3140411421112038875807e-05
4.2688816445874390123096e-05
3.2151433234036079619658e-05
2.2277130790347468808181e-05
1.3720813392406291499948e-05
6.9977725948456934173961e-06
2.4516645965406840734964e-06
2.3780513361612304103221e-07
3.2217636436048481735940e-07
2.4952887823505109431783e-06
6.3989311352769279132445e-06
1.1562951039776765672050e-05
1.7448595018285575078886e-05
2.3494630613773415084809e-05
2.9162480668011560790923e-05
3.3976901525942908852736e-05
3.7559291732793708600349e-05
3.9651467258104736667273e-05
4.0128613216707785277693e-05
3.9001044726730438479394e-05
3.6405305929152698900080e-05
3.2585937807415133002798e-05
2.7869895300537723693271e-05
2.2636050569458114107733e-05
1.7282458031419468535029e-05
1.2194072238237946108341e-05
7.7134139402385997380572e-06
4.1163006268099890477244e-06
1.5942360058022937000958e-06
2.4443755848882252150727e-07
6.7826136568306887701199e-08
9.7466012479953763306584e-07
2.7969182864914890777538e-06
5.3060614849357125828526e-06
8.2344648422686617447860e-06
1.1298626956958526698594e-05
1.4222236840658140984042e-05
1.6757304801111757951290e-05
1.8701821737676089629342e-05
1.9912774133804638350626e-05
2.0313774834315991772542e-05
1.9897034490110535048671e-05
1.8719857113176885762178e-05
1.6896260055346599911240e-05
1.4584663824409461178227e-05
1.1972847802861964793594e-05
9.2615101923126931065785e-06
6.6477997237679633328838e-06
4.3101073126029839979452e-06
2.3952305732494704751878e-06
1.0087723555120167713659e-06
2.0933045186983978967064e-07
6.7062210044146760990464e-09
3.6403232688010680940160e-07
1.2034195840619338697594e-06
2.4144718524984055038596e-06
3.8648327193752589242309e-06
5.4118188826440136526700e-06
6.9141666540483183241877e-06
8.2429672605442075842717e-06
9.2909851515456515203255e-06
9.9797279199298554949477e-06
1.0263849756830762671180e-05
1.0132703596319114907622e-05
9.6090908569814120852165e-06
8.7454736627001624326132e-06
7.6180968161150891732915e-06
6.3196033636509152197442e-06
4.9508104009547591547753e-06
3.6123375629741033572128e-06
2.3967508144630311489197e-06
1.3818043547607725580621e-06
6.2524289287101384072912e-07
1.6147708471983961878201e-07
2.7995428957217234645296e-10
1.2748545520894065037574e-07
5.0751508812634343797895e-07
1.0874261148483177134269e-06
1.8020743762120789260682e-06
2.5799219773528231646224e-06
3.3489977944308923073105e-06
4.0425362078406153941651e-06
4.6038729399106640392553e-06
4.9902600414169440227454e-06
5.1753666613605197856446e-06
5.1503487999916792178397e-06
4.9234899670667445914377e-06
4.5185261457356755320967e-06
3.9718644245549808037402e-06
3.3289785399238423076412e-06
2.6403119192755119543764e-06
1.9570375203470236911204e-06
1.3270140751925656160884e-06
7.9124272264162026834048e-07
3.8107078175827647858621e-07
1.1631634173272009411520e-07
4.4050736050266548617922e-09
4.0526179548798617981975e-08
2.0873441568001778805405e-07
4.8385562957295163345224e-07
8.3399904298484933301311e-07
1.2234439024266064715028e-06
1.6156527828794875158895e-06
1.9761687484265500736025e-06
2.2751771525282351178168e-06
2.4895521432020330213791e-06
2.6042589185923932907122e-06
2.6130407766974421777527e-06
2.5183800720785724956891e-06
2.3307795189906488810135e-06
2.0674605538640202522145e-06
1.7506151878756613368747e-06
1.4053744738307035983622e-06
1.0576690763908869684465e-06
7.3215536280107804497546e-07
4.5036494842434351502038e-07
2.2920874817536645585823e-07
7.9931081857496655156271e-08
7.5685451078457555604893e-09
1.0925694355804403160820e-08
8.3038542930728801722848e-08
2.1206053345988426551406e-07
3.8247659197114438659561e-07
5.7653091422250085966509e-07
7.7574429700114159523229e-07
9.6239726861162632266832e-07
1.1208653437103365453382e-06
1.2387110657905821233302e-06
1.3074621800224480699368e-06
1.3230339946119283037527e-06
1.2857842580002197030214e-06
1.2002182474759789186755e-06
1.0743879945871610188290e-06
9.1905080571505036056337e-07
7.4666711485697628186334e-07
5.7032544993146747525515e-07
4.0268272678365724602704e-07
2.5500161065829808246683e-07
1.3635422193239728392796e-07
5.3044342271985573075545e-08
8.2801134885866331886461e-09
2.1077694120748296515500e-09
3.1595951433420639390298e-08
9.1241240527700401140404e-08
1.7355004392452617784024e-07
2.6974090660388174668438e-07
3.7050527446188045797143e-07
4.6676388759584225323284e-07
5.5036008363945682592908e-07
6.1463972593860791429149e-07
6.5487932223146628539723e-07
6.6853803750420880517988e-07
6.5532449033123763679247e-07
6.1708420840830776752712e-07
5.5752724952917442715787e-07
4.8182678744563818045229e-07
3.9612767746384665519508e-07
3.0700869820658856587268e-07
2.2094316057627708549918e-07
1.4380002601570620660823e-07
8.0421994803244211054324e-08
3.4308842048113088340653e-08
7.4243820468608034500375e-09
1.3470503549003280920746e-10
1.1274641273086548695189e-08
3.8329596178957127504038e-08
7.7711678961067587965153e-08
1.2510296125342613943421e-07
1.7583509801048952104929e-07
2.2527355235354138667280e-07
2.6917620971071997956474e-07
3.0399997214880328071435e-07
3.2713455910064965526400e-07
3.3704965684002558934628e-07
3.3334914039557085259808e-07
3.1673370745664679594728e-07
2.8888031879277637635725e-07
2.5225281777901853115371e-07
2.0986260161399347065173e-07
1.6500097687758481875555e-07
1.2096574153261017425097e-07
8.0803634495907161046844e-08
4.7087761321832144706640e-08
2.1745235447310379499164e-08
5.9454504436264312265279e-09
5.4052773054448486714357e-11
3.6522643623054983071607e-09
1.5616136433928754524776e-08
3.4245974017486266667801e-08
5.7432848962644950708150e-08
8.2847015520364145042591e-08
1.0813224736919637088200e-07
1.3109061174203033337091e-07
1.4984386882813418559918e-07
1.6296033212468392285727e-07
1.6953938324597384812354e-07
1.6924959884213816327163e-07
1.6232030031634027313177e-07
1.4948997370412851513049e-07
1.3191815727776499069345e-07
1.1106984221050266653906e-07
8.8583028582394154532843e-08
6.6130751946463995991838e-08
4.5288647692567078712676e-08
2.7418026113438761156796e-08
1.3572626380009706657989e-08
4.4348856287252137065164e-09
2.8491316653508145737569e-10
1.0026241719591600786618e-09
6.1008804005310584854343e-09
1.4785202390604041898454e-08
2.6033816657397213512082e-08
3.8690593529090631846554e-08
5.1562874953911494483186e-08
6.3516290942640882184292e-08
7.3559371219693585165571e-08
8.0911983522051599382709e-08
8.5053245523961904810245e-08
8.5746414471600507722556e-08
8.3040198367964543744814e-08
7.7247799150624643049487e-08
6.8906651030473400738390e-08
5.8723140321506595871651e-08
4.7507503633500111597328e-08
3.6104553211779721495309e-08
2.5325863884241526966766e-08
1.5888604661858525522524e-08
8.3653708412151920661005e-09
3.1482563655628636121226e-09
4.2910529185338303921698e-10
1.9650769843552664912285e-10
2.2487703435972870388428e-09
6.2208972843904130698058e-09
1.1622644943967003925976e-08
1.7884031723077569858425e-08
2.4404320162692672906789e-08
3.0600458648226912717967e-08
3.5951252235236279215411e-08
4.0034087565489271595670e-08
4.2551805526152094603584e-08
4.3348224748519307120398e-08
4.2411790165867806991176e-08
3.9867774531418793895726e-08
3.5960324010522660308280e-08
3.1026350132404631870945e-08
2.5463783398990991211994e-08
1.9696990799020503673272e-08
1.4142211651116600169455e-08
9.1756936546298205760284e-09
5.1068406525344519458698e-09
2.1581560519730382455242e-09
4.5313147339257126617405e-10
1.2544682684138515861573e-11
7.5895046319740444567518e-10
2.5285253032301356446189e-09
5.0889064769762970972656e-09
8.1612824970965465617751e-09
1.1444766566456318334743e-08
1.4641025534500596648170e-08
1.7477238572360790385375e-08
1.9725704765916743448447e-08
2.1218779484941382558807e-08
2.1858260792336555439796e-08
2.1618830232588267862969e-08
2.0545637105625558669582e-08
1.8746564113751041303709e-08
1.6380092414744925980867e-08
1.3639970275593958777462e-08
1.0738065159463819734251e-08
7.8868372133347676914212e-09
5.2828153040633145659853e-09
3.0922962874002788461648e-09
1.4402427489949726913796e-09
4.0304815110931134188709e-10
5.4985523859150399517535e-12
2.2191517150108298852166e-10
9.8113907756770107371045e-10
2.1747419154361506537702e-09
3.6676335648241117670492e-09
5.3101016256351884732391e-09
6.9502645248225306131200e-09
8.4459489962550326992572e-09
9.6751065138356742037675e-09
1.0544049432400357725591e-08
1.0992999494623490867039e-08
1.0998679843967669024235e-08
1.0573926680360636892847e-08
9.7645288535402863203750e-09
8.6437057998751619331738e-09
7.3047924592432312336738e-09
5.8528045363066148379889e-09
4.3956038124959134952434e-09
3.0353710772701905375142e-09
1.8610280888256596508839e-09
9.4213815030507604389148e-10
3.2466879448840438884757e-10
2.8833061498106643744711e-11
4.9052111081543489082646e-11
3.5591527143328807543123e-10
8.9986655572001613153744e-10
1.6162293744882232707302e-09
2.4311009223215625991077e-09
3.2676085038268150198470e-09
4.0520224543984272230703e-09
4.7192616304178040876748e-09
5.2174021540631290131607e-09
5.5109004318087409594066e-09
5.5823581209387834533568e-09
5.4327797092562865438639e-09
5.0803928085794074358169e-09
4.5582081314484419147217e-09
3.9105829157053817955558e-09
3.1891127829781115313852e-09
2.4482094688209550388226e-09
1.7407247604571600493625e-09
1.1139558722920477402378e-09
6.0631799665886997248758e-10
2.4490117091735849131905e-10
4.4047343893916255253279e-11
4.9966377518797589717487e-12
1.1656633059289703815083e-10
3.5674854311505469829623e-10
6.9504851060376737437092e-10
1.0953388003971272343951e-09
1.5189784337580882114180e-09
1.9279404186899118345143e-09
2.2877058671269008035946e-09
2.5697153149471117356823e-09
2.7532145217344911637769e-09
2.8263884496942092356499e-09
2.7867383667338912194515e-09
2.6407180819113390320297e-09
2.4027014979520960675656e-09
2.0934009204488263311178e-09
1.7378907861905467504572e-09
1.3634126666954097850110e-09
9.9714377644676897550744e-10
6.6410316116876983676289e-10
3.8534874510429988700778e-10
1.7658686919527811372896e-10
4.7276916941034877091478e-11
2.7055512958003758188896e-13
3.1981574783751297179351e-11
1.3304168196970274117327e-10
2.8936281846246337567695e-10
4.8350001281683151491363e-10
6.9619193264180918449163e-10
9.0794993964048217413764e-10
1.1005704091278166487167e-09
1.2584584381912834543676e-09
1.3696722473633512305564e-09
1.4266244757504395113377e-09
1.4264067752370935845988e-09
1.3707350951914378542210e-09
1.2655423936467254597010e-09
1.1202710462682768473364e-09
9.4693721848964312582123e-10
7.5905271168147760707287e-10
5.7049567150062421758247e-10
3.9442004768864823053428e-10
2.4228537225105530160735e-10
1.2307432396092205851580e-10
4.2747101517311899803451e-11
3.9605106243357384365901e-12
6.0576650761351777194806e-12
4.5313052713933221898140e-11
1.1539899741012885875001e-10
2.0802455221466803862155e-10
3.1368751610287326559452e-10
4.2247509540084297825710e-10
5.2484881939194616811440e-10
6.1235434855773078010358e-10
6.7820610239928428396121e-10
7.1770921570080552401106e-10
7.2849604529986266833187e-10
7.1057003686537418113534e-10
6.6616497625853900339608e-10
5.9944134498558063375000e-10
5.1605271517854464862325e-10
4.2262314248708721781500e-10
3.2618091967395918072943e-10
2.3359471689231180564335e-10
1.5105522751030538535490e-10
8.3639396936363899212976e-11
3.4985784478196481702173e-11
7.0993972032262437183561e-12
2.9332249619092232374507e-13
1.3263564308284264462311e-11
4.3283488621991600449772e-11
8.6495918389331561988844e-11
1.3827473085587417154115e-10
1.9362414599766321637496e-10
2.4758288479144906975409e-10
2.9560194001083901374563e-10
3.3386856867395724979184e-10
3.5955485043969773881771e-10
3.7097621134278045176464e-10
3.6765306829325765939053e-10
3.5027657211822382259839e-10
3.2058671160794796791633e-10
2.8117726415712122795267e-10
2.3524682467285747149642e-10
1.8631813952346612978732e-10
1.3794908918361246978514e-10
9.3457928808999569473482e-11
5.5682974379108202884848e-11
2.6793100139949787759196e-11
8.1605634761985819830412e-12
3.0222958620279927799217e-13
2.8896804591652396632700e-12
1.4823396887507301087710e-11
3.4361585864670772782049e-11
5.9290601741051905484256e-11
8.7121496117632685671884e-11
1.1529614173983185899320e-10
1.4138661522319479068125e-10
1.6327299501786412758413e-10
1.7928725029447449936229e-10
1.8831420928160225310218e-10
1.8984440152038649790053e-10
1.8397754941773189094815e-10
1.7137932468521776054236e-10
1.5319740066996045814379e-10
1.3094558661050390381328e-10
1.0636675260821458485886e-10
8.1286246760009813814666e-11
5.7467548085784790849228e-11
3.6481041885766751775635e-11
1.9595167421349028468253e-11
7.6969408416549025657019e-12
1.2462070035642023957039e-12
2.6514704230234991347514e-13
4.3617909431811978912675e-12
1.2783764128031212244276e-11
2.4496411623219353128075e-11
3.8277925970958729903266e-11
5.2823238316373610505873e-11
6.6848243573301131326061e-11
7.9186395734227826051513e-11
8.8870753616576203092183e-11
9.5196068392561252179368e-11
9.7757338633241469805501e-11
9.6463258908821363887508e-11
9.1524991563814515855867e-11
8.3422545335389617428314e-11
7.2852617428903995576331e-11
6.0662943015805741012921e-11
4.7778931248819119474191e-11
3.5128618890977443443096e-11
2.3571751721499547534923e-11
1.3838153334899618669810e-11
6.4795357999549526584059e-12
1.8376437688893029786459e-12
3.0214037009715633327096e-14
9.5479177326356172673612e-13
4.3090843355545165687592e-12
9.6253521202879587659184e-12
1.6315412906828301543898e-11
2.3722226702581914326787e-11
3.1173760373867419353149e-11
3.8034905815142547564626e-11
4.3753616737929373029592e-11
4.7898089213689483172985e-11
5.0182674155105929693936e-11
5.0481199029524612979835e-11
4.8827408277195258245656e-11
4.5403227217043056263481e-11
4.0516438214437298545467e-11
3.4570070826956703420852e-11
2.8026304711985684031088e-11
2.1367940085149031506907e-11
1.5060500352528572079958e-11
9.5178078433513187153868e-12
5.0734475691684564199029e-12
1.9599489037616754417427e-12
2.9682501411431749149130e-13
8.7872658859579997564435e-14
1.2274096660346991911885e-12
3.5144678838229790782221e-12
6.6734121652235684750910e-12
1.0379055871503865448686e-11
1.4284112434569860508997e-11
1.8046768460818519705065e-11
2.1356280657140107862076e-11
2.3954768060354258972143e-11
2.5653763241059324032470e-11
2.6344564956804429532252e-11
2.6001958717919637360695e-11
2.4681398770836579778711e-11
2.2510234969554633620138e-11
1.9673986000902081224873e-11
1.6398978793861361587112e-11
1.2932874410576215917574e-11
9.5246747349830646408277e-12
6.4057533722783946094526e-12
3.7732894987804385940570e-12
1.7772235862062477441294e-12
5.1152428832518998359999e-13
1.0184985335590530144983e-14
2.4798706673787372970083e-13
1.1457042640720933998048e-12
2.5791047584617310168740e-12
4.3908567072506288859457e-12
6.4042735077180258048332e-12
8.4377557881810662831604e-12
1.0318798543630039608881e-11
1.1896528324147584563673e-11
1.3051904403996877213235e-11
1.3704943109540187970221e-11
1.3818585298340500907607e-11
1.3399101979296821656276e-11
1.2493200522727333000055e-11
1.1182234182840925896343e-11
9.5741139563515876613640e-12
7.7936620437208288595407e-12
5.9722225567545590025097e-12
4.2373558820548110679000e-12
2.7033906514811050817952e-12
1.4634995416436973717521e-12
5.8381293879395321265420e-13
9.9902115832386829537508e-14
1.5766242211885180329761e-14
3.0526111296128061067350e-13
9.1572659727636973371764e-13
1.7734173564329285073801e-12
2.7902271651080510892099e-12
3.8711277805769553026060e-12
