1.2566370614295228284180e-03
2.6637381293857429181288e-04
1.7292392999118476716938e-04
1.9506814905523802458447e-04
3.2798128583294348492149e-05
1.3707291562058371119093e-04
1.1693676220349427010960e-06
7.9117767880606968073157e-05
2.4516443466768903829069e-06
3.7554055994160425889158e-05
7.7124755949216925924152e-06
1.4219880616510050200404e-05
9.2599504890140799491993e-06
3.8641245406936992968562e-06
7.6165640569904103268683e-06
5.0742805561548010329515e-07
4.9223726534415374037263e-06
4.4012805303946937872068e-09
2.6036162224598475400234e-06
2.2912777679800828841788e-07
1.1205750202920911924717e-06
4.0254322654581300234815e-07
3.7040992305608065327378e-07
3.9598704086420071393917e-07
7.7694909294866643940231e-08
2.8877487728157510671922e-07
3.6528169781273309172173e-09
1.6918661608682937541201e-07
4.4314479801283554067434e-09
8.0881866422158335252044e-08
1.5879612654559323941012e-08
3.0589518877030873685023e-08
1.9686583357359281875245e-08
8.1588026627757148205862e-09
1.6371640036147786497060e-08
9.8106894117837796493754e-10
1.0568550756031291586618e-08
2.8760647455654926533020e-11
5.5081644350282971656449e-09
6.0579429996830043247573e-10
2.2866296717299241435144e-09
9.9641354202490787153845e-10
6.9590906899881990050434e-10
9.4628798843511633581362e-10
1.1537633325543572817480e-10
6.6572637209032335121464e-10
2.9515453329491881242123e-13
3.7074244305838985120928e-10
2.6760679537769190707163e-11
1.6317664836155152360611e-10
5.7413622956187903457744e-11
5.2796507050015431566757e-11
6.0611168811484770129986e-11
9.6227963759375244869486e-12
4.5366681151579061303551e-11
8.8210215194536143776728e-14
2.6324517283772434814163e-11
1.7746151189255924854377e-12
1.1888550525675761088159e-11
4.2350852375442088844890e-12
3.8704591220083409159169e-12
