6.2844419434119336287381e+00
6.2844418185277843846848e+00
6.2844418924862335273929e+00
6.2844418502650540858667e+00
6.2844418638448642511207e+00
6.2844418696592718731608e+00
6.2844418545732692038541e+00
6.2844418727649999922846e+00
6.2844418556549763721364e+00
6.2844418699240840453513e+00
6.2844418593050912491549e+00
6.2844418665418402270006e+00
6.2844418622099551541282e+00
6.2844418644064825585360e+00
6.2844418637052372744733e+00
6.2844418635230230307798e+00
6.2844418641744699272067e+00
6.2844418633739014268258e+00
6.2844418641515762402605e+00
6.2844418635028285180510e+00
6.2844418639953740779447e+00
6.2844418636605610117840e+00
6.2844418638654984121672e+00
6.2844418637617520673189e+00
6.2844418637975998365164e+00
6.2844418638045791425384e+00
6.2844418637762506918421e+00
6.2844418638126082754525e+00
6.2844418637775163460901e+00
6.2844418638071459781713e+00
6.2844418637846537478708e+00
6.2844418637996861676243e+00
6.2844418637905130609056e+00
6.2844418637950898443023e+00
6.2844418637945054229021e+00
6.2844418637940844263312e+00
6.2844418637959282847305e+00
6.2844418637947105921171e+00
6.2844418637969834406931e+00
6.2844418637916028558266e+00
6.2844418637917529579795e+00
6.2844418637897083712573e+00
6.2844418637920966830279e+00
6.2844418637986656506200e+00
6.2844418637993557652521e+00
6.2844418638014154510074e+00
6.2844418638019368117398e+00
6.2844418638031545043532e+00
6.2844418638042522928799e+00
6.2844418638053856085435e+00
6.2844418638062782278553e+00
6.2844418638066681381815e+00
6.2844418638086390060948e+00
6.2844418638086789741237e+00
6.2844418638086247952401e+00
6.2844418638089853956785e+00
6.2844418638182970582307e+00
6.2844418638165384649596e+00
6.2844418638279400113333e+00
6.2844418638319430314709e+00
6.2844418638412227196000e+00
