1.7830593323193607346866e+01
1.7830593323200936595185e+01
1.7830593323217676982040e+01
1.7830593323231067159895e+01
1.7830593323246837655915e+01
1.7830593323261265226165e+01
1.7830593323275831352248e+01
1.7830593323290102603096e+01
1.7830593323304245956251e+01
1.7830593323318705500924e+01
1.7830593323332372790446e+01
1.7830593323346203504798e+01
1.7830593323359764212910e+01
1.7830593323373562952838e+01
1.7830593323387212478792e+01
1.7830593323400947269874e+01
1.7830593323414635875679e+01
1.7830593323428395535757e+01
1.7830593323442041508997e+01
1.7830593323455843801639e+01
1.7830593323469546618298e+01
1.7830593323483338252800e+01
1.7830593323497122781873e+01
1.7830593323510843362101e+01
1.7830593323524666971025e+01
1.7830593323538455052812e+01
1.7830593323552321294301e+01
1.7830593323566088059806e+01
1.7830593323579897457876e+01
1.7830593323593738830368e+01
1.7830593323606823474847e+01
1.7830593323619954304604e+01
1.7830593323632776048271e+01
1.7830593323645370418262e+01
1.7830593323651086734571e+01
1.7830593323668324501341e+01
1.7830593323687192963689e+01
1.7830593323701755537058e+01
1.7830593323705844710503e+01
1.7830593323697595309341e+01
1.7830593323673571859445e+01
1.7830593323715476117286e+01
1.7830593323703460839624e+01
1.7830593323656042770153e+01
1.7830593323736916744338e+01
1.7830593323758773038890e+01
1.7830593323775552505595e+01
1.7830593323757035761901e+01
1.7830593323805334904364e+01
1.7830593323825940643701e+01
1.7830593323839199371150e+01
1.7830593323850152387422e+01
1.7830593323864025734338e+01
1.7830593323882506950895e+01
1.7830593323899300628455e+01
1.7830593323914126102636e+01
1.7830593323727196519712e+01
1.7830593323749184264670e+01
1.7830593323430317553857e+01
1.7830593323044624298745e+01
1.7830593323408688632981e+01
