3.5450849471961234371520e+00
3.5450849471934442469490e+00
3.5450849471877456942082e+00
3.5450849471839656068539e+00
3.5450849471806207269253e+00
3.5450849471775671695184e+00
3.5450849471746210817003e+00
3.5450849471717429395312e+00
3.5450849471687986280699e+00
3.5450849471657908118516e+00
3.5450849471630023757029e+00
3.5450849471602512430479e+00
3.5450849471575152094260e+00
3.5450849471547218882961e+00
3.5450849471519711997303e+00
3.5450849471492182907184e+00
3.5450849471464782602936e+00
3.5450849471437431148502e+00
3.5450849471410044166930e+00
3.5450849471382723798740e+00
3.5450849471355398989658e+00
3.5450849471327967599166e+00
3.5450849471300660553652e+00
3.5450849471273135904426e+00
3.5450849471245766686422e+00
3.5450849471218264241656e+00
3.5450849471190761796890e+00
3.5450849471163055071088e+00
3.5450849471135383872422e+00
3.5450849471107535038072e+00
3.5450849471079557417852e+00
3.5450849471051735228855e+00
3.5450849471023322401209e+00
3.5450849470995446921506e+00
3.5450849470966563359298e+00
3.5450849470938350371796e+00
3.5450849470909249205874e+00
3.5450849470880378966342e+00
3.5450849470851433231644e+00
3.5450849470821483855332e+00
3.5450849470792857864865e+00
3.5450849470762140214219e+00
3.5450849470733305501824e+00
3.5450849470701957244501e+00
3.5450849470672931573745e+00
3.5450849470641472294119e+00
3.5450849470611016656107e+00
3.5450849470580276801002e+00
3.5450849470548098096856e+00
3.5450849470518441819422e+00
3.5450849470485006342813e+00
3.5450849470455261247537e+00
3.5450849470421270659415e+00
3.5450849470391241347045e+00
3.5450849470357579384938e+00
3.5450849470325835888218e+00
3.5450849470293408494115e+00
3.5450849470259697682195e+00
3.5450849470229073290284e+00
3.5450849470193941392893e+00
3.5450849470163476873097e+00
