1.2566370614326618948553e+01
1.2566370614326608290412e+01
1.2566370614326618948553e+01
1.2566370614326597632271e+01
1.2566370614326604737698e+01
1.2566370614326638488478e+01
1.2566370614326578092346e+01
1.2566370614326631383051e+01
1.2566370614326585197773e+01
1.2566370614326617172196e+01
1.2566370614326627830337e+01
1.2566370614326592303200e+01
1.2566370614326631383051e+01
1.2566370614326592303200e+01
1.2566370614326613619482e+01
1.2566370614326624277624e+01
1.2566370614326608290412e+01
1.2566370614326601184985e+01
1.2566370614326597632271e+01
1.2566370614326618948553e+01
1.2566370614326654475690e+01
1.2566370614326592303200e+01
1.2566370614326654475690e+01
1.2566370614326604737698e+01
1.2566370614326613619482e+01
1.2566370614326588750487e+01
1.2566370614326640264835e+01
1.2566370614326611843126e+01
1.2566370614326618948553e+01
1.2566370614326627830337e+01
1.2566370614326618948553e+01
1.2566370614326654475690e+01
1.2566370614326620724910e+01
1.2566370614326617172196e+01
1.2566370614326627830337e+01
1.2566370614326608290412e+01
1.2566370614326592303200e+01
1.2566370614326624277624e+01
1.2566370614326572763275e+01
1.2566370614326604737698e+01
1.2566370614326638488478e+01
1.2566370614326597632271e+01
1.2566370614326588750487e+01
1.2566370614326556776064e+01
1.2566370614326592303200e+01
1.2566370614326608290412e+01
1.2566370614326569210562e+01
1.2566370614326627830337e+01
1.2566370614326608290412e+01
1.2566370614326629606694e+01
1.2566370614326578092346e+01
1.2566370614326627830337e+01
1.2566370614326604737698e+01
1.2566370614326604737698e+01
1.2566370614326581645059e+01
1.2566370614326579868703e+01
1.2566370614326578092346e+01
1.2566370614326611843126e+01
1.2566370614326581645059e+01
1.2566370614326620724910e+01
1.2566370614326572763275e+01
