3.9880211645374115114748e+00
3.9880211645374115114748e+00
3.9880211645374115114748e+00
3.9880211645374115114748e+00
3.9880211645374106232964e+00
3.9880211645374115114748e+00
3.9880211645374123996532e+00
3.9880211645374115114748e+00
3.9880211645374106232964e+00
3.9880211645374115114748e+00
3.9880211645374115114748e+00
3.9880211645374115114748e+00
3.9880211645374115114748e+00
3.9880211645374115114748e+00
3.9880211645374115114748e+00
3.9880211645374115114748e+00
3.9880211645374115114748e+00
3.9880211645374115114748e+00
3.9880211645374115114748e+00
3.9880211645374115114748e+00
3.9880211645374115114748e+00
3.9880211645374115114748e+00
3.9880211645374106232964e+00
3.9880211645374061824043e+00
3.9880211645373835338546e+00
3.9880211645370198247917e+00
3.9880211645323093705429e+00
3.9880211645201466552635e+00
3.9880211645152083832500e+00
3.9880211644357559386265e+00
3.9880211626531938406970e+00
3.9880211562494869426132e+00
3.9880211455824414734650e+00
3.9880211277115016343942e+00
3.9880211233762175027096e+00
3.9880209606318461901253e+00
3.9880200364366684695483e+00
3.9880193266719849987112e+00
3.9880186499678358380550e+00
3.9880184997905510080329e+00
3.9880171790577900736707e+00
3.9880005813169847606048e+00
3.9879748579933700369793e+00
3.9879430795691406252956e+00
3.9879320732351208889099e+00
3.9878774572463986380910e+00
3.9876029821169400868541e+00
3.9874004640174187663604e+00
3.9872396346686902468548e+00
3.9871716993696688646764e+00
3.9870781064388687298106e+00
3.9864787095237388392377e+00
3.9860713402321001908035e+00
3.9857666470840213968074e+00
3.9856414927651155899468e+00
3.9855400434233114737026e+00
3.9848135040410475049555e+00
3.9842843782287862275382e+00
3.9837948011705108797287e+00
3.9835042398935915919367e+00
3.9834099204320185805273e+00
3.9826362372836157099698e+00
3.9819829302885980659710e+00
3.9815066376092973499112e+00
3.9812232374472542595356e+00
3.9811221541283381419873e+00
3.9804913848373142393200e+00
3.9799717190107730679927e+00
3.9796527693271745995673e+00
3.9793433721093713906214e+00
3.9792034086148233562596e+00
3.9786782850087694107799e+00
3.9782714018552458590250e+00
3.9778872761891030940262e+00
3.9775345842924791917028e+00
3.9773399105702562650322e+00
3.9767038346603675869062e+00
3.9758088911562290412860e+00
3.9748544084282957378207e+00
3.9741661463960928912797e+00
3.9737402280675881982575e+00
3.9729393917097199917521e+00
3.9716108031828798452523e+00
3.9706699148967938839405e+00
3.9696937160147309775482e+00
3.9690489755351072709288e+00
3.9679043346034550410195e+00
3.9668210281010276574420e+00
3.9655603543269082322809e+00
3.9646003574034840433171e+00
3.9639056806184305159491e+00
3.9630699770302029172342e+00
3.9620534507690052805629e+00
3.9613401330712805226142e+00
3.9606707478694955781862e+00
3.9599983906875322325902e+00
3.9592125353904266127358e+00
3.9582919635330253704808e+00
3.9575095595703002615551e+00
3.9568030622006440388816e+00
3.9563479947669315528458e+00
3.9556873598327437768774e+00
3.9548243449233884128091e+00
3.9540867733290698815551e+00
3.9533084493744690135486e+00
3.9528467111816110168832e+00
3.9522047579831172114950e+00
3.9512797833382720114059e+00
3.9506287699257378598361e+00
3.9499453319835291509321e+00
3.9495397981584816626821e+00
3.9484547598145738334097e+00
3.9475605436662934977221e+00
3.9464308974439510357968e+00
3.9453989244949219106218e+00
3.9448992318196371975603e+00
3.9431629205425258177797e+00
3.9416473932585023298714e+00
3.9401992448610210217907e+00
3.9391521103036577500234e+00
3.9386306637873040870090e+00
