1.2566370614294202628924e-03
2.6637381465145239505671e-04
1.7292393554734384274706e-04
1.9506815789796028755981e-04
3.2798129354350818846255e-05
1.3707292368090288761998e-04
1.1693676272253975480280e-06
7.9117775818550497017763e-05
2.4516451708804159074291e-06
3.7554059503283891870151e-05
7.7124777326090416406821e-06
1.4219881159699185839288e-05
9.2599527260927713895929e-06
3.8641241881238735453720e-06
7.6165656390535532661770e-06
5.0742777628736266789708e-07
4.9223733684840653923804e-06
4.4013092521443327092412e-09
2.6036164174009228122221e-06
2.2912796369901860849377e-07
1.1205750060313470837093e-06
4.0254343519562418795716e-07
3.7040984871153951620863e-07
3.9598718218388914152233e-07
7.7694864326143106105929e-08
2.8877495169626084209151e-07
3.6528068074375925513950e-09
1.6918664894420534630679e-07
4.4314605355134830388748e-09
8.0881862116478701691663e-08
1.5879630328136237709701e-08
3.0589507807948500818091e-08
1.9686595753162151547580e-08
8.1587952588320114316852e-09
1.6371645252358933356489e-08
9.8106628092190869274909e-10
1.0568551093410956560617e-08
2.8761015680844158752202e-11
5.5081622510718490837989e-09
6.0579553862997611522695e-10
2.2866278120491107941339e-09
9.9641338478376419194019e-10
6.9590854012652930883516e-10
9.4628885224765227196241e-10
1.1537591206191411868458e-10
6.6572496764545702663562e-10
2.9514311644951284776488e-13
3.7074126543968289545918e-10
2.6760336019132952489040e-11
1.6317680027739288581139e-10
5.7413460577126070996715e-11
5.2796385021568587562959e-11
6.0610855350379510132508e-11
9.6229103423202916544321e-12
4.5366288582054895546763e-11
8.8200678769384279763572e-14
2.6324652957258825120231e-11
1.7745189695734962722612e-12
1.1888816508550771800802e-11
4.2323503612236979197056e-12
3.8689007195292986634737e-12
