1.2566370614301438594224e-03
2.6637381465039643635082e-04
1.7292393554571829842985e-04
1.9506815789796134465693e-04
3.2798129354215056405469e-05
1.3707292368502524112020e-04
1.1693676264154167865019e-06
7.9117775810719196305683e-05
2.4516451698896537510035e-06
3.7554059498654843260879e-05
7.7124777326810072539467e-06
1.4219881154548652925709e-05
9.2599527202837838619391e-06
3.8641241851254184167062e-06
7.6165656156146752372234e-06
5.0742778522519683496317e-07
4.9223733911072125766454e-06
4.4013094181820231475065e-09
2.6036164289215339713416e-06
2.2912797042787756411861e-07
1.1205749904112887363580e-06
4.0254343004613593070043e-07
3.7040984894478941411377e-07
3.9598718351645037386786e-07
7.7694860551376352050924e-08
2.8877494200777104233386e-07
3.6528068195667846507699e-09
1.6918663832637312555747e-07
4.4314586565737729712310e-09
8.0881861084069245503639e-08
1.5879625395970820065868e-08
3.0589520591117708773514e-08
1.9686623786804932709577e-08
8.1588936293552449491311e-09
1.6372353661593409794631e-08
9.8629760829325497679692e-10
1.0603793937324805272893e-08
1.7012935428910049019310e-10
5.8965275961626518210199e-09
1.1252553021949455215318e-09
2.9859007989751393970116e-09
1.7479940701362728504030e-09
1.4576261925740756854727e-09
1.7171222618148112041862e-09
8.9490309614771683817659e-10
1.4588507144777822296978e-09
7.8886697965989753118068e-10
1.1755938165467754334943e-09
8.1719799189742439247924e-10
1.0042881782650083229183e-09
8.3511819194874736966837e-10
9.5654662326602959943403e-10
7.6187130151454368989517e-10
1.1444260603612597300380e-09
7.1284938545132134822099e-10
1.3401140302943780701469e-09
9.0544347662184930407283e-10
1.2111896137470685678936e-09
1.1879834658440920044770e-09
1.1647749874057796186189e-09
1.1940013534528407102613e-09
