1.2566370614284193274468e-03
2.6637381465020767675259e-04
1.7292393554565479128760e-04
1.9506815789678227479435e-04
3.2798129357543970427077e-05
1.3707292370464268680894e-04
1.1693676245506839175169e-06
7.9117775814950091995900e-05
2.4516451710108987918548e-06
3.7554059520071915478142e-05
7.7124777547350804347967e-06
1.4219881121606077934057e-05
9.2599526870432836658147e-06
3.8641242190575752243724e-06
7.6165656867020186735601e-06
5.0742775674695589626382e-07
4.9223732567415469084404e-06
4.4013045735713820521152e-09
2.6036165573065757082084e-06
2.2912802805468352828247e-07
1.1205747828751662106779e-06
4.0254328253871104598331e-07
3.7040998357966221704915e-07
3.9598736968667841295844e-07
7.7694722230913588417775e-08
2.8877461165478622866812e-07
3.6528411434071719190364e-09
1.6918691909969589915978e-07
4.4315626308889382049983e-09
8.0881435521860331809282e-08
1.5880205420536872865159e-08
3.0596837946500062916039e-08
1.9731138064072421713797e-08
8.4418285673888960713931e-09
1.8283282114180391578882e-08
8.6543762987056841391935e-09
2.7877718448548242079755e-08
2.2000079004344333221730e-08
2.7823920496846183006315e-08
2.3742702227088888507616e-08
2.6285746047834646833763e-08
2.5715270925225221162956e-08
2.5832807650043264361542e-08
2.6779430491566616741988e-08
2.6555511118277572428513e-08
2.8110310030206301140632e-08
2.7243405908342764834581e-08
2.8945266200147725460856e-08
2.7471498543808656569090e-08
3.1430899210871442524588e-08
2.6435942093388748055649e-08
3.7786378521352345568762e-08
2.7333585929393264648653e-08
4.2918651742957843552950e-08
3.8602991013890465591870e-08
4.2565033514284515896980e-08
4.2794666131286195711485e-08
4.2418850509245024999766e-08
4.3033649358863392436130e-08
4.2608459480032276251920e-08
4.2606369922868263281820e-08
