4.8731988529958574218881e+00
4.8731988529828935696742e+00
4.8731988529712904067992e+00
4.8731988529657730424560e+00
4.8731988529620577921264e+00
4.8731988529708498703030e+00
4.8731988786160878035503e+00
4.8732447436623891334762e+00
4.8751884159603537938210e+00
4.8779927775140174972535e+00
4.8797972055029754656630e+00
4.8814193629981499356063e+00
4.8831447198080804028564e+00
4.8866870693964630234518e+00
4.8903461721459624556019e+00
4.8936674359315714966101e+00
4.8954820271262668995860e+00
4.8961676269527059091047e+00
4.8973510519666536566774e+00
4.8971370233076338962519e+00
4.9003643122847666546704e+00
4.8997294346612960680432e+00
4.8999304988930783011369e+00
4.8999601377192050222220e+00
4.8995684912170869296233e+00
4.9026000692219113830106e+00
4.9042499293270473970097e+00
4.9064095888773149312101e+00
4.9071345683692255690289e+00
4.9070497235749055420229e+00
4.9045127671555199810882e+00
4.9062117516893648527798e+00
4.9068464106252784873163e+00
4.9053943237908717023288e+00
4.9012581958716392449560e+00
4.9011558994832222779792e+00
4.9015978402587574436211e+00
4.9037896616385241443936e+00
4.9023556818614837382597e+00
4.9041866051459557240833e+00
4.9025960379461146487756e+00
4.9031107888526621607639e+00
4.9079631043649651900296e+00
4.9072690023312244278486e+00
4.9072871633645833711057e+00
4.9086759458802360356344e+00
4.9070665700499045414062e+00
4.9087816161430399830579e+00
4.9064964441291376573417e+00
4.9049738188867086918776e+00
4.9074853409587104735579e+00
4.9086887528282430182003e+00
4.9075547172151283703556e+00
4.9061433816563670973210e+00
4.9040722420911411205680e+00
4.9040132374163079020946e+00
4.9022704339266089945681e+00
4.9037389160666959853074e+00
4.9037949068289607978954e+00
4.9047035755290160352615e+00
4.9024067422973054419799e+00
4.9029197030472291274350e+00
4.9027058558719209813148e+00
4.9030928114771938908234e+00
4.9049185933219270339123e+00
4.9067243854489142051989e+00
4.9093794474623244639133e+00
4.9121193835216034884184e+00
4.9118165644089595289756e+00
4.9060570546103070554977e+00
4.9029767314536254474433e+00
4.9001847615409355185534e+00
4.8992245107777696588869e+00
4.8996182772923315695834e+00
4.9029731590017160414163e+00
4.9016177971863452711432e+00
4.9037208726403118674853e+00
4.9056845168341904894760e+00
4.9050062055168517360926e+00
4.9056884206615807286767e+00
4.9041037648795073877750e+00
4.8995393805414284571498e+00
4.8992849273841097001991e+00
4.8986912009177716598174e+00
4.8983028828957646538811e+00
4.8995380651475146649432e+00
4.8988894585467503972609e+00
4.9012271729536154296625e+00
4.8992744727868133836068e+00
4.9022757001414429822717e+00
4.9002027894763360293950e+00
4.8978501680927761796625e+00
4.9007108286109026806798e+00
4.8984017328235553989657e+00
4.8984665370875859480293e+00
4.8984075714242782950691e+00
4.8982362437352531259194e+00
4.8993212025270853615666e+00
4.9000486503007492089523e+00
4.8998827409416669809161e+00
4.8987140624178664438659e+00
4.8967533964335530072276e+00
4.8955394105534937310154e+00
4.8956185734433450562619e+00
4.8955616158870656207114e+00
4.8921087375303233812929e+00
4.8909240475159787564507e+00
4.8896208793778299650512e+00
4.8903874272801184375226e+00
4.8920249007551843689612e+00
4.8910788222177403739011e+00
4.8906171749749480781588e+00
4.8894360069613691521795e+00
4.8912963705285834592473e+00
4.8917432943622154439822e+00
4.8966901854663946735968e+00
4.8946945137489414889842e+00
4.8892018899880689275506e+00
4.8862565448978854121265e+00
4.8847938184981458675793e+00
4.8849901951926586463060e+00
4.8856992073469722726031e+00
4.8868168072063769002966e+00
4.8877318593450853612126e+00
4.8904528890290750453573e+00
4.8939122813483733054341e+00
4.8930903903515643449396e+00
4.8925552814430757209152e+00
4.8941459144793215685354e+00
4.8900500538282534179757e+00
4.8880586731401196587399e+00
4.8875197345899676903969e+00
4.8871488265929290406575e+00
4.8850507792189716838038e+00
4.8887036878769976055992e+00
4.8874866805004311132166e+00
4.8866859794985435527792e+00
4.8834563493347360463304e+00
4.8846665004965093004330e+00
4.8868980130326251654083e+00
4.8881460919016896937705e+00
4.8830246399129189072141e+00
4.8830185731050361752636e+00
4.8830435272748236030793e+00
4.8831525589802318165766e+00
4.8831135317901530612517e+00
4.8857931214533474317818e+00
4.8853019258151366699394e+00
4.8860887545402578169274e+00
4.8858086165403626921488e+00
4.8882067299936728943521e+00
4.8904388390928552610148e+00
4.8849207192118813125603e+00
4.8823570366585853363972e+00
4.8796362135680135807547e+00
4.8799432062703491652655e+00
4.8811654567745028643344e+00
4.8806442679249943950026e+00
4.8805885159395536732063e+00
4.8783018629475236593862e+00
4.8815444242273517971853e+00
4.8841664692891306742695e+00
4.8842069255976792163665e+00
4.8835401608528936634457e+00
4.8833533271368780859234e+00
4.8790574095490235606576e+00
4.8778973627546236002672e+00
4.8733997893700884418422e+00
4.8721288439232823819225e+00
4.8756902105482105014289e+00
4.8768442576438868485411e+00
4.8784177664306582755671e+00
4.8813661214957644318702e+00
4.8819959923040521232451e+00
4.8803259669195426795341e+00
4.8801170613108890705689e+00
4.8812942628555200386131e+00
4.8788939283806778135499e+00
4.8779365867999304740010e+00
4.8751913325025304501992e+00
4.8746154767117797490528e+00
4.8743961317272281874580e+00
4.8765478326405915510122e+00
4.8753396570883351657244e+00
4.8774929194168112900343e+00
4.8778975903789509871444e+00
4.8795659225271945658164e+00
4.8804114799927766910059e+00
4.8837513953727835769314e+00
4.8806275659911806386049e+00
4.8759476911342485294654e+00
4.8747471170855254385401e+00
4.8752134425719155785828e+00
4.8747352238866401563655e+00
4.8769527915918615690316e+00
4.8750107364181554103766e+00
4.8780628501999832025149e+00
4.8835024333733798584944e+00
4.8824887961235061695220e+00
4.8818493758582803820900e+00
4.8787670514968182189364e+00
4.8723471468281474017203e+00
4.8722978808065739997346e+00
4.8740636992129298121768e+00
4.8746958687168771007237e+00
4.8758199615662674020200e+00
4.8802182942464735759813e+00
4.8762985242963043930331e+00
4.8756962872916087547992e+00
4.8737185419939423880464e+00
4.8749910074258675507508e+00
4.8795040978965165123782e+00
4.8743013438349276356121e+00
4.8696883371186308053780e+00
4.8681847278733414441376e+00
4.8696398203880253419129e+00
4.8657693558094443631035e+00
4.8683180377402406335818e+00
4.8704255415065071943559e+00
4.8750274890053564291748e+00
4.8761055066544942704354e+00
4.8774489121034294569768e+00
4.8752370406508260813894e+00
4.8753406724084724643831e+00
4.8763336738255054214619e+00
4.8697663323469280172162e+00
4.8673948266720312716416e+00
4.8672266594861222088753e+00
4.8653611905909004420323e+00
4.8669690973691377422483e+00
4.8703156324366974061491e+00
4.8690104410702677029121e+00
4.8694452593970192211259e+00
4.8708410167731504003541e+00
4.8734077511729614329283e+00
4.8736770385369068137038e+00
4.8727344279718192154860e+00
4.8710217803975517369963e+00
4.8660331109064722809876e+00
4.8634253208372859589304e+00
4.8640572775485502177162e+00
4.8644598598154944468774e+00
4.8659467576130284172109e+00
4.8664956518311495159423e+00
4.8669242544120292492948e+00
4.8685965874948848863824e+00
4.8691376746300161215686e+00
4.8708659828751983411621e+00
4.8706582646068579123266e+00
4.8667468031832807895398e+00
4.8625231196471316863494e+00
4.8614184288153543533895e+00
4.8602537628082851384193e+00
4.8607918908311820160861e+00
4.8606426906811046606549e+00
4.8610307830089531933027e+00
4.8619398213016413734522e+00
4.8633718704901616192160e+00
4.8676535069745554551446e+00
4.8674323663824319297078e+00
4.8696608688984124313492e+00
4.8662033675215017325399e+00
4.8627728433692007925515e+00
4.8647086329954056793667e+00
4.8658300970203676172332e+00
4.8658164166050363874660e+00
4.8648642796810950272857e+00
4.8657643533166314853133e+00
4.8647050203681700963898e+00
4.8642614110455886233808e+00
4.8646619017220498193410e+00
4.8676683078525933012770e+00
4.8667734323605538193647e+00
4.8655510413537337299772e+00
4.8626227505818553353834e+00
4.8612160198944955880052e+00
4.8631271571593721603222e+00
4.8635307544180363947817e+00
4.8623373442279378409125e+00
4.8605108825969018937485e+00
4.8614556307891243491781e+00
4.8644679234587302474324e+00
4.8651742103568667019431e+00
4.8636825055253591898463e+00
4.8625686225039412846627e+00
4.8604117241788040715278e+00
4.8574525905884335941209e+00
4.8563051020878145180859e+00
4.8556848134535739447415e+00
4.8585813945774569688751e+00
4.8628078444474827080057e+00
4.8660691217208675851680e+00
4.8656011453620617857041e+00
4.8641941786872830988386e+00
4.8659453159807597444342e+00
4.8676212460685404082028e+00
4.8645459903397165746242e+00
4.8652322216853267633496e+00
4.8631376862511279668411e+00
4.8627469501231717075029e+00
4.8628691887464761123283e+00
4.8626335551887933661419e+00
4.8608461579180959333257e+00
4.8622024458107633293480e+00
4.8630614489547179246642e+00
4.8625911227108353784843e+00
4.8670815401598277460948e+00
4.8671123904399262727338e+00
4.8639059684678445094619e+00
4.8616200505983586666048e+00
4.8609161443023118920337e+00
4.8595329945013858718994e+00
4.8598961965951561481347e+00
4.8587146423001428274802e+00
4.8580466380301672302267e+00
4.8603945043135432513282e+00
4.8619337128260600167096e+00
4.8625322208875800811256e+00
4.8643950186670181778936e+00
4.8665415154377189566048e+00
4.8635207879865847147016e+00
4.8642276660291257073254e+00
4.8602768108539686764402e+00
4.8603072323955593958544e+00
4.8612722792308895591873e+00
4.8610990724438805088425e+00
4.8604260280665414484247e+00
4.8630395794327103686783e+00
4.8619104081777635428807e+00
4.8643019557249100870422e+00
4.8677449862643831224318e+00
4.8664208902155579039572e+00
4.8602083567624996263135e+00
4.8544491692918327885309e+00
4.8528692411087694935645e+00
4.8542756074549906486482e+00
4.8549994784168140071756e+00
4.8571711283275726955821e+00
4.8556242296781553235974e+00
4.8588672405055710612487e+00
4.8621323723736971089693e+00
4.8621100195010207301038e+00
4.8654277475743423764243e+00
4.8646179034983036970630e+00
4.8630864569466627500560e+00
4.8610082580460289847224e+00
4.8598121615290033048495e+00
4.8591166075380138877904e+00
4.8583956204535398981648e+00
4.8578330782850835944942e+00
4.8551981173686851178672e+00
4.8573958928756528763415e+00
4.8609529217414753077264e+00
4.8628536675485447560163e+00
4.8652574827181682692867e+00
4.8658345669243869835441e+00
4.8608555196987959234889e+00
4.8576975076151693855309e+00
4.8576517600760444892671e+00
4.8573614750969928977042e+00
4.8591832172126245836807e+00
4.8568913190509697130892e+00
4.8590303619349581865094e+00
4.8595341832272742621512e+00
4.8613798687144411658778e+00
4.8621706343682191686639e+00
4.8629862081390911043854e+00
4.8635604371454626004834e+00
4.8595579756201576770991e+00
4.8569628814215217715855e+00
4.8560742308932445254754e+00
4.8573062764249179679155e+00
4.8575462390081272090470e+00
4.8582347936478837979735e+00
4.8576249747218884778022e+00
4.8557031443130069803260e+00
4.8561989010817621092997e+00
4.8575682722725597173508e+00
4.8578353970495156133325e+00
4.8538249440061775885624e+00
4.8568366246582597156589e+00
4.8542938316542878496307e+00
4.8545678808434740147959e+00
4.8533644172765226798560e+00
4.8561611636055541652013e+00
4.8559142802385037995805e+00
4.8562401027748665072181e+00
4.8560456022943307985429e+00
4.8570662392137871066211e+00
4.8599720545293614293314e+00
4.8587564313616260491813e+00
4.8548757905977240056927e+00
4.8555754763848710808816e+00
4.8526053446798593782319e+00
4.8530055918783157054008e+00
4.8543842615745935731297e+00
4.8561820820066570192353e+00
4.8576774891513414544875e+00
4.8589308629073171275081e+00
4.8591000244206190572527e+00
4.8593397025483220375008e+00
4.8636236144871682895996e+00
4.8630519223154147212540e+00
4.8635742947188500551192e+00
4.8596609147882823265263e+00
4.8582673696504681259967e+00
4.8582355760009727774218e+00
4.8579604556357782740861e+00
4.8629185401322851944883e+00
4.8607006727929071843164e+00
4.8646888173788580544965e+00
4.8657516700957623712043e+00
4.8657631797317932864644e+00
4.8690822204444508258803e+00
4.8673073621327089810507e+00
4.8610332350999581052520e+00
4.8572916926276770155368e+00
4.8569899555770899013396e+00
4.8539839038401559889735e+00
4.8557345681006696125337e+00
4.8589679005349148965820e+00
4.8613177930416018313053e+00
4.8608180012733086527987e+00
4.8631967488592016124471e+00
4.8621513973538386110818e+00
4.8609095559035351286070e+00
4.8594483922378683971033e+00
4.8561097338867140749130e+00
4.8588838180964977198073e+00
4.8573081015176065022843e+00
4.8564968599360263112885e+00
4.8576053706983763902372e+00
4.8575532759436601537573e+00
4.8578031625830844220104e+00
4.8604928714879305218233e+00
4.8611273852865144462498e+00
4.8608366790809798274609e+00
4.8608607036182531757618e+00
4.8608084883440625389994e+00
4.8591696178254473181823e+00
4.8593504439951518136809e+00
4.8588528954641967416705e+00
4.8597065380124391253958e+00
4.8592947408060753744508e+00
4.8593199995635902865843e+00
4.8599068206402398217847e+00
4.8638138946373343785012e+00
4.8644481173795899309198e+00
4.8647305942305738568621e+00
4.8696474845517165874753e+00
4.8649314248327177878650e+00
4.8598253294483662045877e+00
4.8590874281870641837600e+00
4.8609549262025817384369e+00
4.8599805995239488964899e+00
4.8628003912327066871057e+00
4.8596308913782424454553e+00
4.8585841900902764223247e+00
4.8609172904083468580438e+00
4.8613844521720812608123e+00
4.8642739662265785938189e+00
4.8628159917453883664962e+00
4.8610113076555290234637e+00
4.8573727293841528762641e+00
4.8561894996463754736737e+00
4.8561402782581364334646e+00
4.8549934454397005723081e+00
4.8597413676665741633087e+00
4.8592300381212005788711e+00
4.8623033820511567526523e+00
4.8646794392198282608319e+00
4.8653483558232890615614e+00
4.8635657780706980091168e+00
4.8622179041957185319234e+00
4.8578583345514649849406e+00
4.8553367916056018316340e+00
4.8536600284161801610594e+00
4.8570629984827018432725e+00
4.8546967130563167813762e+00
4.8548122801205089160703e+00
4.8569385518378824784236e+00
4.8581092105860959051711e+00
4.8572266623473625557494e+00
4.8589472920006731015974e+00
4.8621856528304405742347e+00
4.8597440722280715874604e+00
4.8577736387616194946304e+00
4.8543814787477366223811e+00
4.8527950502489511919180e+00
4.8549450543600425334034e+00
4.8559362068325402361779e+00
4.8595000143462909747427e+00
4.8561135059674267466789e+00
4.8568701923772792383716e+00
4.8578034602057131863262e+00
4.8597225603975058305650e+00
4.8613217156127817020206e+00
4.8602593490706613721386e+00
4.8558938608543700254927e+00
4.8541177892290372497541e+00
4.8539033678619398770593e+00
4.8543348446429881448694e+00
4.8560252933186536239418e+00
4.8570904973952480077060e+00
4.8546238062322668582738e+00
4.8578934848393151568757e+00
4.8568077445666162361704e+00
4.8558425062643513214766e+00
4.8611757873933658657961e+00
4.8603433098096875397687e+00
4.8592191802961588464882e+00
4.8540752144478931384697e+00
4.8528348668204799309933e+00
4.8521178424123201367024e+00
4.8522529159731870862515e+00
4.8532576416218882187081e+00
4.8542008997758472332862e+00
4.8551231385379978178207e+00
4.8564916055381806003766e+00
4.8578497845024850576579e+00
4.8611800008327650246542e+00
4.8626658037342380680457e+00
4.8602574065271353376261e+00
4.8557738489573987195058e+00
4.8515171384925803721444e+00
4.8504487107253844158095e+00
4.8535071883325562325240e+00
4.8566571534611044924645e+00
4.8547490308252694291014e+00
4.8572008093718270771433e+00
4.8588916134993889173188e+00
4.8584803256932991288863e+00
4.8586290978055659550705e+00
4.8579456148162840634086e+00
4.8571381349278741623721e+00
4.8535973491476598340455e+00
4.8535808379146274660343e+00
4.8536635221790795924335e+00
4.8560682763272930984044e+00
4.8573857439528769219805e+00
4.8598578260272402573605e+00
4.8603666046792213251138e+00
4.8602640402960926024889e+00
4.8620838836716426811790e+00
4.8626948835999739273461e+00
4.8596941625413752063878e+00
4.8562943260671085354829e+00
4.8564862426626174141120e+00
4.8558615731870391485359e+00
4.8564569719923369461867e+00
4.8585585382965659206889e+00
4.8572193844690936259667e+00
4.8594063880584048575884e+00
4.8614910037369476469848e+00
4.8631026896576203810696e+00
4.8646692370953346085116e+00
4.8633341083631522749897e+00
4.8605301471036863603103e+00
4.8557769131994836797617e+00
4.8538556788175846179456e+00
4.8540124369964647854658e+00
4.8552797908315108443844e+00
4.8555620747925889446606e+00
4.8537653172293415693161e+00
4.8597528602829340726998e+00
4.8597046453336947280377e+00
4.8613893467480346899379e+00
4.8619980103795450432358e+00
4.8634181769372801795726e+00
4.8595814592595987235768e+00
4.8563431231269547083684e+00
4.8559232418346667259357e+00
4.8573671658419872443346e+00
4.8590237195282366400306e+00
4.8575912695935921092882e+00
4.8569078034471484528467e+00
4.8552308949288329742444e+00
4.8560827164307989178837e+00
4.8571747170783865499288e+00
4.8581603693870345495043e+00
4.8563707121809898126230e+00
4.8552369587506376547026e+00
4.8528773979854271658496e+00
4.8534950238808844957816e+00
4.8519773432602537610592e+00
4.8514903410513658954528e+00
4.8534172898304710486173e+00
4.8561379548760221780412e+00
4.8575903019887691769441e+00
4.8603321704000022052128e+00
4.8650908617177188730807e+00
4.8640345462137499765731e+00
4.8567566890525837308701e+00
4.8548148876333261370064e+00
4.8518076862440135954557e+00
4.8514554110460510472080e+00
4.8503667225969557819099e+00
4.8527978724381135577914e+00
4.8561044818195320260656e+00
4.8575221671911563703361e+00
4.8575524112408166033106e+00
4.8622472134153769118825e+00
4.8622496495316074316406e+00
4.8623803158866811813255e+00
4.8620248106178056701765e+00
4.8602799436881749528538e+00
4.8592567889764044508638e+00
4.8552013109678053837115e+00
4.8555122443420035693862e+00
4.8563042415294521703117e+00
4.8552788312995112107728e+00
4.8580170069293195922455e+00
4.8559018672095843882630e+00
4.8568852882555528793773e+00
4.8615141131143992936359e+00
4.8638588830237479143648e+00
4.8584736720872010451444e+00
4.8581501905463913004724e+00
4.8555340307293057833249e+00
4.8547642417062562003593e+00
4.8555788393296142047006e+00
4.8574760614469409958360e+00
4.8554874550452460368888e+00
4.8585653131711561414363e+00
4.8579738838801800326905e+00
4.8588219475795977331245e+00
4.8655648465946752523337e+00
4.8618662905460086065546e+00
4.8564491654648884733092e+00
4.8519172500555924898435e+00
4.8544542623181214935357e+00
4.8553397445147874478266e+00
4.8586992637229684532940e+00
4.8581631006893060131802e+00
4.8581514488290924447256e+00
4.8570303226491979842194e+00
4.8599346952078459338509e+00
4.8626854628648095157928e+00
4.8626698407509882926547e+00
4.8577178793871862438891e+00
4.8562298798407299571522e+00
4.8535109881255857899873e+00
4.8545380832596736198070e+00
4.8535060297084502423104e+00
4.8564577123200525221591e+00
4.8538584271113345280924e+00
4.8567912455695001483491e+00
4.8590662641369384289192e+00
4.8614942679438923889279e+00
4.8627950383899269937160e+00
4.8633282638253056973099e+00
4.8595724924835943525636e+00
4.8559889132550093648888e+00
4.8535581158025369319375e+00
4.8532538095253547894004e+00
4.8553515148969133008450e+00
4.8576427942667521620024e+00
4.8555790627492880773275e+00
4.8578278496746651882177e+00
4.8589975428257909939589e+00
4.8605066515000645566147e+00
4.8637404482878228151321e+00
4.8646083750133026768481e+00
4.8606326076863837215569e+00
4.8556619726387184599048e+00
4.8526179141820904305860e+00
4.8539104691191514717730e+00
4.8542963306217279395582e+00
4.8560925377752628406824e+00
4.8553162074372826495505e+00
4.8554995026353138243280e+00
4.8584604781355551494926e+00
4.8596644560292414638525e+00
4.8637840404882899392192e+00
4.8645700991849372130105e+00
4.8590641388084137020087e+00
4.8546582225119214726305e+00
4.8515658451860614874818e+00
4.8545359956530989009593e+00
4.8571947230515863935807e+00
4.8581649949668950227988e+00
4.8557929372202162099370e+00
4.8584507189847716546183e+00
4.8599350790327626725684e+00
4.8611179481256927559230e+00
4.8626505978908065586097e+00
4.8622474625410836424066e+00
4.8567306770066958065968e+00
4.8530787467492153552939e+00
4.8540230483642661241106e+00
4.8527917411509946532533e+00
4.8546384414093690651271e+00
4.8539939452581668533071e+00
4.8542747816160662921448e+00
4.8555044258375383847692e+00
4.8558897452243243719749e+00
4.8572713468583046392268e+00
4.8615802460518571237458e+00
4.8605234906517500448331e+00
4.8572117872457187814916e+00
4.8550353911921089178350e+00
4.8513553321090459036213e+00
4.8538543667115838786685e+00
4.8568170573358493413707e+00
4.8568175915947353615820e+00
4.8557329855002766549887e+00
4.8589344201286346347501e+00
4.8605266363283812225404e+00
4.8618933461546083307780e+00
4.8679003990919973432483e+00
4.8650085581650834853917e+00
4.8573910328080760478997e+00
4.8559191663684382334054e+00
4.8575309822772396728396e+00
4.8576028534896762423045e+00
4.8587139147214628565052e+00
4.8582647296144179094313e+00
4.8567870753960500351809e+00
4.8563422784949263899534e+00
4.8603877698945474605807e+00
4.8593730464448228190122e+00
4.8612619399924152929771e+00
4.8610434115323046810886e+00
4.8578146712305194654391e+00
4.8577791178825409090791e+00
4.8561040310536682795828e+00
4.8543619132549222783268e+00
4.8551669913177981641184e+00
4.8553153594528666303631e+00
4.8561431034808091311561e+00
4.8601480074680454279701e+00
4.8615082077800240156762e+00
4.8626417403891828428186e+00
4.8616881317426994257858e+00
4.8599037301757510576294e+00
4.8568187697863836049805e+00
4.8542386045392920124186e+00
4.8549142512533078885895e+00
4.8556856258846510243643e+00
4.8589908018587859572790e+00
4.8598505618505303260690e+00
4.8602831369080616852330e+00
4.8592727681747565071646e+00
4.8606194537825917478813e+00
4.8597523160020932309067e+00
4.8587592803739445557198e+00
4.8555481761953149799638e+00
4.8536156267788141960295e+00
4.8515672883123981407039e+00
4.8514873349748075526122e+00
4.8530760097811604936169e+00
4.8532639060350568627200e+00
4.8528316207830917150545e+00
4.8540089625488214153393e+00
4.8546344141368571456496e+00
4.8553711340857876876953e+00
4.8550375649540304934249e+00
4.8555319724198309216945e+00
4.8549377926197454513613e+00
4.8530348569834638183806e+00
4.8508378946608097237458e+00
4.8501912914371159146754e+00
4.8518063547329282059195e+00
4.8533197621924371034652e+00
4.8516877985833559705497e+00
4.8547338833152879900013e+00
4.8576938399239395494078e+00
4.8592705449377131543542e+00
4.8623758730032680119848e+00
4.8626184621953196796085e+00
4.8561084084299936947104e+00
4.8566031034489389739406e+00
4.8556215888998623952943e+00
4.8543679668946033700649e+00
4.8558277033048886650590e+00
4.8550275794279320606961e+00
4.8528774211100351720916e+00
4.8555506350036097273914e+00
4.8588044708743316490995e+00
4.8599587426977208792778e+00
4.8615735603359864214212e+00
4.8603971345812766458039e+00
4.8552999139321704191730e+00
4.8532116053520031329072e+00
4.8507338018273120638924e+00
4.8518379129651423298242e+00
4.8523058066105724250860e+00
4.8534030437089059617506e+00
4.8525822351922496267207e+00
4.8524517237181523654499e+00
4.8541423880496408216345e+00
4.8547552979808825668329e+00
4.8570448892598481194227e+00
4.8596365537765731090758e+00
4.8568904120976803540088e+00
4.8552765743861430181028e+00
4.8538245228124203833886e+00
4.8530864036153094076553e+00
4.8537800381455440401623e+00
4.8549597913864461773414e+00
4.8540543574864001286073e+00
4.8522618817503335719721e+00
4.8537920870504365211673e+00
4.8559732681812288745959e+00
4.8580410302101206809766e+00
4.8557233878748924382762e+00
4.8541653559563560094148e+00
4.8516597340625979839501e+00
4.8518181443435421940080e+00
4.8512492819898049845051e+00
4.8534009776926554380339e+00
4.8535739751340729597473e+00
4.8581941018943393117979e+00
4.8577055633704775416959e+00
4.8583418198447327895906e+00
4.8579169512120214946549e+00
4.8551075460452608467676e+00
4.8513426343478593949499e+00
4.8515128905148552362903e+00
4.8495014384365271453703e+00
4.8519950385474652776452e+00
4.8512532430070871569683e+00
4.8536666285821006283641e+00
4.8561059763183989090862e+00
4.8618713920522251825673e+00
4.8599022176422437269139e+00
4.8585376036649341457974e+00
4.8596316315708998345713e+00
4.8613760385020450272009e+00
4.8574513757027988347659e+00
4.8538364185035627329512e+00
4.8539827193560629581270e+00
4.8551467997273096699473e+00
4.8567125151231635982185e+00
4.8549690638902474049132e+00
4.8580479659404556258551e+00
4.8583371660133591873887e+00
4.8567875905517308154913e+00
4.8568383663249363735304e+00
4.8598719591474450751889e+00
4.8612047712720771741601e+00
4.8596845095081713239438e+00
4.8547191492929595568739e+00
4.8531519298502345804991e+00
4.8557045008048138612367e+00
4.8558815037104992029526e+00
4.8571204641278642455404e+00
4.8552780559432351381588e+00
4.8550148157584072095005e+00
4.8576120261866488903024e+00
4.8618046295484393937159e+00
4.8644324487172694304604e+00
4.8587131962081251401742e+00
4.8527516820717506718097e+00
4.8491942429113334966928e+00
4.8493567747968322478869e+00
4.8527281410138334294402e+00
4.8543363335373808098439e+00
4.8523247607198065622924e+00
4.8537138161393409419020e+00
4.8527117317526595741128e+00
4.8519665657800450375703e+00
4.8529902867511172104287e+00
4.8537075443162569499123e+00
4.8544527004404578462982e+00
4.8536297865199244938594e+00
4.8502505056439542130420e+00
4.8487732305940198784810e+00
4.8513738088977227391752e+00
4.8495204395947437703285e+00
4.8514264757415670459295e+00
4.8519217924135951136577e+00
4.8532216453688130641808e+00
4.8559109373356621475182e+00
4.8571926163665102293976e+00
4.8604245867077411347168e+00
4.8576005610148591529196e+00
4.8559437833727905342585e+00
4.8513793825139410742509e+00
4.8519522287618999101255e+00
4.8497405694210309334835e+00
4.8492909397283581185434e+00
4.8508393909613740646591e+00
4.8512201691963738880986e+00
4.8528991766998412771272e+00
4.8541231340771542335233e+00
4.8570335024889939035120e+00
4.8581511513838799842802e+00
4.8542453341010531886468e+00
4.8512485779713960809545e+00
4.8500686540525128620516e+00
4.8514481639337434515369e+00
4.8542639076173417223004e+00
4.8532424091794021947521e+00
4.8555227812808912091214e+00
4.8568251268362683248370e+00
4.8604901844125629750692e+00
4.8630641533689082933734e+00
4.8626531614923953483753e+00
4.8593901372646151060053e+00
4.8558461344880079479935e+00
4.8527586739085855072062e+00
4.8527881637982188678393e+00
4.8520964124300274278312e+00
4.8546367368821616850028e+00
4.8530864327922236256541e+00
4.8557162805504496816411e+00
4.8604797596267150794347e+00
4.8600944320337449156000e+00
4.8640563925945343726198e+00
4.8619461986552394705541e+00
4.8571925318359978618332e+00
4.8542527343884307455824e+00
4.8556663723544755129069e+00
4.8549574148895482395005e+00
4.8542107854736604721779e+00
4.8531222981513355563266e+00
4.8530720886403839742229e+00
4.8561122134003271710867e+00
4.8540901740842947731380e+00
4.8574704695403436716106e+00
4.8579336246506334973105e+00
4.8625128007769431448537e+00
4.8620148769730686666435e+00
4.8555857699787576819972e+00
4.8510700447014771796717e+00
4.8503154269467154691142e+00
4.8505360656335740898726e+00
4.8550784459993803210409e+00
4.8580206273344046508100e+00
4.8573989111135125185115e+00
4.8581757321681928729618e+00
4.8604484586915601695978e+00
4.8672373713916785575861e+00
4.8636615718221190007853e+00
4.8578561060537088778233e+00
4.8539561124077250653386e+00
4.8516461888460042928273e+00
4.8522980640212400871292e+00
4.8527432549837916653246e+00
4.8567604167350424404503e+00
4.8577056141812420264614e+00
4.8589256213419718122282e+00
4.8600294628486118142519e+00
4.8605533031561627410611e+00
4.8602350187544702819764e+00
4.8575246708321886401905e+00
4.8537273550699833180033e+00
4.8516729330116366014636e+00
4.8503409404981425723236e+00
4.8480900063758802787106e+00
4.8505806749925541865309e+00
4.8524799884872358290977e+00
4.8521507824404501718618e+00
4.8553712682882377293936e+00
4.8555446376758757409675e+00
4.8589022489325914833103e+00
4.8591699733641773306658e+00
4.8581634161976410268835e+00
4.8543861946830899611882e+00
4.8533652674770957347050e+00
4.8522650189181604218902e+00
4.8530370200255266155409e+00
4.8556932703946937834871e+00
4.8548769994811413752700e+00
4.8560010199049967738461e+00
4.8562077043322338099074e+00
4.8600207564173318885992e+00
4.8590896760521076203077e+00
4.8607055152823779309301e+00
4.8602849633313365274034e+00
4.8563139640033599064850e+00
4.8522164409940540252819e+00
4.8499267595163360056176e+00
4.8518295170716996267402e+00
4.8539971164342032849959e+00
4.8522449823675604108075e+00
4.8538289966967322897062e+00
4.8581014196051715003932e+00
4.8580448055415770269860e+00
4.8576095011848874349880e+00
4.8570814222454039565946e+00
4.8579617274778161828408e+00
4.8531452493965812067245e+00
4.8523991182086190221412e+00
4.8502250279955800849052e+00
4.8504801619826993785978e+00
4.8507719151875487995085e+00
4.8501865820420304586946e+00
4.8564476837731547220756e+00
4.8569095933901840211888e+00
4.8592083529091709692693e+00
4.8606006335035951693158e+00
4.8605878091362679782605e+00
4.8569640064406502943939e+00
4.8529649845820301834465e+00
4.8511029617206391506556e+00
4.8514070823962498479887e+00
4.8543782724577315690340e+00
4.8560615355216114608083e+00
4.8570976931031415446682e+00
4.8554607602952488676351e+00
4.8547489462338608845471e+00
4.8552821765802454123673e+00
4.8591771371499294929208e+00
4.8584065550260220334167e+00
4.8574880468634233920966e+00
4.8553514596903335487355e+00
4.8521256718379000005825e+00
4.8551436072590750114841e+00
4.8569525316872681486302e+00
4.8562684928910400117275e+00
4.8535759268065019611527e+00
4.8563032985007490438534e+00
4.8569898036132679308707e+00
4.8577198177641740528543e+00
4.8649562012988365466981e+00
4.8629706347795913501386e+00
4.8567327139923435197488e+00
4.8543132915330362564532e+00
4.8537375851053967679150e+00
4.8539097037174814275318e+00
4.8561145933074243430383e+00
4.8545269863283113664920e+00
4.8539992884895504232645e+00
4.8560625382117645898461e+00
4.8586709112117816289356e+00
4.8555140614191074632799e+00
4.8567061408723501969575e+00
4.8576813517271979492307e+00
4.8531123482802946966785e+00
4.8512892465814134723701e+00
4.8503151878460437629315e+00
4.8516687226459946913337e+00
4.8526058461115137987463e+00
4.8526802945493887619932e+00
4.8562742665141174214227e+00
4.8586244904541198152970e+00
4.8584642944927045604686e+00
4.8585414523335703762541e+00
4.8593098541855725969185e+00
4.8545122450323718865661e+00
4.8526101892362456524666e+00
4.8481915438192917378046e+00
4.8495642758395982596653e+00
4.8500503288357066367098e+00
4.8538167883626597287616e+00
4.8547794013763230225322e+00
4.8590911466340998003943e+00
4.8584929692318770122483e+00
4.8587208744673446858542e+00
4.8597521329387971533720e+00
4.8586957834643120790474e+00
4.8537726685603761467291e+00
4.8512297257867711408608e+00
4.8478287728611251239386e+00
4.8497094559928264345672e+00
4.8535803745065129177760e+00
4.8550603613015024251354e+00
4.8546748369879200168953e+00
4.8547511318030371896270e+00
4.8532298551090677918296e+00
4.8537227199258481391553e+00
4.8545237454844176738789e+00
4.8533015417747016329031e+00
4.8507714639776864373744e+00
4.8486761426423345966441e+00
4.8493177998936065620228e+00
4.8514007717298524013927e+00
4.8537887438820668251083e+00
4.8537656889334117593648e+00
4.8541017184846042553659e+00
4.8565850975941087241949e+00
4.8546743530018421353134e+00
4.8575882983078324528492e+00
4.8591283063054655499968e+00
4.8551386224673604985469e+00
4.8541814032122667654789e+00
4.8522423734544570805838e+00
4.8502907595832400744484e+00
4.8487724725363445799076e+00
4.8497223285472923492989e+00
4.8491863421368126552125e+00
4.8532260882859112882670e+00
4.8543726260124202553925e+00
4.8529089997141152679205e+00
4.8570576922566113253765e+00
4.8601843035711933538323e+00
4.8570773250524315045595e+00
4.8553788147481906634084e+00
4.8528183451024284877917e+00
4.8525472581670809901766e+00
4.8511685439789076212946e+00
4.8511849285714649937518e+00
4.8501840013824981667767e+00
4.8526624399400111187219e+00
4.8517090036923971041460e+00
4.8515765740942553563286e+00
4.8539183104244232325186e+00
4.8574373787895943621606e+00
4.8582948009728221805403e+00
4.8544577288168317963368e+00
4.8530763912654020231230e+00
4.8522678781023893535007e+00
4.8530092796192025872415e+00
4.8534596766471036488610e+00
4.8518195317775179020714e+00
4.8517621808164719254819e+00
4.8529475797398591296883e+00
4.8543381914955290312719e+00
4.8581136734986074543485e+00
4.8577195232377592404305e+00
4.8515723283257292663961e+00
4.8517646994770338153558e+00
4.8520568499076981439089e+00
4.8523364656848855247517e+00
4.8559778346477742161369e+00
4.8539635564751906215974e+00
4.8570151214445509424422e+00
4.8545342175781254212552e+00
4.8573685484644499865681e+00
4.8571830849302717325600e+00
4.8591521449930539233719e+00
4.8549739972569785351197e+00
4.8537984566160377042365e+00
4.8507062052901215309930e+00
4.8505821890315763411650e+00
4.8529793201310411632221e+00
4.8552272374298093282619e+00
4.8531993632778549496720e+00
4.8559597528884781425518e+00
4.8573276054273781809911e+00
4.8579706252036105595948e+00
4.8622888223872999802211e+00
4.8636659334573275614844e+00
4.8587277789691940554917e+00
4.8548468752789748492660e+00
4.8515701424956665377408e+00
4.8497522646688819847327e+00
4.8492733855106964213633e+00
4.8489790006258273180606e+00
4.8480562406582841106228e+00
4.8505444131348829372996e+00
4.8519706689386161713173e+00
4.8521162903486620976423e+00
4.8572993935237329665711e+00
4.8565749596582685754242e+00
4.8568990393195115018443e+00
4.8530041530824883366790e+00
4.8509614466150079437057e+00
4.8504184912355796654992e+00
4.8498187547712223732788e+00
4.8534348191487968193769e+00
4.8522491774385203555653e+00
4.8522020472304800975394e+00
4.8546096051900322621009e+00
4.8543741810285396809377e+00
4.8595418407074228994702e+00
4.8578294206270555832816e+00
4.8535611685661201875064e+00
4.8485829736064340877988e+00
4.8501212571002909612616e+00
4.8510267819453920523642e+00
4.8537257344614115339709e+00
4.8529289692623152063788e+00
4.8530902132905930912443e+00
4.8542542294884825082590e+00
4.8561427758478510341433e+00
4.8554835887926044435403e+00
4.8576755742299839724296e+00
4.8534594772485437630394e+00
4.8502977160145368529243e+00
4.8512792625616869557348e+00
4.8501876088815381038444e+00
4.8498999579646921986864e+00
4.8498464985162375029404e+00
4.8505670444797157614403e+00
4.8528119816029064992335e+00
4.8551118661829946177022e+00
4.8563022324507763016754e+00
4.8588196509968897274234e+00
4.8582741049313531433995e+00
4.8567494598840559305586e+00
4.8549119520732029187116e+00
4.8496909085934811756147e+00
4.8496040532408670742370e+00
4.8479873593484104077334e+00
4.8496756516388499491654e+00
4.8517214221020132924878e+00
4.8531718878585978771412e+00
4.8534063966790244037952e+00
4.8550419900246284399259e+00
4.8571023612448396278296e+00
4.8576110153120737322752e+00
4.8560496924040510435816e+00
4.8535310216858436049847e+00
4.8524750365330566737043e+00
4.8560166965676900829862e+00
4.8541317766879163997373e+00
4.8557777224681801797601e+00
4.8547907148048716763356e+00
4.8567551042105749914413e+00
4.8587121419127123900239e+00
4.8592518445523920078699e+00
4.8619001243217523366980e+00
4.8602340417890541601764e+00
4.8553693798646433421595e+00
4.8544923947627731664056e+00
4.8544148128072999170968e+00
4.8543489158602897148853e+00
4.8537998060083635820661e+00
4.8518016676025341737954e+00
4.8512145546546170393754e+00
4.8542675040830660648794e+00
4.8569125020338042020285e+00
4.8569648746357598767531e+00
4.8567853475159674658812e+00
4.8537160662959193402344e+00
4.8510214250264045432459e+00
4.8488737405995347984344e+00
4.8465194691424358097720e+00
4.8469468006188130004830e+00
4.8503369396615445552357e+00
4.8499999606217967240696e+00
4.8489968823359124172612e+00
4.8524769259219473482858e+00
4.8574535434418057988637e+00
4.8591715934098029805455e+00
4.8613710265518683684149e+00
4.8563502344461646487161e+00
4.8526192491118580463194e+00
4.8500328706526847355462e+00
4.8487801777612693499009e+00
4.8506519880240670516969e+00
4.8497482688732089783912e+00
4.8502901054331895025484e+00
4.8537183447103551259261e+00
4.8575014999639325452563e+00
4.8565075045604348957795e+00
4.8585520018321011193052e+00
4.8600070737035796497594e+00
4.8583116984003655858260e+00
4.8533137635464811410202e+00
4.8487319409104738809901e+00
4.8488108536923357760884e+00
4.8497738830291448053345e+00
4.8482647346088052486834e+00
4.8490188508174680848128e+00
4.8501350261531550600580e+00
4.8529710131452050703160e+00
4.8569430053606996722237e+00
4.8584474272994455645858e+00
4.8584145682315105219118e+00
4.8557772095942786094724e+00
4.8541257425508961276250e+00
4.8541375401879385265147e+00
4.8551769557350370476456e+00
4.8546752072891399265586e+00
4.8524053001072138258110e+00
4.8506941810581230001276e+00
4.8526327949951175710908e+00
4.8549997135008267079570e+00
4.8559215661364136806810e+00
4.8573565862699252804191e+00
4.8595534334835663869967e+00
4.8579237873554106386109e+00
4.8580606025377717216429e+00
4.8564410559578865544950e+00
4.8567902075994995314545e+00
4.8570253729784544916015e+00
4.8550137188657460640684e+00
4.8538435772926904476776e+00
4.8556146218348485987804e+00
4.8585760892284621803583e+00
4.8600510488173105372312e+00
4.8644048682232767788491e+00
4.8614325743991617656548e+00
4.8585688424615600666812e+00
4.8574967430233071397083e+00
4.8555288226801787132558e+00
4.8575342620903398938026e+00
4.8567388039791072884555e+00
4.8553800293184803393842e+00
4.8541467495558325850880e+00
4.8541235543786189765569e+00
4.8569372636734629011812e+00
4.8588656278269688471028e+00
4.8572958682225486626294e+00
4.8579919514460572216308e+00
4.8535621772938117857166e+00
4.8509707970678750399429e+00
4.8512847189588059748644e+00
4.8509858727992067883861e+00
4.8533497398603060446476e+00
4.8524829144539518566148e+00
4.8558659712190790358477e+00
4.8549223228303182153809e+00
4.8572561737519190927515e+00
4.8577515914590039258769e+00
4.8589535007537598687577e+00
4.8565311508319171096559e+00
4.8544213812931991114397e+00
4.8519614918221938282272e+00
4.8526463159669335212243e+00
4.8524048169768008165192e+00
4.8569595729122072569339e+00
4.8545082829349306408062e+00
4.8568067213834140716244e+00
4.8565002303045901044243e+00
4.8572729116497272983111e+00
4.8572493136226642107545e+00
4.8561465259285636619779e+00
4.8532433599695083970005e+00
4.8510872989789293185936e+00
4.8482624026792429106081e+00
4.8501863591564555733271e+00
4.8520123213884183144273e+00
4.8530164607269750121077e+00
4.8523698070627725442705e+00
4.8552228872266764980736e+00
4.8567117274712838792539e+00
4.8561354373005594098345e+00
4.8595570844017395018000e+00
4.8575638808908729870950e+00
4.8519196213612980628227e+00
4.8494401745398114655927e+00
4.8489066378949488012040e+00
4.8508446217842395853381e+00
4.8532584560947702456701e+00
4.8529334127674896848248e+00
4.8535645764816424119203e+00
4.8553403643578842974193e+00
4.8568279697045229070795e+00
4.8569864838149383601262e+00
4.8601416524743807912046e+00
4.8569436950548787734760e+00
4.8528671261421942872971e+00
4.8501978762458346494668e+00
4.8485740848638210209742e+00
4.8487270614286774872426e+00
4.8504027265150764236523e+00
4.8473587547017231713653e+00
4.8515060333577322282395e+00
4.8532343058894600318354e+00
4.8550938035925748081922e+00
4.8574677054883466098545e+00
4.8568877814639801471230e+00
4.8551632003515106106306e+00
4.8526326760677829241786e+00
4.8526440009658857732688e+00
4.8505808817241824471012e+00
4.8500419890020571855871e+00
4.8537483226149991111242e+00
4.8559370517684143919723e+00
4.8591087928597263001507e+00
4.8594401435696488178451e+00
4.8586486275613678387231e+00
4.8603108441066416034460e+00
4.8603057639308886450635e+00
4.8554383961164857552717e+00
4.8501715703716037353388e+00
4.8474477879440041050429e+00
4.8487192512321080073434e+00
4.8492134996208484665203e+00
4.8526048148245726210348e+00
4.8505980246388835652738e+00
4.8521464532091460597485e+00
4.8519053271876844135591e+00
4.8538719021909519923952e+00
4.8588522901115700491914e+00
4.8552899567336211816837e+00
4.8503998347258985290864e+00
4.8516869437945535636914e+00
4.8502688162285654271955e+00
4.8520738157309750704371e+00
4.8538162195448011360099e+00
4.8519772375395593400071e+00
4.8521093231313097149382e+00
4.8539531833935170013206e+00
4.8552752971108867896533e+00
4.8585902785684638161001e+00
4.8560084294555885264799e+00
4.8517368960098519181656e+00
4.8494541248421523249590e+00
4.8484695866243328055134e+00
4.8488523486835211073753e+00
4.8476950290638862739456e+00
4.8482423832055205892289e+00
4.8492770381005652069462e+00
4.8506244227076802388865e+00
4.8516658148950941864541e+00
4.8524300634845731750033e+00
4.8589057730490390341060e+00
4.8611678165609903956579e+00
4.8571429508123644680495e+00
4.8522508295199662242680e+00
4.8496940371337986519507e+00
4.8518842282761349693487e+00
4.8503846866886597410939e+00
4.8498930213205273531685e+00
4.8506828863155710962474e+00
4.8543299343578052429393e+00
4.8534389875209615894391e+00
4.8541770251389824153421e+00
4.8584048683618963337949e+00
4.8598964786129439374918e+00
4.8581265402865136948662e+00
4.8542554030216829019651e+00
4.8502581983401400478328e+00
4.8523149534346501354776e+00
4.8513003276055011170342e+00
4.8519746172816660134686e+00
4.8549149950540364528706e+00
4.8529271265400346635488e+00
4.8553486760141577605054e+00
4.8559614527794536797956e+00
4.8589863120468468338231e+00
4.8544240276824082158669e+00
4.8530129212316532871796e+00
4.8526746432180454249306e+00
4.8515450159148016950894e+00
4.8521472931647622317541e+00
4.8535941519875658300975e+00
4.8519856187917529410925e+00
4.8512015262259904346820e+00
4.8532598822038730546069e+00
4.8515712061925988507483e+00
4.8523123802815595340121e+00
4.8556170409590340142358e+00
4.8517918583679202626513e+00
4.8499209163940708577911e+00
4.8468622409618120627783e+00
4.8431036164075047523170e+00
4.8460744305599900982884e+00
4.8457982685999301253332e+00
4.8474057715422018688400e+00
4.8526950404835789143476e+00
4.8528905365159600293623e+00
4.8557081633094840711351e+00
4.8562704771865758957006e+00
4.8564381471145567914505e+00
4.8528989933593180694515e+00
4.8530860971313281027051e+00
4.8512580062251426937792e+00
4.8497786426930113989897e+00
4.8508469799264704036545e+00
4.8514371176710087141259e+00
4.8519228994016687650515e+00
4.8558671169174356663234e+00
4.8556137778842938246271e+00
4.8555437223356818776665e+00
4.8602294277685116341559e+00
4.8591467422614442739359e+00
4.8517590359382669618071e+00
4.8496327025464367466157e+00
4.8476591636637511584240e+00
4.8490135428140588302881e+00
4.8511830629121295288542e+00
4.8497125480674352360211e+00
4.8506882211075490474173e+00
4.8525465192879648768098e+00
4.8560468123410762686376e+00
4.8582674494214730387398e+00
4.8600444114474665724401e+00
4.8582440727871478713951e+00
4.8526665038655352191199e+00
4.8490507049937203731815e+00
4.8481167363673796089074e+00
4.8505210834843062173150e+00
4.8515413164281282476509e+00
4.8526463261656260783639e+00
4.8546169231711546743213e+00
4.8549783718500290063957e+00
4.8538239989123699302809e+00
4.8531135177291098159458e+00
4.8542628710995012752960e+00
4.8525860399040077197697e+00
4.8494939102952132614632e+00
4.8494872156880983737892e+00
4.8498675600025418219730e+00
4.8515102138259598163472e+00
4.8491166953176314535767e+00
4.8505990747636928972497e+00
4.8538527608155588310979e+00
4.8527148729674554061830e+00
4.8544619862594764470032e+00
4.8567696251073231294981e+00
4.8585731933575475594012e+00
4.8561568115328919148510e+00
4.8547165707466790607327e+00
4.8513515985166755228875e+00
4.8507348966816961066684e+00
4.8491581741467166821735e+00
4.8497178851537876553834e+00
4.8503906959451281721840e+00
4.8485329880454139939161e+00
4.8504118694205748951731e+00
4.8526261373033854340520e+00
4.8581085135507819927625e+00
4.8578920806193277570628e+00
4.8528977385010545475552e+00
4.8502361668175764108923e+00
4.8472749831744685877766e+00
4.8492674923646239548702e+00
4.8502051743429541730279e+00
4.8503807441746404904848e+00
4.8504111329933463636621e+00
4.8523156544355066088769e+00
4.8533038036287123873080e+00
4.8552658463139604094749e+00
4.8568336079311222874821e+00
4.8549762327177354848118e+00
4.8522138529546134932957e+00
4.8493214218189057973518e+00
4.8475214681998268773100e+00
4.8475608762413973096272e+00
4.8489565934157887738820e+00
4.8493942611150320232127e+00
4.8498669095890933888882e+00
4.8521961350003914859030e+00
4.8571051059177134945344e+00
4.8602053142351229197970e+00
4.8598575774977339492011e+00
4.8530954143059705785390e+00
4.8523711604861778923237e+00
4.8521885876656716263255e+00
4.8514267715396899305347e+00
4.8509195943488609970018e+00
4.8524397458768424584719e+00
4.8565823543920600968704e+00
4.8566839433358595101708e+00
4.8577686424577990464968e+00
4.8580378566085649083561e+00
4.8581738213247609436962e+00
4.8598503947908291422664e+00
4.8568253661097999795970e+00
4.8520250290223367883868e+00
4.8522421118969827347200e+00
4.8524469049781373541919e+00
4.8521134124769229600815e+00
4.8533039990614001979452e+00
4.8530584232727145277408e+00
4.8574755524231152392645e+00
4.8586770350075711988325e+00
4.8602806124398671983045e+00
4.8614949541489007600603e+00
4.8586780940518359273028e+00
4.8560243576026795864209e+00
4.8526430373921414229699e+00
4.8526212996792814635683e+00
4.8535116498946182517216e+00
4.8578761243147408066534e+00
4.8566307767554910412855e+00
4.8555752957940860881081e+00
4.8548849424483755399251e+00
4.8562744760551490585954e+00
4.8563399162947060716533e+00
4.8573447822501858439637e+00
4.8562922410032145492664e+00
4.8517371898789063422441e+00
4.8491348056333318794486e+00
4.8477780430095052111028e+00
4.8486414299533864280534e+00
4.8486539882042736238077e+00
4.8492158619195215862874e+00
4.8533291401541882592596e+00
4.8524926115311668439745e+00
4.8558873520788505828705e+00
4.8588439238001868147876e+00
4.8591547337311329357590e+00
4.8574256730708222917769e+00
4.8542897041666943636073e+00
4.8509229299183997952127e+00
4.8496650924938586868507e+00
4.8477753388615658636240e+00
4.8521939044899413673306e+00
4.8500823657626348506255e+00
4.8507220500151992936821e+00
4.8548030305539731088516e+00
4.8558562586368951841109e+00
4.8601038104931122418861e+00
4.8619285813215462610515e+00
4.8593268033109726644625e+00
4.8521497295954034711940e+00
4.8489743976412453818625e+00
4.8505838202634699030114e+00
4.8539505467717081188539e+00
4.8545060478612276355648e+00
4.8545356069314138380832e+00
4.8564816616715438257756e+00
4.8562219215451412068774e+00
4.8599356385185892293066e+00
4.8593590065717924275646e+00
4.8583984423323895995850e+00
4.8566199583291611574509e+00
4.8515930911029627736752e+00
4.8487039656092063566462e+00
4.8496280838878060848174e+00
4.8523562205232870780947e+00
4.8585065854403648444304e+00
4.8611011062504179136567e+00
4.8622175328933083804372e+00
4.8598646115482546647968e+00
4.8608341020920695640939e+00
4.8588804144906090343170e+00
4.8548540418290615505725e+00
4.8509270983696017864872e+00
4.8503078408408564214938e+00
4.8500273769840376303364e+00
4.8489875317778325936047e+00
4.8516685029460768774356e+00
4.8525930024192307499220e+00
4.8510904915308570295451e+00
4.8543682341529992285700e+00
4.8572855938896735139565e+00
4.8561917614866176862165e+00
4.8593483945724154082768e+00
4.8581854128196715336685e+00
4.8536436970644274424558e+00
4.8504779137797067178894e+00
4.8477567582277769631105e+00
4.8486544623646796736693e+00
4.8478818467359161559216e+00
4.8468439646365562012420e+00
4.8467287331998827326629e+00
4.8524674423756355423620e+00
4.8566900161036778982293e+00
4.8600142397882786227115e+00
4.8615074723926854360911e+00
4.8606767499692020706448e+00
4.8549646805106556612941e+00
4.8534546730766914279798e+00
4.8524705380034554025315e+00
4.8520166392117980436183e+00
4.8550852305971865519041e+00
4.8542009060366018147192e+00
4.8563265961545880600170e+00
4.8550679423548785962339e+00
4.8562638026614042274787e+00
4.8581397325483859361839e+00
4.8582647578934894383451e+00
4.8541213129319737973333e+00
4.8491149831501605405037e+00
4.8484965662477348402604e+00
4.8509666702202940413713e+00
4.8505828137559721113803e+00
4.8525203116400454916857e+00
4.8529060359195641538577e+00
4.8547248747666715829041e+00
4.8548465789375132573014e+00
4.8552446299250231476208e+00
4.8601016274108230774686e+00
4.8597957368296880176217e+00
4.8556964427331728018089e+00
4.8516073264827461741788e+00
4.8488803120555532544245e+00
4.8494640159225834707968e+00
4.8495939181414264851355e+00
4.8512679102566877986646e+00
4.8529583337453088276447e+00
4.8545599498045302055971e+00
4.8547621018990581021058e+00
4.8589470029679038276527e+00
4.8613167631200395746305e+00
4.8607779403257929118354e+00
4.8574703946163850787343e+00
4.8542808083599142676690e+00
4.8548122707685870125260e+00
4.8554353536041361394382e+00
4.8554734076216927718406e+00
4.8517552887718924381488e+00
4.8515728192996423473460e+00
4.8551274158815846959669e+00
4.8583533888799337319142e+00
4.8589164694658535381677e+00
4.8593385331752809719319e+00
4.8577925883706036813692e+00
4.8507809451499248609707e+00
4.8493825129863461498303e+00
4.8489758616094302823285e+00
4.8496815987507160272685e+00
4.8519091176861861569591e+00
4.8504210224414299190698e+00
4.8509100227074064548560e+00
4.8506593662551820145268e+00
4.8518775469896056051766e+00
4.8546682618492988936509e+00
4.8525398496949385673815e+00
4.8488673025742778932567e+00
4.8497130864090394197774e+00
4.8500557301408990795721e+00
4.8498901454244967013096e+00
4.8530436687204359103021e+00
4.8543975916390298408487e+00
4.8525743981288096406956e+00
4.8566753067296302148748e+00
4.8564706388623584132347e+00
4.8592845130297215305859e+00
4.8602185638634116671142e+00
4.8579623315267159711084e+00
4.8551447921444532696000e+00
4.8528854978376934070639e+00
4.8528817397371231123770e+00
4.8528544367516159852016e+00
4.8547502555216892616841e+00
4.8557909029138057732666e+00
4.8541999985786201676774e+00
4.8515853718063137733907e+00
4.8537216049910654191990e+00
4.8561480721728473852750e+00
4.8573530058693519251278e+00
4.8556163815889981094642e+00
4.8525562256894172463717e+00
4.8495671099231874023872e+00
4.8507088972181957586827e+00
4.8511422848982244104832e+00
4.8525607904179617335672e+00
4.8520092297615695642321e+00
4.8533079946582970976010e+00
4.8541034151656132777930e+00
4.8566001364461355294111e+00
4.8579595221276932193177e+00
4.8554903472525685614869e+00
4.8537418971779064946759e+00
4.8504333940659298818332e+00
4.8487032250358330642825e+00
4.8509193958610135055665e+00
4.8499873106563322622264e+00
4.8517682372497743514828e+00
4.8517506404563617294912e+00
4.8534540575788875926833e+00
4.8530582719702248795102e+00
4.8565589834793598811302e+00
4.8587278759649565884615e+00
4.8558676213881426519947e+00
4.8520169992150714577406e+00
4.8518455175645645027771e+00
4.8503835403400623604853e+00
4.8484446875405549093330e+00
4.8490072213328101469187e+00
4.8507579027913525493432e+00
4.8492017451020839047260e+00
4.8513512940988565702582e+00
4.8535054443124536760479e+00
4.8555710485071168491800e+00
4.8565509791993708432756e+00
4.8574881938944782788781e+00
4.8540221950015638441300e+00
4.8549792225751318142102e+00
4.8520443352698707784043e+00
4.8543412028674932656713e+00
4.8537096640915642353775e+00
4.8540164220618962076514e+00
4.8527945447899707431816e+00
4.8533486278138271430294e+00
4.8527621679497521256508e+00
4.8551534029913119283606e+00
4.8545413578671459120528e+00
4.8495685439438389607858e+00
4.8473437635635994169547e+00
4.8461492607639469198944e+00
4.8485037475895431668960e+00
4.8507360229924509908983e+00
4.8532152641590897701462e+00
4.8505475859686635331514e+00
4.8531482487818236037924e+00
4.8500776152306004362913e+00
4.8485844960849400209213e+00
4.8496512279555741287140e+00
4.8500463290442228370125e+00
4.8494740082103993117357e+00
4.8520469736462583654202e+00
4.8525184445389486498357e+00
4.8511105233346265563910e+00
4.8523419192267223110093e+00
4.8539115997785868827918e+00
4.8509136780283208523201e+00
4.8520738408425279075686e+00
4.8545081866129491388051e+00
4.8573001267132278613303e+00
4.8571703170507189994964e+00
4.8559009917825681768022e+00
4.8536944979256269050438e+00
4.8496209417257363227804e+00
4.8492178232081437627699e+00
4.8492826909354631581550e+00
4.8505908582460328659636e+00
4.8515587631004519764133e+00
4.8505173975074580283717e+00
4.8516668759317864711988e+00
4.8520288052030844383467e+00
4.8527283206163636108954e+00
4.8534206953160046182916e+00
4.8524198900816548629678e+00
4.8527824635953100695929e+00
4.8518499605945706321108e+00
4.8516613314220116137676e+00
4.8529249391485960174464e+00
4.8553711341957148661663e+00
4.8523720030669679204038e+00
4.8546761097980288823805e+00
4.8572564895864456246954e+00
4.8580924179326183676153e+00
4.8606135923202691273559e+00
4.8588201332068230442474e+00
4.8540972038826133427847e+00
4.8516829535869758771582e+00
4.8500093938543411553610e+00
4.8503715573874348621075e+00
4.8523829510445386503648e+00
4.8514877459045404606286e+00
4.8503801289173393840315e+00
4.8536173383308138795655e+00
4.8561212159862705561864e+00
4.8585298013833524422012e+00
4.8614532691126548513694e+00
4.8600827976990714773819e+00
4.8556809592134531072816e+00
4.8527050363306267755092e+00
4.8513100020023385283707e+00
4.8510824836421679862042e+00
4.8514045472368811928732e+00
4.8522855201553500847922e+00
4.8526977109959013034768e+00
4.8533743236928641451300e+00
4.8524196067513472030441e+00
4.8540693589755994352686e+00
4.8559069653479483008596e+00
4.8569964533802920669814e+00
4.8539427651249704709358e+00
4.8491712018569801401213e+00
4.8494772935779222322594e+00
4.8513530293259474746037e+00
4.8531581507551955212421e+00
4.8497201364459101569082e+00
4.8501471518556060757987e+00
4.8513118108197694766659e+00
4.8528801880698884119170e+00
4.8546240276288790127523e+00
4.8588605041980441612282e+00
4.8582063982135377244731e+00
4.8516015413495798824783e+00
4.8478598242580481780806e+00
4.8464118665222741810794e+00
4.8463323342561679396567e+00
4.8490951323530788741323e+00
4.8478472554819349582544e+00
4.8479039479913250687559e+00
4.8488829457653332966061e+00
4.8503847741774679391824e+00
4.8561020699977213155307e+00
4.8540895102091470292294e+00
4.8501392717714537639040e+00
4.8481924486883460900799e+00
4.8471262501744538653270e+00
4.8488399932461323516009e+00
4.8492705938021183342812e+00
4.8525106246268343568318e+00
4.8541282840316792857038e+00
4.8538027776650300992856e+00
4.8530515862179459674053e+00
4.8568296117490001861938e+00
4.8583929312695488533791e+00
4.8537163252571993155016e+00
4.8530117071187648392083e+00
4.8506993311828363601990e+00
4.8504830564244425517018e+00
4.8510105393676612450804e+00
4.8509272834508214700122e+00
4.8514183259689289684502e+00
4.8515882917269959051509e+00
4.8538066417169698496537e+00
4.8537886337487838872562e+00
4.8577544243524028999559e+00
4.8560511727190860398196e+00
4.8557924614471206226085e+00
4.8540616644372169830035e+00
4.8538674193529107725453e+00
4.8542974515516092992584e+00
4.8542326251382696966630e+00
4.8562365725033833641078e+00
4.8544879042263060497930e+00
4.8542627737961234757336e+00
4.8536701105176893733528e+00
4.8574200739229107526285e+00
4.8602660228717038393143e+00
4.8598268739349368416924e+00
4.8593860514197233513300e+00
4.8540416817129390381069e+00
4.8525931683168552766006e+00
4.8526860120980268575863e+00
4.8527197881679411395339e+00
4.8521501454606417169657e+00
4.8539570813559995698938e+00
4.8547809592983774962249e+00
4.8547312492985996712491e+00
4.8574896577117048224181e+00
4.8582182227991959067026e+00
4.8587382219574299924147e+00
4.8561108966211827819848e+00
4.8530390486441419284347e+00
4.8501714811071332533743e+00
4.8516313373593540347883e+00
4.8497411251750186522713e+00
4.8520336831667050248029e+00
4.8551846367407875959543e+00
4.8565113732677689384332e+00
4.8566429757200904049341e+00
4.8571460316987025152002e+00
4.8592907388668296064793e+00
4.8577194611202640928127e+00
4.8545531159041441782165e+00
4.8536989849354084114452e+00
4.8538980851720889830858e+00
4.8515384329541095809191e+00
4.8509859131842265611567e+00
4.8490609392527206367163e+00
4.8514089791721763944565e+00
4.8528752746619412405948e+00
4.8548740126116936011158e+00
4.8566989790158263673447e+00
4.8578189477381110705778e+00
4.8566945636449236900489e+00
4.8538607290660262805204e+00
4.8538401373921145065538e+00
4.8557400085714768067646e+00
4.8551808821575868080345e+00
4.8548724832103227200264e+00
4.8538877905474535623398e+00
4.8542741471812549391984e+00
4.8537072356474677548022e+00
4.8556269674189902474382e+00
4.8576285026623207130569e+00
4.8553969765482438702975e+00
4.8551547238295000852304e+00
4.8511523138704664148690e+00
4.8510364430934505008963e+00
4.8526042035816825404027e+00
4.8538752827067561668173e+00
4.8551288838632560285191e+00
4.8536993375836976483129e+00
4.8553855057810801909568e+00
4.8571933814676970797564e+00
4.8583187966877297014889e+00
4.8596729161918172934520e+00
4.8595567078394994453561e+00
4.8548068564918116507556e+00
4.8525842385016897395644e+00
4.8514928626871354211403e+00
4.8527295455645278465795e+00
4.8520840703041105967941e+00
4.8537824759510872496548e+00
4.8522799115277761572429e+00
4.8561116305122578040709e+00
4.8569726017436538612060e+00
4.8569677409451568195209e+00
4.8565571623800654066372e+00
4.8558469073906023183440e+00
4.8543529018830557930642e+00
4.8533273931682892055051e+00
4.8512589461930817336111e+00
4.8494155811354788809808e+00
4.8527214886527554327245e+00
4.8546607112897692815068e+00
4.8567439806292753701200e+00
4.8556279001228279668112e+00
4.8577605272320827367594e+00
4.8575240653658857681307e+00
4.8594898810791589127689e+00
4.8583986768225262409260e+00
4.8525069751035463383460e+00
4.8522066666582412963749e+00
4.8516737929728694922460e+00
4.8548117754734727569144e+00
4.8570198321254292039839e+00
4.8557380768218720845653e+00
4.8548939266096065026090e+00
4.8545004775271323183006e+00
4.8546250251616029913748e+00
4.8561410595228640119103e+00
4.8559766952584046961761e+00
4.8538193541034555522629e+00
4.8517254464080714626562e+00
4.8520561339392100919099e+00
4.8537490848751465577493e+00
4.8517686343427941508821e+00
4.8534266396681733368723e+00
4.8517751373587092444950e+00
4.8547579217487903946449e+00
4.8544483342771611589228e+00
4.8532716701589597718680e+00
4.8568034190726132592886e+00
4.8566079479296080378958e+00
4.8516152025229670741169e+00
4.8509211159532350521317e+00
4.8493556484223550029355e+00
4.8503878386479586382052e+00
4.8498426843718984713405e+00
4.8480465567087787093215e+00
4.8489556340265416167767e+00
4.8500315629226893321402e+00
