1.2566370614327141197464e+01
1.2566370614326604737698e+01
1.2566370614326496379931e+01
1.2566370614326363153168e+01
1.2566370614326594079557e+01
1.2566370614326311638820e+01
1.2566370614325903076747e+01
1.2566370614326757504386e+01
1.2566370614326315191533e+01
1.2566370614326205057409e+01
1.2566370614326300980679e+01
1.2566370614326103805070e+01
1.2566370614326199728339e+01
1.2566370614326265453542e+01
1.2566370614326942245498e+01
1.2566370614326155319418e+01
1.2566370614326551446993e+01
1.2566370614326036303510e+01
1.2566370614326501709002e+01
1.2566370614326267229899e+01
1.2566370614326190846555e+01
1.2566370614326553223350e+01
1.2566370614325958143809e+01
1.2566370614327022181556e+01
1.2566370614326320520604e+01
1.2566370614326695331897e+01
1.2566370614325970578307e+01
1.2566370614326238808189e+01
1.2566370614326219268264e+01
1.2566370614326265453542e+01
1.2566370614326253019044e+01
1.2566370614326261900828e+01
1.2566370614326668686545e+01
1.2566370614326187293841e+01
1.2566370614326409338446e+01
1.2566370614326149990347e+01
1.2566370614326116239567e+01
1.2566370614326086041501e+01
1.2566370614326345389600e+01
1.2566370614326309862463e+01
1.2566370614326205057409e+01
1.2566370614326597632271e+01
1.2566370614326375587666e+01
1.2566370614326830335017e+01
1.2566370614326212162837e+01
1.2566370614326260124471e+01
1.2566370614326242360903e+01
1.2566370614326407562089e+01
1.2566370614326723753607e+01
1.2566370614326308086106e+01
1.2566370614326629606694e+01
1.2566370614326242360903e+01
1.2566370614326368482239e+01
1.2566370614326215715550e+01
1.2566370614326604737698e+01
1.2566370614326238808189e+01
1.2566370614326556776064e+01
1.2566370614326309862463e+01
1.2566370614326160648488e+01
1.2566370614326496379931e+01
1.2566370614326377364023e+01
