3.5450849471961181080815e+00
3.5450849471961154435462e+00
3.5450849471961194403491e+00
3.5450849471961163317246e+00
3.5450849471961252135088e+00
3.5450849471961194403491e+00
3.5450849471961181080815e+00
3.5450849471961172199030e+00
3.5450849471961110026541e+00
3.5450849471961118908325e+00
3.5450849471961078940296e+00
3.5450849471961127790109e+00
3.5450849471961087822081e+00
3.5450849471961030090483e+00
3.5450849471961070058512e+00
3.5450849471960954595318e+00
3.5450849471961092262973e+00
3.5450849471960932390857e+00
3.5450849471961003445131e+00
3.5450849471961070058512e+00
3.5450849471960985681562e+00
3.5450849471961065617620e+00
3.5450849471961007886023e+00
3.5450849471960954595318e+00
3.5450849471960954595318e+00
3.5450849471960914627289e+00
3.5450849471960923509073e+00
3.5450849471960963477102e+00
3.5450849471960883541044e+00
3.5450849471960963477102e+00
3.5450849471960923509073e+00
3.5450849471960941272641e+00
3.5450849471960967917994e+00
3.5450849471960963477102e+00
3.5450849471960945713533e+00
3.5450849471960923509073e+00
3.5450849471960967917994e+00
3.5450849471960839132123e+00
3.5450849471960994563347e+00
3.5450849471960879100152e+00
3.5450849471960914627289e+00
3.5450849471960945713533e+00
3.5450849471960883541044e+00
3.5450849471960945713533e+00
3.5450849471960892422828e+00
3.5450849471960901304612e+00
3.5450849471960905745505e+00
3.5450849471961025649591e+00
3.5450849471960892422828e+00
3.5450849471960914627289e+00
3.5450849471960941272641e+00
3.5450849471961016767807e+00
3.5450849471960985681562e+00
3.5450849471960901304612e+00
3.5450849471960905745505e+00
3.5450849471960901304612e+00
3.5450849471960914627289e+00
3.5450849471960923509073e+00
3.5450849471960932390857e+00
3.5450849471960941272641e+00
3.5450849471960901304612e+00
