1.7830593323200989885891e+01
1.7830593323201011202173e+01
1.7830593323201011202173e+01
1.7830593323201021860314e+01
1.7830593323201028965741e+01
1.7830593323201014754886e+01
1.7830593323201028965741e+01
1.7830593323201021860314e+01
1.7830593323201032518455e+01
1.7830593323201043176596e+01
1.7830593323201107125442e+01
1.7830593323201156863433e+01
1.7830593323201362920827e+01
1.7830593323201505029374e+01
1.7830593323202034383712e+01
1.7830593323202389655080e+01
1.7830593323203441258329e+01
1.7830593323204556810424e+01
1.7830593323206137768011e+01
1.7830593323208876910257e+01
1.7830593323210720768657e+01
1.7830593323215989443042e+01
1.7830593323218785428708e+01
1.7830593323227176938417e+01
1.7830593323231322955280e+01
1.7830593323242627690206e+01
1.7830593323250614190556e+01
1.7830593323263133953560e+01
1.7830593323276236361608e+01
1.7830593323274332107076e+01
1.7830593323203022038115e+01
1.7830593322573005110598e+01
1.7830593318275511194315e+01
1.7830593289114396782225e+01
1.7830593092172929203798e+01
1.7830591753080227590544e+01
1.7830582404595020307170e+01
1.7830543832726036157510e+01
1.7830426549573079597621e+01
1.7830400992677081006832e+01
1.7830331503112201829708e+01
1.7830308762094780661300e+01
1.7830305242198619453120e+01
1.7830304248390813626202e+01
1.7830303307538379442576e+01
1.7830302352065494631006e+01
1.7830301398534881940350e+01
1.7830300441529089994219e+01
1.7830299405797362055637e+01
1.7830298150325706529884e+01
1.7830296111164802397298e+01
1.7830291735767115568478e+01
1.7830276445217027259105e+01
1.7830235235700222062860e+01
1.7830183003259548968344e+01
1.7830128746933699090960e+01
1.7830101317734207810872e+01
1.7830014680489924216999e+01
1.7829987907936448721102e+01
1.7829921652123861264272e+01
1.7829943515155743938294e+01
