3.5450849471961225489736e+00
3.5450849471961007886023e+00
3.5450849471960945713533e+00
3.5450849471960821368555e+00
3.5450849471960768077849e+00
3.5450849471960657055547e+00
3.5450849471960594883058e+00
3.5450849471960461656295e+00
3.5450849471960275138827e+00
3.5450849471960035330653e+00
3.5450849471959395842191e+00
3.5450849471958929548521e+00
3.5450849471957264213984e+00
3.5450849471956256131477e+00
3.5450849471952698976907e+00
3.5450849471950509617102e+00
3.5450849471944585467043e+00
3.5450849471938572499141e+00
3.5450849471930703238343e+00
3.5450849471917571520407e+00
3.5450849471909164911665e+00
3.5450849471886067831861e+00
3.5450849471874272822447e+00
3.5450849471840077953289e+00
3.5450849471823611125387e+00
3.5450849471780268018506e+00
3.5450849471750420782712e+00
3.5450849471706162852058e+00
3.5450849471668171020156e+00
3.5450849471736560758472e+00
3.5450849472406651408107e+00
3.5450849477442933910254e+00
3.5450849511555135862295e+00
3.5450849741820116278745e+00
3.5450851291088354422243e+00
3.5450861711719285906952e+00
3.5450931784973644944614e+00
3.5451209233336089532429e+00
3.5451905475979259563246e+00
3.5452198805523158497977e+00
3.5452677144382973573045e+00
3.5452806952569169141043e+00
3.5452827911425179863159e+00
3.5452835335717116649334e+00
3.5452842974426457267612e+00
3.5452850833622133741585e+00
3.5452858617082276815324e+00
3.5452866554229807150023e+00
3.5452874906990805570217e+00
3.5452885352117560202601e+00
3.5452901414295796556075e+00
3.5452936357477660145321e+00
3.5453048967500127020003e+00
3.5453329457988669304314e+00
3.5453703350634806490405e+00
3.5454220804690566026807e+00
3.5454244536528656261964e+00
3.5455088049801011251816e+00
3.5455008246038701713587e+00
3.5455905473598159360904e+00
3.5455280213293010049824e+00
