6.2844419434190399442741e+00
6.2844418185419206324127e+00
6.2844418925006806375677e+00
6.2844418502847885221740e+00
6.2844418638656884823490e+00
6.2844418696802524237910e+00
6.2844418545943403486831e+00
6.2844418727869353347160e+00
6.2844418556778638418336e+00
6.2844418699468347355719e+00
6.2844418593279280926822e+00
6.2844418665647108213079e+00
6.2844418622329216717048e+00
6.2844418644294535170047e+00
6.2844418637282810635725e+00
6.2844418635460757016631e+00
6.2844418641975225980900e+00
6.2844418633969700849207e+00
6.2844418641746813136706e+00
6.2844418635259273742122e+00
6.2844418640184622759648e+00
6.2844418636836607561236e+00
6.2844418638886008210420e+00
6.2844418637848349362685e+00
6.2844418638207031335696e+00
6.2844418638276620114880e+00
6.2844418637993593179658e+00
6.2844418638357222306468e+00
6.2844418638006276367491e+00
6.2844418638303176649629e+00
6.2844418638080288275205e+00
6.2844418638232788509868e+00
6.2844418638141812394338e+00
6.2844418638188930259503e+00
6.2844418638183920933216e+00
6.2844418638242478536426e+00
6.2844418638680545896591e+00
6.2844418640469781323077e+00
6.2844418645416455504460e+00
6.2844418649832922696419e+00
6.2844418655260865236301e+00
6.2844418660082723704363e+00
6.2844418664613410641095e+00
6.2844418669142951827666e+00
6.2844418673639550476651e+00
6.2844418678257785160213e+00
6.2844418682737366310675e+00
6.2844418687507577203633e+00
6.2844418691794166065279e+00
6.2844418696907675681018e+00
6.2844418700589885773411e+00
6.2844418706843079291957e+00
6.2844418708861597977489e+00
6.2844418719239989457037e+00
6.2844418718365728793174e+00
6.2844418730412190399193e+00
6.2844418730695306152256e+00
6.2844418738097393983821e+00
6.2844418743598282617313e+00
6.2844418747585155671231e+00
6.2844418753155704138180e+00
