6.2844419434190408324525e+00
6.2844418185419197442343e+00
6.2844418925006753084972e+00
6.2844418502847911867093e+00
6.2844418638656867059922e+00
6.2844418696802462065421e+00
6.2844418545943394605047e+00
6.2844418727869326701807e+00
6.2844418556778647300121e+00
6.2844418699468329592150e+00
6.2844418593279272045038e+00
6.2844418665647099331295e+00
6.2844418622329252244185e+00
6.2844418644294579578968e+00
6.2844418637282801753940e+00
6.2844418635460757016631e+00
6.2844418641975252626253e+00
6.2844418633969727494559e+00
6.2844418641746813136706e+00
6.2844418635259309269259e+00
6.2844418640184596114295e+00
6.2844418636836625324804e+00
6.2844418638886025973989e+00
6.2844418637848349362685e+00
6.2844418638207066862833e+00
6.2844418638276620114880e+00
6.2844418637993522125385e+00
6.2844418638357266715389e+00
6.2844418638006258603923e+00
6.2844418638303176649629e+00
6.2844418638080323802342e+00
6.2844418638232744100947e+00
6.2844418638141519295459e+00
6.2844418638187367065484e+00
6.2844418638173289437532e+00
6.2844418638168617619044e+00
6.2844418638183094927285e+00
6.2844418638165651103122e+00
6.2844418638182277803139e+00
6.2844418638168670909749e+00
6.2844418638178760616597e+00
6.2844418638172134805586e+00
6.2844418638175945091007e+00
6.2844418638174284197362e+00
6.2844418638174728286572e+00
6.2844418638175847391381e+00
6.2844418638177259595068e+00
6.2844418638187535819384e+00
6.2844418638224128770275e+00
6.2844418638376673413859e+00
6.2844418638836829771321e+00
6.2844418639210237742532e+00
6.2844418639572738882748e+00
6.2844418639939831905394e+00
6.2844418640311383583708e+00
6.2844418640685892896158e+00
6.2844418641062009811549e+00
6.2844418641438819506106e+00
6.2844418641816401915889e+00
6.2844418642194161961356e+00
6.2844418642569390698327e+00
