1.7830593323200996991318e+01
1.7830593323201007649459e+01
1.7830593323201018307600e+01
1.7830593323201018307600e+01
1.7830593323201032518455e+01
1.7830593323201007649459e+01
1.7830593323201018307600e+01
1.7830593323201025413027e+01
1.7830593323201036071168e+01
1.7830593323201053834737e+01
1.7830593323201100020015e+01
1.7830593323201156863433e+01
1.7830593323201359368113e+01
1.7830593323201494371233e+01
1.7830593323202023725571e+01
1.7830593323202389655080e+01
1.7830593323203437705615e+01
1.7830593323204553257710e+01
1.7830593323206134215297e+01
1.7830593323208880462971e+01
1.7830593323210734979511e+01
1.7830593323215989443042e+01
1.7830593323218796086849e+01
1.7830593323227169832990e+01
1.7830593323231315849853e+01
1.7830593323242645453774e+01
1.7830593323250653270406e+01
1.7830593323263428828795e+01
1.7830593323278524309217e+01
1.7830593323290518270596e+01
1.7830593323314118947565e+01
1.7830593323326088039948e+01
1.7830593323357565083143e+01
1.7830593323371804359567e+01
1.7830593323408372441463e+01
1.7830593323427507357337e+01
1.7830593323464210442353e+01
1.7830593323496241708881e+01
1.7830593323524457360918e+01
1.7830593323559018159585e+01
1.7830593323528979965431e+01
1.7830593323365828695160e+01
1.7830593322485867702198e+01
1.7830593318870604946369e+01
1.7830593303983629738241e+01
1.7830593243656778668083e+01
1.7830592999429700995506e+01
1.7830592011857003598152e+01
1.7830588014326643531149e+01
1.7830571685412998306219e+01
1.7830523288016472349682e+01
1.7830502971309314830251e+01
1.7830495937878371393026e+01
1.7830491401107742888144e+01
1.7830487919301980070941e+01
1.7830485002204220279509e+01
1.7830482411968784361989e+01
1.7830480026721716058091e+01
1.7830477783185838092095e+01
1.7830475647147761009137e+01
1.7830473597454737699763e+01
