1.7830593323200947253326e+01
1.7830593323201245681275e+01
1.7830593323201167521574e+01
1.7830593323200961464181e+01
1.7830593323201199495998e+01
1.7830593323201178179715e+01
1.7830593323201085809160e+01
1.7830593323202108990699e+01
1.7830593320699762216464e+01
1.7830588280803748801873e+01
1.7829805589166607404650e+01
1.7828780188177407950434e+01
1.7827752091174751569724e+01
1.7826871012563383800398e+01
1.7826472531630287221560e+01
1.7824557247772595758306e+01
1.7822134462426806322810e+01
1.7820285028708873653613e+01
1.7817128171423078697444e+01
1.7815940500899245080291e+01
1.7813000033047771353267e+01
1.7811717370152774009284e+01
1.7809026868918639507910e+01
1.7808518716365540512925e+01
1.7806517769836652576032e+01
1.7806221175265758205342e+01
1.7803668122426572040240e+01
1.7802995922155599117787e+01
1.7800721705808665973336e+01
1.7800430270571805380087e+01
1.7798281362106617820018e+01
1.7797998179589797018707e+01
1.7795909449537816726661e+01
1.7795273233419599989702e+01
1.7793011551597551545001e+01
1.7792930742675121535967e+01
1.7790298787345300013385e+01
1.7790044547426216325903e+01
1.7788374442467969060999e+01
1.7788742590382735642152e+01
1.7786321458486042956793e+01
1.7786498216640595160243e+01
1.7785482267138633005743e+01
1.7784718019341038797165e+01
1.7782475585752397506667e+01
1.7783233766488926619331e+01
1.7782375329384809248268e+01
1.7783159443303990343566e+01
1.7781602286348579866626e+01
1.7782859946858636135403e+01
1.7781410675416594813214e+01
1.7780478704170040060717e+01
1.7780059564753813106108e+01
1.7780435780990906380339e+01
1.7778032963184543291391e+01
1.7779098131602271593010e+01
1.7777970932812770854525e+01
1.7778031002845377628319e+01
1.7776847696138265320087e+01
1.7777405927130370599798e+01
1.7776281024499272831463e+01
1.7775852893057191295156e+01
1.7773659605242311698703e+01
1.7774487761943614572147e+01
1.7772247302908542820887e+01
1.7772239034225137288558e+01
1.7772186359933456856197e+01
1.7773092169891953062688e+01
1.7771001623238216637901e+01
1.7772047486387400283547e+01
1.7771504342121030362023e+01
1.7770587559531705323934e+01
1.7769428411786545751738e+01
1.7770022854994753203073e+01
1.7767958050976837114376e+01
1.7768635835347708962217e+01
1.7767241769996630296191e+01
1.7768839104426145780735e+01
1.7768077557211277905935e+01
1.7768230162624274015570e+01
1.7767852236190133652372e+01
1.7768458720262852779115e+01
1.7765859818454849516911e+01
1.7766923062955534362573e+01
1.7765659758086112418596e+01
1.7765145010091256239093e+01
1.7764638722560381012272e+01
1.7765134342532228117761e+01
1.7764139553353636813426e+01
1.7764486781523000757943e+01
1.7763182671344249996537e+01
1.7764017244206705470333e+01
1.7763032541977008094136e+01
1.7761998772937953816609e+01
1.7761933192678014847843e+01
1.7762352737201531738265e+01
1.7760233808571182834157e+01
1.7762055664622099726557e+01
1.7761377962594760759885e+01
1.7761673587034408683394e+01
1.7761582148463155306217e+01
1.7761345377787343124965e+01
1.7760874865111414777630e+01
1.7760401717336502969147e+01
1.7758818474168865719776e+01
1.7760858289317795311035e+01
1.7759007720388755302565e+01
1.7759666208531459830056e+01
1.7758931296696502499799e+01
1.7759640958416277101151e+01
1.7758459655180285352571e+01
1.7760271543074136246787e+01
1.7758164370104694285146e+01
1.7759147153362068394244e+01
1.7756551929551072532831e+01
1.7757740272367790623775e+01
1.7757307478585893534273e+01
1.7757497965892287794532e+01
1.7756382955622477481938e+01
1.7757730370576261691440e+01
1.7756674729364135600918e+01
1.7756828587180564227310e+01
1.7756869836382673355502e+01
1.7757137555566146147612e+01
1.7754201547046911002781e+01
1.7756008944921468639677e+01
1.7755530869783072489554e+01
1.7756434848303651818924e+01
1.7755100545081322849228e+01
1.7756095067546173282835e+01
1.7755210660966586289078e+01
1.7755748545596475196362e+01
1.7754649494403089704520e+01
1.7756270851648590536342e+01
1.7754687590904655536406e+01
1.7754581593881308521077e+01
1.7754167931972428817744e+01
1.7755606513203655794086e+01
1.7754345501756038316898e+01
1.7754532474088421167835e+01
1.7755317056761544591836e+01
1.7754223768993828258544e+01
1.7753940799313454590447e+01
1.7755037939603262486798e+01
1.7753774994141060972197e+01
1.7753699613780195676327e+01
1.7753159878991507270030e+01
1.7753179190015426769378e+01
1.7752848437469030073999e+01
1.7752770183724013719484e+01
1.7752349869806469229161e+01
1.7753730685903732933184e+01
1.7751255027064903657674e+01
1.7753206593745058938794e+01
1.7752142739252384728843e+01
1.7752462793228502846432e+01
1.7751089458823521738395e+01
1.7751922304640221028649e+01
1.7750918421554825243902e+01
1.7750795551462868360204e+01
1.7749872905163822878194e+01
1.7750951264495014925160e+01
1.7750149666818074933872e+01
1.7749855667510100687423e+01
1.7749781595707457171329e+01
1.7750621728083736172721e+01
1.7748633739819165811014e+01
1.7750741101543255240358e+01
1.7749292696342600095250e+01
1.7749380223349781715569e+01
1.7747831915304640659770e+01
1.7748702656964852053534e+01
1.7747777082367342416092e+01
1.7749655248216523517613e+01
1.7746536240731714428875e+01
1.7749276616369787262784e+01
1.7747828371493298504902e+01
1.7747562261365597890972e+01
1.7748448058213767808411e+01
1.7748563467108205315981e+01
1.7746127137028633313776e+01
1.7747645320009969083230e+01
1.7746834342277256979514e+01
1.7747004740581424186985e+01
1.7746959601050072308226e+01
1.7746403116655756093678e+01
1.7747277428314124136932e+01
1.7747010630532820130156e+01
1.7746214608429443870818e+01
1.7747403338032096797861e+01
1.7745165565217781988849e+01
1.7745572822353199882173e+01
1.7745609306971136476250e+01
1.7746690063969744244332e+01
1.7744835194959456714514e+01
1.7745411423833751030088e+01
1.7745250128757263041734e+01
1.7745899264111375970288e+01
1.7744699285885875639224e+01
1.7745449477271883154117e+01
1.7744580418449487524413e+01
