-1.7830593323201142652579e+01
-1.7830593323200918831617e+01
-1.7830593323201060940164e+01
-1.7830593323201053834737e+01
-1.7830593323201018307600e+01
-1.7830593323201011202173e+01
-1.7830593323201057387450e+01
-1.7830593323200975675036e+01
-1.7830593323201039623882e+01
-1.7830593323201014754886e+01
-1.7830593323200957911467e+01
-1.7830593323201036071168e+01
-1.7830593323201057387450e+01
-1.7830593323201053834737e+01
-1.7830593323201082256446e+01
-1.7830593323200996991318e+01
-1.7830593323201032518455e+01
-1.7830593323201039623882e+01
-1.7830593323200993438604e+01
-1.7830593323201046729309e+01
-1.7830593323200996991318e+01
-1.7830593323200965016895e+01
-1.7830593323201043176596e+01
-1.7830593323200986333177e+01
-1.7830593323201018307600e+01
-1.7830593323200979227749e+01
-1.7830593323201053834737e+01
-1.7830593323200996991318e+01
-1.7830593323201050282023e+01
-1.7830593323201025413027e+01
-1.7830593323200954358754e+01
-1.7830593323201025413027e+01
-1.7830593323200936595185e+01
-1.7830593323201014754886e+01
-1.7830593323200996991318e+01
-1.7830593323200911726190e+01
-1.7830593323201057387450e+01
-1.7830593323201025413027e+01
-1.7830593323201085809160e+01
-1.7830593323201039623882e+01
-1.7830593323201032518455e+01
-1.7830593323201014754886e+01
-1.7830593323200979227749e+01
-1.7830593323200982780463e+01
-1.7830593323201050282023e+01
-1.7830593323200961464181e+01
-1.7830593323200989885891e+01
-1.7830593323200957911467e+01
-1.7830593323201036071168e+01
-1.7830593323200993438604e+01
-1.7830593323201103572728e+01
-1.7830593323200986333177e+01
-1.7830593323201025413027e+01
-1.7830593323200993438604e+01
-1.7830593323201032518455e+01
-1.7830593323200879751766e+01
-1.7830593323201043176596e+01
-1.7830593323201014754886e+01
-1.7830593323201018307600e+01
-1.7830593323201050282023e+01
-1.7830593323201036071168e+01
-1.7830593323201004096745e+01
-1.7830593323201046729309e+01
-1.7830593323200933042472e+01
-1.7830593323200979227749e+01
-1.7830593323201053834737e+01
-1.7830593323201053834737e+01
-1.7830593323201057387450e+01
-1.7830593323200922384331e+01
-1.7830593323201004096745e+01
-1.7830593323200950806040e+01
-1.7830593323200965016895e+01
-1.7830593323200986333177e+01
-1.7830593323200961464181e+01
-1.7830593323201036071168e+01
-1.7830593323201036071168e+01
-1.7830593323200996991318e+01
-1.7830593323201053834737e+01
-1.7830593323200961464181e+01
-1.7830593323201043176596e+01
-1.7830593323201011202173e+01
-1.7830593323201032518455e+01
-1.7830593323200950806040e+01
-1.7830593323201046729309e+01
-1.7830593323201082256446e+01
-1.7830593323200950806040e+01
-1.7830593323201036071168e+01
-1.7830593323200925937044e+01
-1.7830593323200933042472e+01
-1.7830593323201085809160e+01
-1.7830593323200986333177e+01
-1.7830593323201068045591e+01
-1.7830593323200989885891e+01
-1.7830593323201036071168e+01
-1.7830593323201050282023e+01
-1.7830593323201018307600e+01
-1.7830593323200989885891e+01
-1.7830593323200961464181e+01
-1.7830593323201053834737e+01
-1.7830593323201004096745e+01
-1.7830593323201039623882e+01
-1.7830593323201043176596e+01
-1.7830593323201014754886e+01
-1.7830593323201011202173e+01
-1.7830593323201046729309e+01
-1.7830593323200975675036e+01
-1.7830593323201046729309e+01
-1.7830593323201085809160e+01
-1.7830593323201039623882e+01
-1.7830593323201089361874e+01
-1.7830593323201011202173e+01
-1.7830593323201046729309e+01
-1.7830593323201046729309e+01
-1.7830593323200986333177e+01
-1.7830593323201068045591e+01
-1.7830593323201103572728e+01
-1.7830593323200957911467e+01
-1.7830593323201046729309e+01
-1.7830593323200975675036e+01
-1.7830593323201096467301e+01
-1.7830593323201114230869e+01
-1.7830593323201014754886e+01
-1.7830593323200954358754e+01
-1.7830593323201078703732e+01
-1.7830593323201046729309e+01
-1.7830593323201028965741e+01
-1.7830593323200972122322e+01
-1.7830593323200993438604e+01
-1.7830593323200979227749e+01
-1.7830593323200965016895e+01
-1.7830593323200975675036e+01
-1.7830593323200993438604e+01
-1.7830593323201018307600e+01
-1.7830593323201046729309e+01
-1.7830593323200965016895e+01
-1.7830593323200968569608e+01
-1.7830593323200943700613e+01
-1.7830593323201018307600e+01
-1.7830593323201011202173e+01
-1.7830593323201028965741e+01
-1.7830593323201018307600e+01
-1.7830593323200989885891e+01
-1.7830593323201011202173e+01
-1.7830593323200950806040e+01
-1.7830593323201089361874e+01
-1.7830593323201014754886e+01
-1.7830593323201025413027e+01
-1.7830593323201043176596e+01
-1.7830593323201064492878e+01
-1.7830593323201004096745e+01
-1.7830593323200979227749e+01
-1.7830593323201068045591e+01
-1.7830593323201018307600e+01
-1.7830593323201025413027e+01
-1.7830593323200957911467e+01
-1.7830593323201114230869e+01
-1.7830593323201014754886e+01
-1.7830593323201057387450e+01
-1.7830593323201014754886e+01
-1.7830593323200986333177e+01
-1.7830593323201036071168e+01
-1.7830593323201110678156e+01
-1.7830593323201014754886e+01
-1.7830593323200979227749e+01
-1.7830593323201060940164e+01
-1.7830593323200950806040e+01
-1.7830593323200989885891e+01
-1.7830593323201064492878e+01
-1.7830593323201021860314e+01
-1.7830593323200943700613e+01
-1.7830593323201046729309e+01
-1.7830593323201057387450e+01
-1.7830593323200936595185e+01
-1.7830593323201039623882e+01
-1.7830593323201068045591e+01
-1.7830593323200986333177e+01
-1.7830593323201000544032e+01
-1.7830593323201014754886e+01
-1.7830593323201036071168e+01
-1.7830593323201000544032e+01
-1.7830593323200972122322e+01
-1.7830593323201096467301e+01
-1.7830593323200989885891e+01
-1.7830593323201071598305e+01
-1.7830593323201036071168e+01
-1.7830593323200968569608e+01
-1.7830593323201046729309e+01
-1.7830593323201043176596e+01
-1.7830593323201032518455e+01
-1.7830593323200901068049e+01
-1.7830593323201046729309e+01
-1.7830593323201032518455e+01
-1.7830593323201036071168e+01
-1.7830593323201011202173e+01
-1.7830593323200957911467e+01
-1.7830593323200986333177e+01
-1.7830593323200943700613e+01
-1.7830593323200979227749e+01
-1.7830593323201046729309e+01
-1.7830593323201025413027e+01
-1.7830593323201053834737e+01
-1.7830593323201036071168e+01
-1.7830593323200989885891e+01
-1.7830593323201036071168e+01
-1.7830593323201021860314e+01
-1.7830593323200950806040e+01
-1.7830593323200982780463e+01
-1.7830593323201000544032e+01
-1.7830593323201032518455e+01
-1.7830593323200957911467e+01
-1.7830593323200979227749e+01
-1.7830593323200968569608e+01
-1.7830593323201046729309e+01
-1.7830593323201046729309e+01
-1.7830593323200986333177e+01
-1.7830593323201060940164e+01
-1.7830593323200979227749e+01
-1.7830593323201064492878e+01
-1.7830593323201021860314e+01
-1.7830593323200936595185e+01
-1.7830593323201036071168e+01
-1.7830593323201032518455e+01
-1.7830593323201028965741e+01
-1.7830593323201053834737e+01
-1.7830593323200972122322e+01
-1.7830593323200908173476e+01
-1.7830593323200972122322e+01
-1.7830593323201025413027e+01
-1.7830593323200986333177e+01
-1.7830593323201050282023e+01
-1.7830593323200947253326e+01
-1.7830593323201014754886e+01
-1.7830593323200950806040e+01
-1.7830593323201014754886e+01
-1.7830593323201071598305e+01
-1.7830593323201014754886e+01
-1.7830593323201110678156e+01
-1.7830593323200950806040e+01
-1.7830593323200989885891e+01
-1.7830593323201082256446e+01
-1.7830593323201060940164e+01
-1.7830593323201043176596e+01
-1.7830593323200965016895e+01
-1.7830593323201124889010e+01
-1.7830593323201036071168e+01
-1.7830593323200986333177e+01
-1.7830593323201082256446e+01
-1.7830593323200965016895e+01
-1.7830593323200989885891e+01
-1.7830593323201000544032e+01
-1.7830593323201032518455e+01
-1.7830593323201046729309e+01
-1.7830593323200996991318e+01
-1.7830593323200975675036e+01
-1.7830593323200925937044e+01
-1.7830593323201011202173e+01
-1.7830593323201036071168e+01
-1.7830593323200947253326e+01
-1.7830593323200979227749e+01
-1.7830593323201103572728e+01
-1.7830593323200947253326e+01
-1.7830593323201060940164e+01
-1.7830593323200989885891e+01
-1.7830593323200982780463e+01
-1.7830593323201053834737e+01
-1.7830593323201032518455e+01
-1.7830593323201064492878e+01
-1.7830593323200933042472e+01
-1.7830593323201014754886e+01
-1.7830593323201014754886e+01
-1.7830593323201036071168e+01
-1.7830593323200979227749e+01
-1.7830593323200979227749e+01
-1.7830593323200965016895e+01
-1.7830593323201064492878e+01
-1.7830593323201036071168e+01
-1.7830593323200972122322e+01
-1.7830593323200989885891e+01
-1.7830593323200929489758e+01
-1.7830593323200979227749e+01
-1.7830593323201060940164e+01
-1.7830593323201036071168e+01
-1.7830593323201036071168e+01
-1.7830593323201004096745e+01
-1.7830593323200986333177e+01
-1.7830593323201000544032e+01
-1.7830593323200915278903e+01
-1.7830593323200918831617e+01
-1.7830593323201046729309e+01
-1.7830593323200989885891e+01
-1.7830593323201028965741e+01
-1.7830593323201075151019e+01
-1.7830593323201085809160e+01
-1.7830593323200965016895e+01
-1.7830593323201082256446e+01
-1.7830593323201046729309e+01
-1.7830593323201085809160e+01
-1.7830593323200986333177e+01
-1.7830593323201014754886e+01
-1.7830593323201053834737e+01
-1.7830593323201053834737e+01
-1.7830593323200996991318e+01
-1.7830593323201046729309e+01
-1.7830593323200968569608e+01
-1.7830593323201021860314e+01
-1.7830593323201036071168e+01
-1.7830593323201053834737e+01
-1.7830593323201004096745e+01
-1.7830593323200897515335e+01
-1.7830593323200954358754e+01
-1.7830593323200993438604e+01
-1.7830593323200968569608e+01
-1.7830593323201021860314e+01
-1.7830593323200989885891e+01
-1.7830593323201004096745e+01
-1.7830593323200986333177e+01
-1.7830593323201053834737e+01
-1.7830593323201060940164e+01
-1.7830593323200986333177e+01
-1.7830593323201036071168e+01
-1.7830593323200975675036e+01
-1.7830593323201064492878e+01
-1.7830593323201043176596e+01
-1.7830593323201103572728e+01
-1.7830593323201114230869e+01
-1.7830593323200979227749e+01
-1.7830593323201043176596e+01
-1.7830593323200961464181e+01
-1.7830593323201036071168e+01
-1.7830593323201004096745e+01
-1.7830593323201068045591e+01
-1.7830593323200989885891e+01
-1.7830593323201036071168e+01
-1.7830593323200972122322e+01
-1.7830593323201018307600e+01
-1.7830593323201043176596e+01
-1.7830593323201028965741e+01
-1.7830593323201018307600e+01
-1.7830593323201025413027e+01
-1.7830593323201004096745e+01
-1.7830593323201014754886e+01
-1.7830593323200989885891e+01
-1.7830593323201025413027e+01
-1.7830593323200996991318e+01
-1.7830593323201068045591e+01
-1.7830593323201075151019e+01
-1.7830593323201036071168e+01
-1.7830593323200922384331e+01
-1.7830593323200993438604e+01
-1.7830593323200989885891e+01
-1.7830593323201046729309e+01
-1.7830593323201004096745e+01
-1.7830593323201036071168e+01
-1.7830593323201039623882e+01
-1.7830593323200975675036e+01
-1.7830593323201025413027e+01
-1.7830593323200972122322e+01
-1.7830593323201103572728e+01
-1.7830593323201053834737e+01
-1.7830593323200979227749e+01
-1.7830593323201021860314e+01
-1.7830593323201039623882e+01
-1.7830593323200943700613e+01
-1.7830593323200986333177e+01
-1.7830593323201018307600e+01
-1.7830593323201060940164e+01
-1.7830593323200993438604e+01
-1.7830593323200950806040e+01
-1.7830593323200986333177e+01
-1.7830593323201075151019e+01
-1.7830593323201085809160e+01
-1.7830593323201007649459e+01
-1.7830593323200982780463e+01
-1.7830593323201050282023e+01
-1.7830593323200965016895e+01
-1.7830593323201011202173e+01
-1.7830593323201046729309e+01
-1.7830593323201025413027e+01
-1.7830593323201000544032e+01
-1.7830593323200957911467e+01
-1.7830593323201014754886e+01
-1.7830593323201028965741e+01
-1.7830593323201039623882e+01
-1.7830593323201014754886e+01
-1.7830593323201050282023e+01
-1.7830593323201036071168e+01
-1.7830593323200972122322e+01
-1.7830593323201007649459e+01
-1.7830593323201039623882e+01
-1.7830593323201036071168e+01
-1.7830593323200940147899e+01
-1.7830593323201018307600e+01
-1.7830593323201050282023e+01
-1.7830593323201064492878e+01
-1.7830593323200989885891e+01
-1.7830593323201025413027e+01
-1.7830593323200989885891e+01
-1.7830593323201014754886e+01
-1.7830593323201064492878e+01
-1.7830593323201007649459e+01
-1.7830593323200954358754e+01
-1.7830593323201018307600e+01
-1.7830593323201025413027e+01
-1.7830593323200986333177e+01
-1.7830593323201014754886e+01
-1.7830593323201057387450e+01
-1.7830593323200982780463e+01
-1.7830593323200961464181e+01
-1.7830593323200954358754e+01
-1.7830593323200989885891e+01
-1.7830593323200904620762e+01
-1.7830593323201025413027e+01
-1.7830593323201050282023e+01
-1.7830593323200922384331e+01
-1.7830593323200993438604e+01
-1.7830593323200943700613e+01
-1.7830593323200943700613e+01
-1.7830593323200957911467e+01
-1.7830593323201032518455e+01
-1.7830593323201089361874e+01
-1.7830593323201085809160e+01
-1.7830593323201004096745e+01
-1.7830593323200982780463e+01
-1.7830593323201050282023e+01
-1.7830593323200954358754e+01
-1.7830593323201028965741e+01
-1.7830593323200996991318e+01
-1.7830593323201004096745e+01
-1.7830593323201071598305e+01
-1.7830593323201018307600e+01
-1.7830593323200915278903e+01
-1.7830593323201025413027e+01
-1.7830593323201036071168e+01
-1.7830593323201071598305e+01
-1.7830593323201000544032e+01
-1.7830593323201046729309e+01
-1.7830593323201032518455e+01
-1.7830593323201050282023e+01
-1.7830593323201085809160e+01
-1.7830593323201064492878e+01
-1.7830593323201057387450e+01
-1.7830593323201039623882e+01
-1.7830593323201046729309e+01
-1.7830593323201075151019e+01
-1.7830593323200968569608e+01
-1.7830593323200947253326e+01
-1.7830593323200979227749e+01
-1.7830593323200943700613e+01
-1.7830593323200954358754e+01
-1.7830593323201025413027e+01
-1.7830593323200993438604e+01
-1.7830593323200982780463e+01
-1.7830593323201032518455e+01
-1.7830593323201004096745e+01
-1.7830593323200989885891e+01
-1.7830593323201046729309e+01
-1.7830593323201068045591e+01
-1.7830593323201036071168e+01
-1.7830593323201057387450e+01
-1.7830593323201028965741e+01
-1.7830593323201025413027e+01
-1.7830593323200989885891e+01
-1.7830593323201007649459e+01
-1.7830593323201036071168e+01
-1.7830593323201064492878e+01
-1.7830593323201014754886e+01
-1.7830593323201000544032e+01
-1.7830593323200957911467e+01
-1.7830593323201021860314e+01
-1.7830593323201036071168e+01
-1.7830593323201046729309e+01
-1.7830593323201085809160e+01
-1.7830593323200954358754e+01
-1.7830593323201085809160e+01
-1.7830593323200989885891e+01
-1.7830593323201007649459e+01
-1.7830593323201057387450e+01
-1.7830593323201011202173e+01
-1.7830593323200975675036e+01
-1.7830593323201025413027e+01
-1.7830593323201075151019e+01
-1.7830593323201014754886e+01
-1.7830593323200989885891e+01
-1.7830593323201064492878e+01
-1.7830593323201007649459e+01
-1.7830593323201007649459e+01
-1.7830593323201004096745e+01
-1.7830593323200982780463e+01
-1.7830593323201036071168e+01
-1.7830593323201036071168e+01
-1.7830593323200947253326e+01
-1.7830593323201089361874e+01
-1.7830593323201057387450e+01
-1.7830593323200993438604e+01
-1.7830593323201021860314e+01
-1.7830593323201096467301e+01
-1.7830593323201064492878e+01
-1.7830593323201043176596e+01
-1.7830593323200950806040e+01
-1.7830593323201039623882e+01
-1.7830593323200950806040e+01
-1.7830593323200989885891e+01
-1.7830593323200943700613e+01
-1.7830593323201071598305e+01
-1.7830593323201078703732e+01
-1.7830593323201096467301e+01
-1.7830593323200993438604e+01
-1.7830593323201107125442e+01
-1.7830593323200943700613e+01
-1.7830593323200996991318e+01
-1.7830593323200979227749e+01
-1.7830593323200961464181e+01
-1.7830593323201082256446e+01
-1.7830593323201018307600e+01
-1.7830593323201014754886e+01
-1.7830593323200965016895e+01
-1.7830593323201053834737e+01
-1.7830593323201036071168e+01
-1.7830593323200982780463e+01
-1.7830593323201000544032e+01
-1.7830593323201018307600e+01
-1.7830593323201060940164e+01
-1.7830593323200915278903e+01
-1.7830593323201000544032e+01
-1.7830593323201036071168e+01
-1.7830593323200957911467e+01
-1.7830593323201014754886e+01
-1.7830593323201060940164e+01
-1.7830593323201064492878e+01
-1.7830593323200993438604e+01
-1.7830593323201068045591e+01
-1.7830593323201036071168e+01
-1.7830593323201014754886e+01
-1.7830593323201082256446e+01
-1.7830593323200943700613e+01
-1.7830593323201011202173e+01
-1.7830593323200996991318e+01
-1.7830593323201014754886e+01
-1.7830593323201100020015e+01
-1.7830593323200972122322e+01
-1.7830593323201036071168e+01
-1.7830593323201064492878e+01
-1.7830593323200961464181e+01
-1.7830593323201007649459e+01
-1.7830593323200936595185e+01
-1.7830593323201068045591e+01
-1.7830593323200975675036e+01
-1.7830593323200996991318e+01
-1.7830593323201032518455e+01
-1.7830593323200950806040e+01
-1.7830593323200996991318e+01
-1.7830593323201050282023e+01
-1.7830593323201000544032e+01
-1.7830593323201004096745e+01
-1.7830593323201000544032e+01
-1.7830593323201050282023e+01
-1.7830593323200986333177e+01
-1.7830593323201014754886e+01
-1.7830593323201018307600e+01
-1.7830593323201007649459e+01
-1.7830593323201128441724e+01
-1.7830593323200986333177e+01
-1.7830593323201071598305e+01
-1.7830593323200986333177e+01
-1.7830593323200982780463e+01
-1.7830593323201025413027e+01
-1.7830593323201007649459e+01
-1.7830593323201039623882e+01
-1.7830593323201007649459e+01
-1.7830593323201007649459e+01
-1.7830593323200982780463e+01
-1.7830593323201064492878e+01
-1.7830593323200989885891e+01
-1.7830593323201025413027e+01
-1.7830593323200961464181e+01
-1.7830593323200979227749e+01
-1.7830593323200989885891e+01
-1.7830593323200986333177e+01
-1.7830593323200989885891e+01
-1.7830593323200989885891e+01
-1.7830593323201046729309e+01
-1.7830593323201046729309e+01
-1.7830593323201032518455e+01
-1.7830593323200989885891e+01
-1.7830593323200989885891e+01
-1.7830593323200975675036e+01
-1.7830593323200993438604e+01
-1.7830593323200993438604e+01
-1.7830593323200986333177e+01
-1.7830593323201046729309e+01
-1.7830593323201039623882e+01
-1.7830593323201046729309e+01
-1.7830593323200943700613e+01
-1.7830593323200989885891e+01
-1.7830593323201036071168e+01
-1.7830593323201064492878e+01
-1.7830593323200993438604e+01
-1.7830593323201053834737e+01
-1.7830593323201011202173e+01
-1.7830593323201021860314e+01
-1.7830593323201060940164e+01
