6.2844419434190372797389e+00
6.2844419434190506024152e+00
6.2844419434190452733446e+00
6.2844419434190497142367e+00
6.2844419434190808004814e+00
6.2844419434190719186972e+00
6.2844419434190506024152e+00
6.2844419434190541551288e+00
6.2844419434190879059088e+00
6.2844419434190434969878e+00
6.2844419434190514905936e+00
6.2844419434190630369130e+00
6.2844419434190301743115e+00
6.2844419434190639250915e+00
6.2844419434190657014483e+00
6.2844419434190283979547e+00
6.2844419434190141870999e+00
6.2844419434190603723778e+00
6.2844419434190665896267e+00
6.2844419434190887940872e+00
6.2844419434190426088094e+00
6.2844419434190248452410e+00
6.2844419434190550433073e+00
6.2844419434190772477677e+00
6.2844419434190310624899e+00
6.2844419434190603723778e+00
6.2844419434190852413735e+00
6.2844419434190417206310e+00
6.2844419434190523787720e+00
6.2844419434190355033820e+00
6.2844419434190728068756e+00
6.2844419434190443851662e+00
6.2844419434190461615231e+00
6.2844419434190799123030e+00
6.2844419434190506024152e+00
6.2844419434190523787720e+00
6.2844419434190577078425e+00
6.2844419434190603723778e+00
6.2844419434190612605562e+00
6.2844419434190426088094e+00
6.2844419434190630369130e+00
6.2844419434190692541620e+00
6.2844419434190381679173e+00
6.2844419434190506024152e+00
6.2844419434190594841994e+00
6.2844419434190514905936e+00
6.2844419434190479378799e+00
6.2844419434190710305188e+00
6.2844419434190150752784e+00
6.2844419434190585960209e+00
6.2844419434190275097762e+00
6.2844419434190541551288e+00
6.2844419434190443851662e+00
6.2844419434190328388468e+00
6.2844419434190514905936e+00
6.2844419434190665896267e+00
6.2844419434190523787720e+00
6.2844419434190319506683e+00
6.2844419434190763595893e+00
6.2844419434190728068756e+00
6.2844419434190639250915e+00
6.2844419434190301743115e+00
6.2844419434190204043489e+00
6.2844419434190692541620e+00
6.2844419434190639250915e+00
6.2844419434190355033820e+00
6.2844419434190532669504e+00
6.2844419434190426088094e+00
6.2844419434190621487346e+00
6.2844419434190612605562e+00
6.2844419434190372797389e+00
6.2844419434190736950541e+00
6.2844419434190577078425e+00
6.2844419434190292861331e+00
6.2844419434190497142367e+00
6.2844419434190417206310e+00
6.2844419434190861295519e+00
6.2844419434190355033820e+00
6.2844419434190639250915e+00
6.2844419434190372797389e+00
6.2844419434190355033820e+00
6.2844419434190337270252e+00
6.2844419434190621487346e+00
6.2844419434190470497015e+00
6.2844419434190585960209e+00
6.2844419434190408324525e+00
6.2844419434190328388468e+00
6.2844419434190434969878e+00
6.2844419434190470497015e+00
6.2844419434190363915604e+00
6.2844419434190355033820e+00
6.2844419434190443851662e+00
6.2844419434190266215978e+00
6.2844419434190443851662e+00
6.2844419434190363915604e+00
6.2844419434190603723778e+00
6.2844419434190363915604e+00
6.2844419434190506024152e+00
6.2844419434190470497015e+00
6.2844419434190657014483e+00
6.2844419434190852413735e+00
6.2844419434190417206310e+00
6.2844419434190443851662e+00
6.2844419434190488260583e+00
6.2844419434190603723778e+00
6.2844419434190443851662e+00
6.2844419434190461615231e+00
6.2844419434190763595893e+00
6.2844419434190390560957e+00
6.2844419434190417206310e+00
6.2844419434190319506683e+00
6.2844419434190355033820e+00
6.2844419434190408324525e+00
6.2844419434190310624899e+00
6.2844419434190568196641e+00
6.2844419434190479378799e+00
6.2844419434190532669504e+00
6.2844419434190541551288e+00
6.2844419434190541551288e+00
6.2844419434190399442741e+00
6.2844419434190363915604e+00
6.2844419434190514905936e+00
6.2844419434190790241246e+00
6.2844419434190417206310e+00
6.2844419434190763595893e+00
6.2844419434190346152036e+00
6.2844419434190381679173e+00
6.2844419434190408324525e+00
6.2844419434190594841994e+00
6.2844419434190275097762e+00
6.2844419434190106343863e+00
6.2844419434190568196641e+00
6.2844419434190497142367e+00
6.2844419434190710305188e+00
6.2844419434190399442741e+00
6.2844419434190559314857e+00
6.2844419434190488260583e+00
6.2844419434190266215978e+00
6.2844419434190461615231e+00
6.2844419434190266215978e+00
6.2844419434190559314857e+00
6.2844419434190417206310e+00
6.2844419434190514905936e+00
6.2844419434190337270252e+00
6.2844419434190390560957e+00
6.2844419434190523787720e+00
6.2844419434190479378799e+00
6.2844419434190452733446e+00
6.2844419434190657014483e+00
6.2844419434190390560957e+00
6.2844419434190719186972e+00
6.2844419434190603723778e+00
6.2844419434190434969878e+00
6.2844419434190408324525e+00
6.2844419434190603723778e+00
6.2844419434190434969878e+00
6.2844419434190914586225e+00
6.2844419434190221807057e+00
6.2844419434190692541620e+00
6.2844419434190754714109e+00
6.2844419434190781359462e+00
6.2844419434190728068756e+00
6.2844419434190470497015e+00
6.2844419434190488260583e+00
6.2844419434190665896267e+00
6.2844419434190390560957e+00
6.2844419434190159634568e+00
6.2844419434190132989215e+00
6.2844419434190887940872e+00
6.2844419434190639250915e+00
6.2844419434190648132699e+00
6.2844419434190808004814e+00
6.2844419434190710305188e+00
6.2844419434190488260583e+00
6.2844419434190506024152e+00
6.2844419434190506024152e+00
6.2844419434190230688841e+00
6.2844419434190603723778e+00
6.2844419434190355033820e+00
6.2844419434190674778051e+00
6.2844419434190452733446e+00
6.2844419434190612605562e+00
6.2844419434190310624899e+00
6.2844419434190550433073e+00
6.2844419434190426088094e+00
6.2844419434190346152036e+00
6.2844419434190568196641e+00
6.2844419434190408324525e+00
6.2844419434190470497015e+00
6.2844419434190390560957e+00
6.2844419434190568196641e+00
6.2844419434190621487346e+00
6.2844419434190488260583e+00
6.2844419434190257334194e+00
6.2844419434190488260583e+00
6.2844419434190337270252e+00
6.2844419434190719186972e+00
6.2844419434190559314857e+00
6.2844419434190390560957e+00
6.2844419434190443851662e+00
6.2844419434190692541620e+00
6.2844419434190381679173e+00
6.2844419434190541551288e+00
6.2844419434190781359462e+00
6.2844419434190452733446e+00
6.2844419434190585960209e+00
6.2844419434190452733446e+00
6.2844419434190577078425e+00
6.2844419434190257334194e+00
6.2844419434190585960209e+00
6.2844419434190328388468e+00
6.2844419434190168516352e+00
6.2844419434190523787720e+00
6.2844419434190417206310e+00
6.2844419434190728068756e+00
6.2844419434190488260583e+00
6.2844419434190319506683e+00
6.2844419434190266215978e+00
6.2844419434190550433073e+00
6.2844419434190266215978e+00
6.2844419434190719186972e+00
6.2844419434190879059088e+00
6.2844419434190621487346e+00
6.2844419434190648132699e+00
6.2844419434190719186972e+00
6.2844419434190470497015e+00
6.2844419434190692541620e+00
6.2844419434190914586225e+00
6.2844419434190639250915e+00
6.2844419434190443851662e+00
6.2844419434190390560957e+00
6.2844419434190772477677e+00
6.2844419434190790241246e+00
6.2844419434190346152036e+00
6.2844419434190523787720e+00
6.2844419434190648132699e+00
6.2844419434190923468009e+00
6.2844419434190852413735e+00
6.2844419434190363915604e+00
6.2844419434190674778051e+00
6.2844419434190568196641e+00
6.2844419434190363915604e+00
6.2844419434190532669504e+00
6.2844419434190790241246e+00
6.2844419434190212925273e+00
6.2844419434190577078425e+00
6.2844419434190372797389e+00
6.2844419434190603723778e+00
6.2844419434190372797389e+00
6.2844419434190363915604e+00
6.2844419434190728068756e+00
6.2844419434190710305188e+00
6.2844419434190834650167e+00
6.2844419434190497142367e+00
6.2844419434190337270252e+00
6.2844419434190674778051e+00
6.2844419434190506024152e+00
6.2844419434190639250915e+00
6.2844419434190479378799e+00
6.2844419434190559314857e+00
6.2844419434190381679173e+00
6.2844419434190497142367e+00
6.2844419434190319506683e+00
6.2844419434190461615231e+00
6.2844419434190790241246e+00
6.2844419434190657014483e+00
6.2844419434190754714109e+00
6.2844419434190328388468e+00
6.2844419434190550433073e+00
6.2844419434190461615231e+00
6.2844419434190683659835e+00
6.2844419434190372797389e+00
6.2844419434190186279920e+00
6.2844419434190328388468e+00
6.2844419434190577078425e+00
6.2844419434190568196641e+00
6.2844419434190434969878e+00
6.2844419434190506024152e+00
6.2844419434190532669504e+00
6.2844419434190585960209e+00
6.2844419434190772477677e+00
6.2844419434190434969878e+00
6.2844419434190390560957e+00
6.2844419434190834650167e+00
6.2844419434190328388468e+00
6.2844419434190292861331e+00
6.2844419434190355033820e+00
6.2844419434190719186972e+00
6.2844419434190630369130e+00
6.2844419434190452733446e+00
6.2844419434190177398136e+00
6.2844419434190514905936e+00
6.2844419434190426088094e+00
6.2844419434190452733446e+00
6.2844419434190665896267e+00
6.2844419434190816886598e+00
6.2844419434190594841994e+00
6.2844419434190479378799e+00
6.2844419434190381679173e+00
6.2844419434190612605562e+00
6.2844419434190594841994e+00
6.2844419434190461615231e+00
6.2844419434190648132699e+00
6.2844419434190905704440e+00
6.2844419434190319506683e+00
6.2844419434190204043489e+00
6.2844419434190834650167e+00
6.2844419434190674778051e+00
6.2844419434190603723778e+00
6.2844419434190488260583e+00
6.2844419434190603723778e+00
6.2844419434190488260583e+00
6.2844419434190594841994e+00
6.2844419434190346152036e+00
6.2844419434190399442741e+00
6.2844419434190408324525e+00
6.2844419434190390560957e+00
6.2844419434190577078425e+00
6.2844419434190310624899e+00
6.2844419434190479378799e+00
6.2844419434190426088094e+00
6.2844419434190728068756e+00
6.2844419434190443851662e+00
6.2844419434190275097762e+00
6.2844419434190399442741e+00
6.2844419434190292861331e+00
6.2844419434190577078425e+00
6.2844419434190621487346e+00
6.2844419434190861295519e+00
6.2844419434190559314857e+00
6.2844419434190461615231e+00
6.2844419434190808004814e+00
6.2844419434190585960209e+00
6.2844419434190346152036e+00
6.2844419434190372797389e+00
6.2844419434190363915604e+00
6.2844419434190701423404e+00
6.2844419434190434969878e+00
6.2844419434190772477677e+00
6.2844419434190763595893e+00
6.2844419434190568196641e+00
6.2844419434190532669504e+00
6.2844419434190532669504e+00
6.2844419434190621487346e+00
6.2844419434190417206310e+00
6.2844419434190355033820e+00
6.2844419434190745832325e+00
6.2844419434190363915604e+00
6.2844419434190355033820e+00
6.2844419434190683659835e+00
6.2844419434190719186972e+00
6.2844419434190594841994e+00
6.2844419434190710305188e+00
6.2844419434190390560957e+00
6.2844419434190417206310e+00
6.2844419434190603723778e+00
6.2844419434190532669504e+00
6.2844419434190452733446e+00
6.2844419434190550433073e+00
6.2844419434190621487346e+00
6.2844419434190479378799e+00
6.2844419434190479378799e+00
6.2844419434190337270252e+00
6.2844419434190568196641e+00
6.2844419434190390560957e+00
6.2844419434190434969878e+00
6.2844419434190594841994e+00
6.2844419434190497142367e+00
6.2844419434190559314857e+00
6.2844419434190372797389e+00
6.2844419434190577078425e+00
6.2844419434190568196641e+00
6.2844419434190612605562e+00
6.2844419434190372797389e+00
6.2844419434190657014483e+00
6.2844419434190665896267e+00
6.2844419434190674778051e+00
6.2844419434190577078425e+00
6.2844419434190674778051e+00
6.2844419434190665896267e+00
6.2844419434190452733446e+00
6.2844419434190559314857e+00
6.2844419434190443851662e+00
6.2844419434190363915604e+00
6.2844419434190559314857e+00
6.2844419434190248452410e+00
6.2844419434190390560957e+00
6.2844419434190514905936e+00
6.2844419434190728068756e+00
6.2844419434190461615231e+00
6.2844419434190701423404e+00
6.2844419434190506024152e+00
6.2844419434190434969878e+00
6.2844419434190621487346e+00
6.2844419434190497142367e+00
6.2844419434190550433073e+00
6.2844419434190372797389e+00
6.2844419434190506024152e+00
6.2844419434190648132699e+00
6.2844419434190532669504e+00
6.2844419434190577078425e+00
6.2844419434190701423404e+00
6.2844419434190621487346e+00
6.2844419434190239570626e+00
6.2844419434190275097762e+00
6.2844419434190701423404e+00
6.2844419434190683659835e+00
6.2844419434190283979547e+00
6.2844419434190497142367e+00
6.2844419434190674778051e+00
6.2844419434190061934942e+00
6.2844419434190701423404e+00
6.2844419434190763595893e+00
6.2844419434190692541620e+00
6.2844419434190683659835e+00
6.2844419434190479378799e+00
6.2844419434190594841994e+00
6.2844419434190612605562e+00
6.2844419434190497142367e+00
6.2844419434190497142367e+00
6.2844419434190426088094e+00
6.2844419434190514905936e+00
6.2844419434190612605562e+00
6.2844419434190523787720e+00
6.2844419434190372797389e+00
6.2844419434190701423404e+00
6.2844419434190283979547e+00
6.2844419434190337270252e+00
6.2844419434190683659835e+00
6.2844419434190834650167e+00
6.2844419434190470497015e+00
6.2844419434190283979547e+00
6.2844419434190195161705e+00
6.2844419434190799123030e+00
6.2844419434190781359462e+00
6.2844419434190745832325e+00
6.2844419434190479378799e+00
6.2844419434190585960209e+00
6.2844419434190408324525e+00
6.2844419434190577078425e+00
6.2844419434190639250915e+00
6.2844419434190577078425e+00
6.2844419434190657014483e+00
6.2844419434190879059088e+00
6.2844419434190657014483e+00
6.2844419434190701423404e+00
6.2844419434190514905936e+00
6.2844419434190230688841e+00
6.2844419434190568196641e+00
6.2844419434190621487346e+00
6.2844419434190408324525e+00
6.2844419434190736950541e+00
6.2844419434190434969878e+00
6.2844419434190514905936e+00
6.2844419434190514905936e+00
6.2844419434190426088094e+00
6.2844419434190585960209e+00
6.2844419434190443851662e+00
6.2844419434190506024152e+00
6.2844419434190212925273e+00
6.2844419434190292861331e+00
6.2844419434190470497015e+00
6.2844419434190275097762e+00
6.2844419434190808004814e+00
6.2844419434190506024152e+00
6.2844419434190701423404e+00
6.2844419434190719186972e+00
6.2844419434190745832325e+00
6.2844419434190541551288e+00
6.2844419434190221807057e+00
6.2844419434190497142367e+00
6.2844419434190443851662e+00
6.2844419434190417206310e+00
6.2844419434190603723778e+00
6.2844419434190497142367e+00
6.2844419434190568196641e+00
6.2844419434190719186972e+00
6.2844419434190541551288e+00
6.2844419434190541551288e+00
6.2844419434190630369130e+00
6.2844419434190683659835e+00
6.2844419434190559314857e+00
6.2844419434190568196641e+00
6.2844419434190585960209e+00
6.2844419434190683659835e+00
6.2844419434190728068756e+00
6.2844419434190621487346e+00
6.2844419434190603723778e+00
6.2844419434190434969878e+00
6.2844419434190781359462e+00
6.2844419434190816886598e+00
6.2844419434190319506683e+00
6.2844419434190701423404e+00
6.2844419434190674778051e+00
6.2844419434190710305188e+00
6.2844419434190630369130e+00
6.2844419434190541551288e+00
6.2844419434190426088094e+00
6.2844419434190497142367e+00
6.2844419434190417206310e+00
6.2844419434190497142367e+00
6.2844419434190648132699e+00
6.2844419434190674778051e+00
6.2844419434190470497015e+00
6.2844419434190417206310e+00
6.2844419434190594841994e+00
6.2844419434190541551288e+00
6.2844419434190603723778e+00
6.2844419434190736950541e+00
6.2844419434190452733446e+00
6.2844419434190470497015e+00
6.2844419434190585960209e+00
6.2844419434190630369130e+00
6.2844419434190612605562e+00
6.2844419434190621487346e+00
6.2844419434190630369130e+00
6.2844419434190497142367e+00
6.2844419434190594841994e+00
6.2844419434190585960209e+00
6.2844419434190683659835e+00
6.2844419434190452733446e+00
6.2844419434190355033820e+00
6.2844419434190470497015e+00
6.2844419434190745832325e+00
6.2844419434190594841994e+00
6.2844419434190355033820e+00
6.2844419434190363915604e+00
6.2844419434190479378799e+00
6.2844419434190497142367e+00
6.2844419434190177398136e+00
6.2844419434190408324525e+00
6.2844419434190665896267e+00
6.2844419434190692541620e+00
6.2844419434190905704440e+00
6.2844419434190292861331e+00
6.2844419434190585960209e+00
6.2844419434190523787720e+00
6.2844419434190470497015e+00
6.2844419434190674778051e+00
6.2844419434190212925273e+00
6.2844419434190665896267e+00
6.2844419434190434969878e+00
6.2844419434190896822656e+00
6.2844419434190346152036e+00
6.2844419434190488260583e+00
6.2844419434190612605562e+00
6.2844419434190701423404e+00
6.2844419434190630369130e+00
6.2844419434190559314857e+00
6.2844419434190692541620e+00
6.2844419434190763595893e+00
6.2844419434190363915604e+00
6.2844419434190363915604e+00
6.2844419434190053053157e+00
6.2844419434190630369130e+00
6.2844419434190585960209e+00
6.2844419434190523787720e+00
6.2844419434190621487346e+00
6.2844419434190399442741e+00
6.2844419434190612605562e+00
6.2844419434190728068756e+00
6.2844419434190532669504e+00
6.2844419434190852413735e+00
6.2844419434190825768383e+00
6.2844419434190506024152e+00
6.2844419434190434969878e+00
6.2844419434190310624899e+00
6.2844419434190887940872e+00
6.2844419434190461615231e+00
6.2844419434190319506683e+00
6.2844419434190266215978e+00
6.2844419434190514905936e+00
6.2844419434190434969878e+00
6.2844419434190372797389e+00
6.2844419434190452733446e+00
6.2844419434190443851662e+00
6.2844419434190577078425e+00
6.2844419434190710305188e+00
6.2844419434190577078425e+00
6.2844419434190630369130e+00
6.2844419434190426088094e+00
6.2844419434190204043489e+00
6.2844419434190355033820e+00
6.2844419434190426088094e+00
6.2844419434190381679173e+00
6.2844419434190541551288e+00
6.2844419434190603723778e+00
6.2844419434190514905936e+00
6.2844419434190657014483e+00
6.2844419434190426088094e+00
6.2844419434190506024152e+00
6.2844419434190648132699e+00
6.2844419434190639250915e+00
6.2844419434190630369130e+00
6.2844419434190239570626e+00
6.2844419434190301743115e+00
6.2844419434190443851662e+00
6.2844419434190728068756e+00
6.2844419434190141870999e+00
6.2844419434190097462078e+00
6.2844419434190550433073e+00
