6.2844419434119993539412e+00
6.2844418185348933647560e+00
6.2844418924936364945211e+00
6.2844418502777488200195e+00
6.2844418638586443393024e+00
6.2844418696731905171760e+00
6.2844418545872873238523e+00
6.2844418727798938562046e+00
6.2844418556708259160359e+00
6.2844418699397772698489e+00
6.2844418593208732914945e+00
6.2844418665576560201202e+00
6.2844418622258713114093e+00
6.2844418644224111503149e+00
6.2844418637212449141316e+00
6.2844418635390359995085e+00
6.2844418641904749023297e+00
6.2844418633899197246251e+00
6.2844418641676282888398e+00
6.2844418635188912247713e+00
6.2844418640114048102419e+00
6.2844418636766175012554e+00
6.2844418638815486843896e+00
6.2844418637777836877945e+00
6.2844418638136749777345e+00
6.2844418638206214211550e+00
6.2844418637923080694918e+00
6.2844418638286843048490e+00
6.2844418637935879345946e+00
6.2844418638232566465263e+00
6.2844418638009820199386e+00
6.2844418638162249379775e+00
6.2844418638071122273914e+00
6.2844418638116907871449e+00
6.2844418638102776952792e+00
6.2844418638098131779657e+00
6.2844418638112626851466e+00
6.2844418638095156381951e+00
6.2844418638112387043293e+00
6.2844418638098762386335e+00
6.2844418638113159758518e+00
6.2844418638125185694321e+00
6.2844418638126970932944e+00
6.2844418638162906631806e+00
6.2844418638162018453386e+00
6.2844418638172436786249e+00
6.2844418638176682279095e+00
6.2844418638190431281032e+00
6.2844418638201524629494e+00
6.2844418638206782645739e+00
6.2844418638220069794897e+00
6.2844418638223782380692e+00
6.2844418638231909213232e+00
6.2844418638234769147743e+00
6.2844418638233561225093e+00
6.2844418638238117580386e+00
6.2844418638246226649358e+00
6.2844418638258989773249e+00
6.2844418638261405618550e+00
6.2844418638343793048762e+00
6.2844418638364594187351e+00
