1.2566370614326615395839e+01
1.2566370614326608290412e+01
1.2566370614326606514055e+01
1.2566370614326608290412e+01
1.2566370614326606514055e+01
1.2566370614326615395839e+01
1.2566370614326611843126e+01
1.2566370614326606514055e+01
1.2566370614326606514055e+01
1.2566370614326608290412e+01
1.2566370614326611843126e+01
1.2566370614326610066769e+01
1.2566370614326611843126e+01
1.2566370614326608290412e+01
1.2566370614326610066769e+01
1.2566370614326608290412e+01
1.2566370614326610066769e+01
1.2566370614326610066769e+01
1.2566370614326610066769e+01
1.2566370614326613619482e+01
1.2566370614326613619482e+01
1.2566370614326608290412e+01
1.2566370614326610066769e+01
1.2566370614326604737698e+01
1.2566370614326608290412e+01
1.2566370614326602961341e+01
1.2566370614326610066769e+01
1.2566370614326611843126e+01
1.2566370614326611843126e+01
1.2566370614326604737698e+01
1.2566370614326610066769e+01
1.2566370614326611843126e+01
1.2566370614326611843126e+01
1.2566370614326611843126e+01
1.2566370614326606514055e+01
1.2566370614326611843126e+01
1.2566370614326608290412e+01
1.2566370614326610066769e+01
1.2566370614326608290412e+01
1.2566370614326610066769e+01
1.2566370614326608290412e+01
1.2566370614326606514055e+01
1.2566370614326606514055e+01
1.2566370614326611843126e+01
1.2566370614326610066769e+01
1.2566370614326608290412e+01
1.2566370614326611843126e+01
1.2566370614326604737698e+01
1.2566370614326611843126e+01
1.2566370614326611843126e+01
1.2566370614326611843126e+01
1.2566370614326610066769e+01
1.2566370614326610066769e+01
1.2566370614326611843126e+01
1.2566370614326610066769e+01
1.2566370614326602961341e+01
1.2566370614326604737698e+01
1.2566370614326611843126e+01
1.2566370614326606514055e+01
1.2566370614326608290412e+01
1.2566370614326610066769e+01
