1.2566370614295399588123e-03
1.2410009350262414615923e-03
1.1949470546292245611703e-03
1.1209829929011083052975e-03
1.0231056314508959765447e-03
9.0654126866520105473835e-04
7.7740812987686278533184e-04
6.4232521892274116893234e-04
5.0799505118664109795668e-04
3.8078934257695749984393e-04
2.6636610132662669929784e-04
1.6934385356446741955315e-04
9.3054163783084514077228e-05
3.9387562326182330154842e-05
8.7409472312893730802869e-06
6.7039544933969441366159e-08
1.1019116134185546337855e-05
3.8177576899066973552862e-05
7.7339413704808325175123e-05
1.2384772305430149976629e-04
1.7293629893696499757495e-04
2.2006416333381669924590e-04
2.6121659328027412505166e-04
2.9315259382191490022951e-04
3.1358352887116375078136e-04
3.2127334403609340840458e-04
3.1605702413482951061360e-04
2.9878013026475846178678e-04
2.7116798332621781580584e-04
2.3563788519653821500535e-04
1.9507136432374546437980e-04
1.5256557738328624276684e-04
1.1118359274149252203905e-04
7.3722349303152425641431e-05
4.2514767753100101668924e-05
1.9279033275672628956103e-05
5.0237902952247493135467e-06
1.3260434493867581209124e-08
3.7915023027087253008611e-06
1.5260549872636918280772e-05
3.2803326572440806184125e-05
5.4439299632622355131634e-05
7.7998994161405821204207e-05
1.0130281489948106486004e-04
1.2233011520928669356445e-04
1.3936600654061403179763e-04
1.5111583852105565624682e-04
1.5678036153573066059826e-04
1.5608803432840445864216e-04
1.4928446924356554245152e-04
1.3708233757496604077533e-04
1.2057793874950650911577e-04
1.0114287043631730461397e-04
8.0300684728848992764184e-05
5.9599010051212483209376e-05
4.0487361781794613290516e-05
2.4209825536558917389359e-05
1.1720101707533931638221e-05
3.6242184232201878894451e-06
1.5375113200341088308463e-07
1.1698401663882636160281e-06
6.1958766293039959673072e-06
1.4474613836572348718641e-05
2.5043803756692794502655e-05
3.6823358548657171009869e-05
4.8706549749845097713533e-05
5.9647884154563975036677e-05
6.8740989932835881736674e-05
7.5281021232036920975972e-05
7.8807624121554411557831e-05
7.9126259933431550806782e-05
7.6307503747368945644022e-05
7.0665679437260293959712e-05
6.2719726607541177688596e-05
5.3140411421063622472542e-05
4.2688816445843070232838e-05
3.2151433234008954236555e-05
2.2277130790312364374715e-05
1.3720813392369581092014e-05
6.9977725948300156845754e-06
2.4516645965267114179985e-06
2.3780513361522574197349e-07
3.2217636436246634506038e-07
2.4952887823596237471414e-06
6.3989311352803965131635e-06
1.1562951039797621317277e-05
1.7448595018324033762824e-05
2.3494630613817108432360e-05
2.9162480668055227033420e-05
3.3976901525965358613970e-05
3.7559291732802402546520e-05
3.9651467258140698298081e-05
4.0128613216729049192801e-05
3.9001044726758783589941e-05
3.6405305929193105759795e-05
3.2585937807460933768322e-05
2.7869895300569484040661e-05
2.2636050569486025537411e-05
1.7282458031445672346285e-05
1.2194072238251703617471e-05
7.7134139402595790500948e-06
4.1163006268215722232781e-06
1.5942360058111089837361e-06
2.4443755849221261205998e-07
6.7826136566687175417592e-08
9.7466012479259852740370e-07
2.7969182864783448204784e-06
5.3060614849200111331094e-06
8.2344648422527493838389e-06
1.1298626956943109004888e-05
1.4222236840604852447264e-05
1.6757304801064442690856e-05
1.8701821737651783171888e-05
1.9912774133765861182301e-05
2.0313774834282744035296e-05
1.9897034490080726265191e-05
1.8719857113150509156201e-05
1.6896260055304963159685e-05
1.4584663824390426653836e-05
1.1972847802843308045897e-05
9.2615101922909226657681e-06
6.6477997237438940446547e-06
4.3101073125848388581491e-06
2.3952305732423630217273e-06
1.0087723555094184978002e-06
2.0933045186695905708681e-07
6.7062210048857604209790e-09
3.6403232688513813216874e-07
1.2034195840627205516092e-06
2.4144718525071578953036e-06
3.8648327193850836593862e-06
5.4118188826615641753371e-06
6.9141666540572308048587e-06
8.2429672605562964384949e-06
9.2909851515554754084478e-06
9.9797279199438942190155e-06
1.0263849756855330014782e-05
1.0132703596336545151611e-05
9.6090908570065079773777e-06
8.7454736627231661533948e-06
7.6180968161370002215711e-06
6.3196033636702622992925e-06
4.9508104009729618928118e-06
3.6123375629814661911068e-06
2.3967508144737816910862e-06
1.3818043547715004420973e-06
6.2524289287466317630325e-07
1.6147708472382837633997e-07
2.7995428976144817610887e-10
1.2748545520572870143975e-07
5.0751508811681707017941e-07
1.0874261148397023295622e-06
1.8020743761998575111887e-06
2.5799219773395018774609e-06
3.3489977944174181307020e-06
4.0425362078230758829263e-06
4.6038729398936378299826e-06
4.9902600414038615988751e-06
5.1753666613479481226415e-06
5.1503487999764648120411e-06
4.9234899670509542032350e-06
4.5185261457177616322952e-06
3.9718644245414011715299e-06
3.3289785399109004912401e-06
2.6403119192605923160435e-06
1.9570375203393559253653e-06
1.3270140751895215914342e-06
7.9124272263558113518479e-07
3.8107078175433052266187e-07
1.1631634173176466742048e-07
4.4050736047116107177922e-09
4.0526179548796467312383e-08
2.0873441568183972945382e-07
4.8385562957824474233963e-07
8.3399904298744855949088e-07
1.2234439024299389108755e-06
1.6156527828877566750371e-06
1.9761687484286871377285e-06
2.2751771525305513294111e-06
2.4895521432065371190761e-06
2.6042589185963082769944e-06
2.6130407767060895371113e-06
2.5183800720889503433589e-06
2.3307795189932725655677e-06
2.0674605538699981872397e-06
1.7506151878838097938273e-06
1.4053744738330776199551e-06
1.0576690763936580367335e-06
7.3215536280715391818523e-07
4.5036494842873643964308e-07
2.2920874817692298477793e-07
7.9931081859787535171459e-08
7.5685451083342933933468e-09
1.0925694355040076694292e-08
8.3038542928217653436705e-08
2.1206053345660301869508e-07
3.8247659196681308361982e-07
5.7653091421682213902846e-07
7.7574429699522866998575e-07
9.6239726860512322721578e-07
1.1208653437059351503860e-06
1.2387110657821547807797e-06
1.3074621800180428633363e-06
1.3230339946072880455094e-06
1.2857842579930101820909e-06
1.2002182474723735229355e-06
1.0743879945836396911090e-06
9.1905080570917269306325e-07
7.4666711485138300567527e-07
5.7032544992526454710329e-07
4.0268272678024423264520e-07
2.5500161065476547862075e-07
1.3635422193051872366963e-07
5.3044342269898212578269e-08
8.2801134879545050732555e-09
2.1077694122348857913565e-09
3.1595951433781422486270e-08
9.1241240529583368617040e-08
1.7355004392689085560095e-07
2.6974090660770138882046e-07
3.7050527446527526014491e-07
4.6676388760157089587380e-07
5.5036008364545593677801e-07
6.1463972594520873617033e-07
6.5487932223794873442169e-07
6.6853803750688617044704e-07
6.5532449033566973668898e-07
6.1708420841298614225304e-07
5.5752724953272423636069e-07
4.8182678745074727143190e-07
3.9612767746875764634414e-07
3.0700869820967716563573e-07
2.2094316057955420303255e-07
1.4380002601745461496026e-07
8.0421994805219624236219e-08
3.4308842048744948449525e-08
7.4243820473958478584745e-09
1.3470503541652276743473e-10
1.1274641272535262595424e-08
3.8329596177398838343996e-08
7.7711678959811517513714e-08
1.2510296125058619678074e-07
1.7583509800806345986968e-07
2.2527355235342677252713e-07
2.6917620970732872434173e-07
3.0399997214590960440829e-07
3.2713455909547883675837e-07
3.3704965683643506962243e-07
3.3334914039007165000670e-07
3.1673370745476024181551e-07
2.8888031879054095053033e-07
2.5225281777542038813333e-07
2.0986260160923211316676e-07
1.6500097687452366815395e-07
1.2096574152955669988546e-07
8.0803634493127595960650e-08
4.7087761319475368175133e-08
2.1745235446290690797013e-08
5.9454504427068677744425e-09
5.4052772991460731632929e-11
3.6522643628871394538641e-09
1.5616136434868607062927e-08
3.4245974020361347953688e-08
5.7432848964536017937344e-08
8.2847015523715020616819e-08
1.0813224737134514788539e-07
1.3109061174507554916519e-07
1.4984386883134052294189e-07
1.6296033212825075212838e-07
1.6953938325146693619582e-07
1.6924959884559228422119e-07
1.6232030031798515817578e-07
1.4948997370743705229225e-07
1.3191815728195110692812e-07
1.1106984221546638548909e-07
8.8583028585014808297199e-08
6.6130751948141835911451e-08
4.5288647694921909715381e-08
2.7418026113849684632777e-08
1.3572626380899791047404e-08
4.4348856287521599421509e-09
2.8491316663770701593937e-10
1.0026241717418688307308e-09
6.1008804003409682447665e-09
1.4785202390175704616217e-08
2.6033816656375850596371e-08
3.8690593527216492041415e-08
5.1562874952464391632361e-08
6.3516290942542269020386e-08
7.3559371218885198096535e-08
8.0911983521441537137339e-08
8.5053245522747312503442e-08
8.5746414470249106359881e-08
8.3040198367455688701751e-08
7.7247799149405550880151e-08
6.8906651028539545110470e-08
5.8723140319981949801483e-08
4.7507503633267614288197e-08
3.6104553211072501923911e-08
2.5325863883867803457292e-08
1.5888604661696325330569e-08
8.3653708408969343254207e-09
3.1482563651234954628268e-09
4.2910529175695606197105e-10
1.9650769846929107605271e-10
2.2487703439215960192937e-09
6.2208972848626620620409e-09
1.1622644944914691518888e-08
1.7884031724180956003677e-08
2.4404320163830995852393e-08
3.0600458649319691099043e-08
3.5951252236098552138271e-08
4.0034087567373542708951e-08
4.2551805527876792650537e-08
4.3348224750598931824585e-08
4.2411790167674806200355e-08
3.9867774532327091147868e-08
3.5960324012490020059731e-08
3.1026350133407101981465e-08
2.5463783399748185727280e-08
1.9696990800225970523558e-08
1.4142211652713733731062e-08
9.1756936552507668638985e-09
5.1068406531589385667616e-09
2.1581560525552104421809e-09
4.5313147363657698407164e-10
1.2544682642046430343377e-11
7.5895046290414720503405e-10
2.5285253028090337111998e-09
5.0889064760744559898042e-09
8.1612824964785036778551e-09
1.1444766565400867305989e-08
1.4641025533657112305744e-08
1.7477238570616895130766e-08
1.9725704765084609678386e-08
2.1218779483178836035746e-08
2.1858260790884138780716e-08
2.1618830231788053338385e-08
2.0545637104308865805410e-08
1.8746564112379592391708e-08
1.6380092413615698713279e-08
1.3639970274138435228001e-08
1.0738065158713727391704e-08
7.8868372125353207904458e-09
5.2828153035778761788830e-09
3.0922962869777851813651e-09
1.4402427486649933878296e-09
4.0304815091185330010575e-10
5.4985523608859222104078e-12
2.2191517161483903770906e-10
9.8113907784512504345155e-10
2.1747419159025063977312e-09
3.6676335652832937871478e-09
5.3101016265075041959161e-09
6.9502645255572820640264e-09
8.4459489970619870914721e-09
9.6751065145238669667157e-09
1.0544049433578646729670e-08
1.0992999495409362079801e-08
1.0998679844967745274063e-08
1.0573926681193247118941e-08
9.7645288541211044223689e-09
8.6437058008684883892030e-09
7.3047924601689034145829e-09
5.8528045369181875151575e-09
4.3956038133316736251099e-09
3.0353710778943553851477e-09
1.8610280891308495922466e-09
9.4213815060592432101401e-10
3.2466879469547127081705e-10
2.8833061546495917941368e-11
4.9052111005625989835871e-11
3.5591527117814188904378e-10
8.9986655543633433366723e-10
1.6162293742315973099257e-09
2.4311009216671783621558e-09
3.2676085031073928800525e-09
4.0520224539146299623034e-09
4.7192616298722974988501e-09
5.2174021534349010543583e-09
5.5109004310421877226700e-09
5.5823581204577117527083e-09
5.4327797085366650535418e-09
5.0803928077665014790947e-09
4.5582081306248181788027e-09
3.9105829150834470268537e-09
3.1891127825556695653738e-09
2.4482094685794141640540e-09
1.7407247601574617600865e-09
1.1139558721001618972553e-09
6.0631799657138249121787e-10
2.4490117075882322646625e-10
4.4047343828863256364505e-11
4.9966377724141121660070e-12
1.1656633065993418483517e-10
3.5674854321625626543539e-10
6.9504851072866244448212e-10
1.0953388006186069113577e-09
1.5189784339185585619163e-09
1.9279404187969411475628e-09
2.2877058674977858427965e-09
2.5697153152665597892635e-09
2.7532145221849811699988e-09
2.8263884501632814407425e-09
2.7867383670241058830045e-09
2.6407180822719641365038e-09
2.4027014982560311759390e-09
2.0934009206572845308776e-09
1.7378907863928937398514e-09
1.3634126669408125592644e-09
9.9714377660981082373501e-10
6.6410316132229321428424e-10
3.8534874518770616253272e-10
1.7658686932442122157471e-10
4.7276916969733372069077e-11
2.7055513393604848821112e-13
3.1981574751845906977415e-11
1.3304168195035320303746e-10
2.8936281840066745214889e-10
4.8350001270031092472150e-10
6.9619193243616629394666e-10
9.0794993944825667011616e-10
1.1005704089306062441313e-09
1.2584584380610236009961e-09
1.3696722471097601954194e-09
1.4266244755866926984331e-09
1.4264067751093541505537e-09
1.3707350949461827317069e-09
1.2655423934624585705457e-09
1.1202710462070917449919e-09
9.4693721842881867422383e-10
7.5905271155435649053572e-10
5.7049567134267976648218e-10
3.9442004758474452282785e-10
2.4228537219502487864757e-10
1.2307432390042899615130e-10
4.2747101477460832357181e-11
3.9605106192044818341565e-12
6.0576650702647908110847e-12
4.5313052736869731825059e-11
1.1539899740921667240482e-10
2.0802455230611843880842e-10
3.1368751614052021982576e-10
4.2247509544240420284573e-10
5.2484881946880365472977e-10
6.1235434867381068982437e-10
6.7820610252914119697680e-10
7.1770921583701590791410e-10
7.2849604546129875219532e-10
7.1057003699991355680344e-10
6.6616497628950657757854e-10
5.9944134506655820359891e-10
5.1605271525464371401448e-10
4.2262314256709486669691e-10
3.2618091981989534747971e-10
2.3359471699566817827822e-10
1.5105522759210318232935e-10
8.3639397023785257732467e-11
3.4985784512766291742976e-11
7.0993972120419138264979e-12
2.9332249243571490054584e-13
1.3263564283058196148027e-11
4.3283488578328018786154e-11
8.6495918323059854639141e-11
1.3827473075475571020416e-10
1.9362414593840867603200e-10
2.4758288463902392959228e-10
2.9560193991699671741999e-10
3.3386856849491633265021e-10
3.5955485026471067876184e-10
3.7097621123401964289888e-10
3.6765306807697593369842e-10
3.5027657204327624431862e-10
3.2058671147324811920940e-10
2.8117726405517762810526e-10
2.3524682456571731624579e-10
1.8631813941525487904102e-10
1.3794908911476103167412e-10
9.3457928732950173693096e-11
5.5682974339860175954524e-11
2.6793100097651567862999e-11
8.1605634601776784088674e-12
3.0222958375676360267143e-13
2.8896804689018214988151e-12
1.4823396898084769773155e-11
3.4361585887177982433402e-11
5.9290601785940037571879e-11
8.7121496170134136418657e-11
1.1529614178183752514001e-10
1.4138661522728488861760e-10
1.6327299505506378389913e-10
1.7928725035556737106846e-10
1.8831420930106560612040e-10
1.8984440153556466760481e-10
1.8397754941746189402634e-10
1.7137932469018477332559e-10
1.5319740067725784550773e-10
1.3094558661966963368704e-10
1.0636675263462064570399e-10
8.1286246765234751852645e-11
5.7467548078640916574748e-11
3.6481041931721778832390e-11
1.9595167442156320568498e-11
7.6969408638340559404079e-12
1.2462070115218541699261e-12
2.6514704054802585004662e-13
4.3617909273329416127765e-12
1.2783764103388506594647e-11
2.4496411584624081560979e-11
3.8277925894901288498954e-11
5.2823238257106113154100e-11
6.6848243498570041722234e-11
7.9186395650059471613160e-11
8.8870753555636773389636e-11
9.5196068333413935123311e-11
9.7757338546935241224611e-11
9.6463258826283447059983e-11
9.1524991477969362918293e-11
8.3422545219746988983530e-11
7.2852617370953880285276e-11
6.0662942982057986942282e-11
4.7778931208949233668985e-11
3.5128618833898737077972e-11
2.3571751683457220357925e-11
1.3838153315245561746306e-11
6.4795357986466405038568e-12
1.8376437649654085687001e-12
3.0214037089741482706835e-14
9.5479177396385816476106e-13
4.3090843453274446719523e-12
9.6253521281374649549333e-12
1.6315412907055585573068e-11
2.3722226701256069820661e-11
3.1173760386939994345829e-11
3.8034905815743552440782e-11
4.3753616726358092074604e-11
4.7898089230437389648300e-11
5.0182674154553605689298e-11
5.0481199053270809941822e-11
4.8827408284276072923126e-11
4.5403227225220085585389e-11
4.0516438226796546582095e-11
3.4570070881224146001335e-11
2.8026304730175518179274e-11
2.1367940122215631296738e-11
1.5060500386550698082371e-11
9.5178078608545202537328e-12
5.0734475792271035311056e-12
1.9599489125860111553739e-12
2.9682502007779710538408e-13
8.7872655812038727671562e-14
1.2274096550595187956638e-12
3.5144678657754446330990e-12
6.6734121420305711659692e-12
1.0379055823655507595915e-11
1.4284112388527246011365e-11
1.8046768411655359884229e-11
2.1356280611590518858920e-11
2.3954768006594062284089e-11
2.5653763213956770649216e-11
2.6344564909095401529496e-11
2.6001958680504755758887e-11
2.4681398731699711705546e-11
2.2510234914079675366390e-11
1.9673985975437403615611e-11
1.6398978770645106285611e-11
1.2932874388578523674160e-11
9.5246747201059806015786e-12
6.4057533551538075315215e-12
3.7732894885913174737148e-12
1.7772235769525077515100e-12
5.1152428447617470516164e-13
1.0184984690498403140293e-14
2.4798706898844184009840e-13
1.1457042743196906964583e-12
2.5791047639873589010393e-12
4.3908567203816340107042e-12
6.4042735262341835124650e-12
8.4377558071568577225911e-12
1.0318798573043102313452e-11
1.1896528361464671445092e-11
1.3051904427229320697818e-11
1.3704943116714591994770e-11
1.3818585330786148293878e-11
1.3399102006427098514748e-11
1.2493200552568697547344e-11
1.1182234216668233093041e-11
9.5741139865597551115317e-12
7.7936620751692809368106e-12
5.9722225787518198841592e-12
4.2373559067703191127502e-12
2.7033906685384873700274e-12
1.4634995583551763961662e-12
5.8381295074361679130334e-13
9.9902121224742507647317e-14
1.5766239804387770987992e-14
3.0526110164523637149802e-13
9.1572657822567785722417e-13
1.7734173220770444174274e-12
2.7902271200148375825004e-12
3.8711277168294937974791e-12
