1.7830593323193649979430e+01
1.7830593323193646426716e+01
1.7830593323193593136011e+01
1.7830593323193586030584e+01
1.7830593323193582477870e+01
1.7830593323193618005007e+01
1.7830593323193564714302e+01
1.7830593323193433263896e+01
1.7830593323193220101075e+01
1.7830593323193134835947e+01
1.7830593323192424293211e+01
1.7830593323192420740497e+01
1.7830593323191180843423e+01
1.7830593323191330057398e+01
1.7830593323189759757952e+01
1.7830593323189535936990e+01
1.7830593323188246301925e+01
1.7830593323187368781646e+01
1.7830593323186672449765e+01
1.7830593323185194520875e+01
1.7830593323185045306900e+01
1.7830593323183229870210e+01
1.7830593323183357767903e+01
1.7830593323181769704888e+01
1.7830593323181695097901e+01
1.7830593323180615072943e+01
1.7830593323180330855848e+01
1.7830593323179730447237e+01
1.7830593323179243725463e+01
1.7830593323179044773497e+01
1.7830593323178373310611e+01
1.7830593323178430154030e+01
1.7830593323177819087277e+01
1.7830593323178007381102e+01
1.7830593323176024966870e+01
1.7830593323187731158441e+01
1.7830593323142714723417e+01
1.7830593323247317272262e+01
1.7830593323073880895890e+01
1.7830593323211097356307e+01
1.7830593323092429614007e+01
1.7830593322999757077696e+01
1.7830593323225283342026e+01
1.7830593322863787619781e+01
1.7830593323178998588219e+01
1.7830593322946945988861e+01
1.7830593323101666669572e+01
1.7830593323000410777013e+01
1.7830593323043853359877e+01
1.7830593323063272492845e+01
1.7830593323044439557634e+01
1.7830593323049683363024e+01
1.7830593323046102227636e+01
1.7830593323057449595126e+01
1.7830593323057726706793e+01
1.7830593323043416376095e+01
1.7830593322912644538292e+01
1.7830593322894873864470e+01
1.7830593322580362780627e+01
1.7830593322187031191106e+01
1.7830593322567892755615e+01
