1.2566370614326597632271e+01
1.2566370614326615395839e+01
1.2566370614326597632271e+01
1.2566370614326595855914e+01
1.2566370614326606514055e+01
1.2566370614326624277624e+01
1.2566370614326592303200e+01
1.2566370614326590526844e+01
1.2566370614326604737698e+01
1.2566370614326615395839e+01
1.2566370614326594079557e+01
1.2566370614326606514055e+01
1.2566370614326613619482e+01
1.2566370614326610066769e+01
1.2566370614326615395839e+01
1.2566370614326610066769e+01
1.2566370614326595855914e+01
1.2566370614326624277624e+01
1.2566370614326606514055e+01
1.2566370614326581645059e+01
1.2566370614326618948553e+01
1.2566370614326590526844e+01
1.2566370614326597632271e+01
1.2566370614326618948553e+01
1.2566370614326590526844e+01
1.2566370614326604737698e+01
1.2566370614326599408628e+01
1.2566370614326601184985e+01
1.2566370614326590526844e+01
1.2566370614326594079557e+01
1.2566370614326617172196e+01
1.2566370614326595855914e+01
1.2566370614326599408628e+01
1.2566370614326620724910e+01
1.2566370614326622501267e+01
1.2566370614326586974130e+01
1.2566370614326604737698e+01
1.2566370614326613619482e+01
1.2566370614326606514055e+01
1.2566370614326622501267e+01
1.2566370614326592303200e+01
1.2566370614326610066769e+01
1.2566370614326590526844e+01
1.2566370614326588750487e+01
1.2566370614326629606694e+01
1.2566370614326611843126e+01
1.2566370614326581645059e+01
1.2566370614326606514055e+01
1.2566370614326579868703e+01
1.2566370614326601184985e+01
1.2566370614326604737698e+01
1.2566370614326615395839e+01
1.2566370614326608290412e+01
1.2566370614326618948553e+01
1.2566370614326576315989e+01
1.2566370614326604737698e+01
1.2566370614326595855914e+01
1.2566370614326585197773e+01
1.2566370614326604737698e+01
1.2566370614326590526844e+01
1.2566370614326595855914e+01
