3.5450849471961189962599e+00
3.5450849471961229930628e+00
3.5450849471961243253304e+00
3.5450849471961158876354e+00
3.5450849471961198844383e+00
3.5450849471961172199030e+00
3.5450849471961167758138e+00
3.5450849471961243253304e+00
3.5450849471961221048844e+00
3.5450849471961158876354e+00
3.5450849471961203285275e+00
3.5450849471961158876354e+00
3.5450849471961252135088e+00
3.5450849471961181080815e+00
3.5450849471961229930628e+00
3.5450849471961132231002e+00
3.5450849471961221048844e+00
3.5450849471961141112786e+00
3.5450849471961198844383e+00
3.5450849471961221048844e+00
3.5450849471961243253304e+00
3.5450849471961203285275e+00
3.5450849471961189962599e+00
3.5450849471961203285275e+00
3.5450849471961221048844e+00
3.5450849471961234371520e+00
3.5450849471961221048844e+00
3.5450849471961212167059e+00
3.5450849471961212167059e+00
3.5450849471961221048844e+00
3.5450849471961158876354e+00
3.5450849471961234371520e+00
3.5450849471961229930628e+00
3.5450849471961221048844e+00
3.5450849471961274339549e+00
3.5450849471961189962599e+00
3.5450849471961189962599e+00
3.5450849471961167758138e+00
3.5450849471961198844383e+00
3.5450849471961212167059e+00
3.5450849471961172199030e+00
3.5450849471961198844383e+00
3.5450849471961221048844e+00
3.5450849471961203285275e+00
3.5450849471961167758138e+00
3.5450849471961198844383e+00
3.5450849471961181080815e+00
3.5450849471961149994570e+00
3.5450849471961172199030e+00
3.5450849471961252135088e+00
3.5450849471961243253304e+00
3.5450849471961181080815e+00
3.5450849471961181080815e+00
3.5450849471961167758138e+00
3.5450849471961198844383e+00
3.5450849471961198844383e+00
3.5450849471961149994570e+00
3.5450849471961234371520e+00
3.5450849471961212167059e+00
3.5450849471961221048844e+00
3.5450849471961149994570e+00
