1.2566370614294562584046e-03
2.6637381465143976410140e-04
1.7292393554728814186044e-04
1.9506815789791702789313e-04
3.2798129354335558700677e-05
1.3707292368090876941676e-04
1.1693676272231120413781e-06
7.9117775818578835352046e-05
2.4516451708787603815337e-06
3.7554059503252226390451e-05
7.7124777326063955097549e-06
1.4219881159693939317212e-05
9.2599527260960731240213e-06
3.8641241881243580482178e-06
7.6165656390620879701535e-06
5.0742777628800133073931e-07
4.9223733684807755164132e-06
4.4013092524244954739904e-09
2.6036164173992062999545e-06
2.2912796369944326316792e-07
1.1205750060398093663689e-06
4.0254343519664348623007e-07
3.7040984871255060884986e-07
3.9598718218670187324237e-07
7.7694864326576932558711e-08
2.8877495169710194580814e-07
3.6528068071870598097777e-09
1.6918664894492505961416e-07
4.4314605356329775501642e-09
8.0881862116679329386154e-08
1.5879630328002528926765e-08
3.0589507808497953885618e-08
1.9686595753260079805939e-08
8.1587952587282747110649e-09
1.6371645252566975897991e-08
9.8106628104180397304528e-10
1.0568551093546213825659e-08
2.8761015695852520555189e-11
5.5081622508129241812769e-09
6.0579553868141082610095e-10
2.2866278120041419473131e-09
9.9641338466030851949242e-10
6.9590854019771481799025e-10
9.4628885236533505091518e-10
1.1537591203780296705139e-10
6.6572496770302786669113e-10
2.9514311548426961135596e-13
3.7074126543901639468062e-10
2.6760336039426613896504e-11
1.6317680027679752256551e-10
5.7413460571734630548716e-11
5.2796385026476689576937e-11
6.0610855309719292026099e-11
9.6229103650436571707769e-12
4.5366288587456746838252e-11
8.8200679769512636719141e-14
2.6324652973854294487116e-11
1.7745189644142393233650e-12
1.1888816513748165693735e-11
4.2323503517085528995965e-12
3.8689007220727538390714e-12
