6.2844419434119416223439e+00
6.2844418185347992178436e+00
6.2844418924935689929612e+00
6.2844418502776635548912e+00
6.2844418638585777259209e+00
6.2844418696731310092218e+00
6.2844418545872180459355e+00
6.2844418727798192492173e+00
6.2844418556707477563350e+00
6.2844418699397017746833e+00
6.2844418593208128953620e+00
6.2844418665575956239877e+00
6.2844418622258038098494e+00
6.2844418644223232206514e+00
6.2844418637211578726465e+00
6.2844418635389605043429e+00
6.2844418641904047362345e+00
6.2844418633898495585299e+00
6.2844418641675634518151e+00
6.2844418635188059596430e+00
6.2844418640113346441467e+00
6.2844418636765349006623e+00
6.2844418638814758537592e+00
6.2844418637777117453425e+00
6.2844418638135763899299e+00
6.2844418638205485905246e+00
6.2844418637922405679319e+00
6.2844418638286008160776e+00
6.2844418637935106630721e+00
6.2844418638231944740369e+00
6.2844418638009074129513e+00
6.2844418638161494428118e+00
6.2844418638070171923005e+00
6.2844418638116206210498e+00
6.2844418638102048646488e+00
6.2844418638097332419079e+00
6.2844418638111987363004e+00
6.2844418638098664686709e+00
6.2844418638077668148867e+00
6.2844418638035639546047e+00
6.2844418638146395394983e+00
6.2844418637981815933813e+00
6.2844418638069612370600e+00
6.2844418637917360825895e+00
6.2844418637999819310380e+00
6.2844418638059327264500e+00
6.2844418638086576578416e+00
6.2844418638108896502104e+00
6.2844418638126748888340e+00
6.2844418638140586708118e+00
6.2844418638137389265808e+00
6.2844418638141119615170e+00
6.2844418638154859735323e+00
6.2844418638159957879452e+00
6.2844418638156689382868e+00
6.2844418638136740895561e+00
6.2844418638361743134624e+00
6.2844418638367391949373e+00
6.2844418638513941388624e+00
6.2844418638449663916390e+00
6.2844418638674524046905e+00
