6.2844419434120082357254e+00
6.2844418185348667194035e+00
6.2844418924936542580895e+00
6.2844418502777577018037e+00
6.2844418638586452274808e+00
6.2844418696731985107817e+00
6.2844418545873024228854e+00
6.2844418727798849744204e+00
6.2844418556708072642891e+00
6.2844418699397879279900e+00
6.2844418593208857259924e+00
6.2844418665576613491908e+00
6.2844418622258562123761e+00
6.2844418644224102621365e+00
6.2844418637212342559906e+00
6.2844418635390404404006e+00
6.2844418641904802314002e+00
6.2844418633899303827661e+00
6.2844418641676149661635e+00
6.2844418635188645794187e+00
6.2844418640114190210966e+00
6.2844418636766139485417e+00
6.2844418638815824351695e+00
6.2844418637777819114376e+00
6.2844418638136501087388e+00
6.2844418638206116511924e+00
6.2844418637923213921681e+00
6.2844418638286825284922e+00
6.2844418637935781646320e+00
6.2844418638232752982731e+00
6.2844418638009686972623e+00
6.2844418638162347079401e+00
6.2844418638070989047151e+00
6.2844418638116827935391e+00
6.2844418638102830243497e+00
6.2844418638098078488952e+00
6.2844418638112591324330e+00
6.2844418638095236318009e+00
6.2844418638112342634372e+00
6.2844418638098842322393e+00
6.2844418638113204167439e+00
6.2844418638125310039300e+00
6.2844418638126882115102e+00
6.2844418638162800050395e+00
6.2844418638161965162681e+00
6.2844418638172463431601e+00
6.2844418638176646751958e+00
6.2844418638190449044600e+00
6.2844418638201711146962e+00
6.2844418638206844818228e+00
6.2844418638220087558466e+00
6.2844418638223666917497e+00
6.2844418638231704932195e+00
6.2844418638234653684549e+00
6.2844418638233481289035e+00
6.2844418638238028762544e+00
6.2844418638246102304379e+00
6.2844418638259069709306e+00
6.2844418638261432263903e+00
6.2844418638343757521625e+00
6.2844418638364576423783e+00
