8.8622704260675888576770e+00
8.8622704260675906340339e+00
8.8622704260675888576770e+00
8.8622704260675906340339e+00
8.8622704260675906340339e+00
8.8622704260675906340339e+00
8.8622704260675888576770e+00
8.8622704260675888576770e+00
8.8622704260675888576770e+00
8.8622704260675888576770e+00
8.8622704260675906340339e+00
8.8622704260675906340339e+00
8.8622704260675888576770e+00
8.8622704260675906340339e+00
8.8622704260675888576770e+00
8.8622704260675906340339e+00
8.8622704260675924103907e+00
8.8622704260675888576770e+00
8.8622704260675888576770e+00
8.8622704260675888576770e+00
8.8622704260675888576770e+00
8.8622704260675888576770e+00
8.8622704260675906340339e+00
8.8622704260675888576770e+00
8.8622704260675888576770e+00
8.8622704260675906340339e+00
8.8622704260675906340339e+00
8.8622704260675888576770e+00
8.8622704260675924103907e+00
8.8622704260675924103907e+00
8.8622704260675906340339e+00
8.8622704260675888576770e+00
8.8622704260675906340339e+00
8.8622704260675906340339e+00
8.8622704260675906340339e+00
8.8622704260675906340339e+00
8.8622704260675906340339e+00
8.8622704260675906340339e+00
8.8622704260675906340339e+00
8.8622704260675906340339e+00
8.8622704260675906340339e+00
8.8622704260675906340339e+00
8.8622704260675906340339e+00
8.8622704260675906340339e+00
8.8622704260675906340339e+00
8.8622704260675906340339e+00
8.8622704260675906340339e+00
8.8622704260675888576770e+00
8.8622704260675906340339e+00
8.8622704260675888576770e+00
8.8622704260675906340339e+00
8.8622704260675888576770e+00
8.8622704260675888576770e+00
8.8622704260675888576770e+00
8.8622704260675906340339e+00
8.8622704260675906340339e+00
8.8622704260675906340339e+00
8.8622704260675888576770e+00
8.8622704260675586596108e+00
8.8622704260654643348971e+00
8.8622704260109514962096e+00
8.8622704254209150320776e+00
8.8622704220378789585766e+00
8.8622704099237754604701e+00
8.8622703862363163551663e+00
8.8622703110787668379089e+00
8.8622701218757207186627e+00
8.8622692371192677285308e+00
8.8622649855392996443015e+00
8.8622540904469708777924e+00
8.8622238066511620502297e+00
8.8621365781558711915977e+00
8.8619140350992253729601e+00
8.8613544272222544151418e+00
8.8599241916634650095830e+00
8.8578455082701061940043e+00
8.8501581301811391710999e+00
8.8406621035759034299417e+00
8.8338045285500079728536e+00
8.8269735578095165351442e+00
8.8178599313902079614991e+00
8.8069977283115914445943e+00
8.7947177543073067340629e+00
8.7822578086288061172127e+00
8.7689401404050997257400e+00
8.7552801572876735036743e+00
8.7409348753674116494494e+00
8.7261541592315978732586e+00
8.7102467185904437485533e+00
8.6951301806276664052575e+00
8.6792880874143758518358e+00
8.6639424247898002562351e+00
8.6423919998000666709004e+00
8.5934286421200880567994e+00
8.5456959187529619725865e+00
8.5205746375179813867362e+00
8.4967734592546708682903e+00
8.4736677954192973771796e+00
8.4583484075846229188755e+00
8.4437360302183481763905e+00
8.4263975662136836319860e+00
