1.2566370624269578189225e-03
2.1412568182552717721730e-04
2.4569209576967045161044e-04
1.6829143555495925158559e-04
8.0839942068919201536951e-05
1.3445323297445765952686e-04
1.9875672402473227749417e-05
9.4174520909037391105077e-05
2.0313905742582036456927e-06
5.8660556283886966652194e-05
2.1510312483805269436806e-07
3.2754515085141489179592e-05
2.2757186053846847981902e-06
1.6329622153522696092337e-05
3.8543153408551456662974e-06
7.1314872202570508318226e-06
4.1291712906481632000023e-06
2.6077824433332826793079e-06
3.5007972129268675551424e-06
7.1376963077811675796835e-07
2.5368105241888380126753e-06
9.9735641757988206898820e-08
1.6227766326041452850880e-06
4.7908742795741528003748e-10
9.2679892600100286963383e-07
4.6534822423261121945558e-08
4.7290150474339397529424e-07
1.0748568173427803359945e-07
3.0269253002517629254215e-07
3.4175425971953282718025e-07
3.2951927576126484522462e-07
3.4904874164024219255543e-07
2.7761423416516222850922e-07
3.2987034342543558750844e-07
2.6843084964051931164833e-07
3.2757179354612307016641e-07
3.0399024001901078899729e-07
3.6006585875840490291609e-07
3.4274040426146937655098e-07
3.4979866014016164395007e-07
3.3690537860578100300582e-07
3.4869450771636082866861e-07
3.5870366001889258473890e-07
3.5346907534140545139499e-07
3.3669133476898473849223e-07
3.3010170161250948315531e-07
3.5773509183702081206090e-07
3.8048135804057555736299e-07
3.6239308921765500208490e-07
3.1788298544454286239633e-07
3.1972728533898207238227e-07
3.8496161984582579032552e-07
4.3297887919782799908373e-07
3.6890768655417496800971e-07
2.7779119337551420437896e-07
3.4814068505212560280737e-07
5.0164213738978312870186e-07
4.1120521010825999827230e-07
2.8057079871005227454919e-07
3.3023908876952577800298e-07
5.1309039433561001510866e-07
