1.2566370623806925269778e-03
1.1209830248884900157080e-03
7.7740822687698773151010e-04
3.8078947672744769539430e-04
9.3054261514924645117691e-05
6.7036388916238619604773e-08
7.7339305489908407144697e-05
2.2006397965462285554704e-04
3.1359933251804718561812e-04
2.9889159664526977928933e-04
1.9532428712885929224241e-04
7.4020575863027930174458e-05
5.3880354161102994185522e-06
1.5666771739786312277664e-05
7.7989030417016129621312e-05
1.3919757512629302772383e-04
1.5573472206735215522984e-04
1.2028290714305022324898e-04
5.9602899497948743853803e-05
1.2154079365709771919546e-05
1.7741044010585383023694e-06
2.5970944185766904800270e-05
6.0471835687580548419386e-05
7.9982617679543900200863e-05
7.1412916393574318754504e-05
4.3836650099507583930140e-05
1.4253947801509235453307e-05
1.1388761595210351992499e-06
6.7046066000747781354701e-06
2.4207638286670666579814e-05
3.7759616138031242818431e-05
3.9710333064478684167529e-05
2.8002636311539629753115e-05
1.2969792363736180301867e-05
1.9999096448907804503378e-06
2.4502159570816184317485e-06
8.5710860320963586019309e-06
1.7687244036268425488199e-05
2.0646177085539800109999e-05
1.7539817690596086501758e-05
9.5148065490731182996219e-06
3.6809810184803764824732e-06
3.4709138629577068838614e-07
3.2879543532965221130427e-06
7.6678343921764622844513e-06
1.1278396012880759915835e-05
1.0253919046800329288659e-05
7.4356767153290089216594e-06
2.7855771800001968034534e-06
1.1542388991019464181294e-06
8.8354907793990569690479e-07
3.5419690319476470450493e-06
5.1162185356979825010980e-06
5.8729168723764785419090e-06
4.2332535689046353212365e-06
3.4129004429377845700579e-06
1.0065246482149531013914e-06
9.2847492869544135101357e-07
1.5223195406879211577728e-06
2.9135223289713949929762e-06
3.1326043697096373731798e-06
3.5927330793646732632902e-06
1.7933564830449078471308e-06
1.5675941875968289615983e-06
5.0799538240573420771437e-07
1.1451895380540500370798e-06
1.7994584736047399277608e-06
2.4130951878800132733255e-06
1.7716388099787922788547e-06
2.1652805006255082462534e-06
1.1964755624989123310842e-06
1.2183501469068902785204e-06
4.6953635262773485615321e-07
1.3678838404849368412975e-06
9.8834059394660961278881e-07
1.5556063032009423414390e-06
1.3416604520131462786165e-06
1.6010175922635501447397e-06
7.0180730828429097625755e-07
1.1375785288798562748134e-06
1.1671236298929674051232e-06
1.6963213973073109356237e-06
1.0095021621074296530016e-06
1.7722265362384847358772e-06
1.0073070976263578782167e-06
1.4676275930458839573433e-06
1.1501475655603483665769e-06
1.1457506790891316100615e-06
7.6498996856785344160198e-07
1.6818224627915894446557e-06
6.7571727013431275879024e-07
1.2484622932870627515527e-06
7.2428921876258392594010e-07
8.9222278132335997057663e-07
7.6668725747941974236029e-07
1.3910228457471496258291e-06
9.1337232394946854744234e-07
1.4917669527597576679528e-06
1.0012070072001875008797e-06
1.5704922499142875569214e-06
8.7073001469584435575331e-07
1.5687648953235466229043e-06
8.2289743294462489920683e-07
8.7532950235607580019012e-07
5.7151866397533609068503e-07
1.4479677563815134606651e-06
9.6871322001127700380225e-07
9.3977902752861116609498e-07
7.7033387815500282256887e-07
1.6003736877398853015008e-06
1.0130626052250116225079e-06
2.0044088142396478809343e-06
7.6043769931996184163845e-07
7.9087014500609666230906e-07
9.0857032718905712910187e-07
1.3450578202702640020258e-06
8.5086664123624509876726e-07
1.6504627244202376141048e-06
8.7266905621906284572822e-07
1.4641125616208535757760e-06
9.3196125279326623789937e-07
1.3522699195690786577164e-06
8.9859240913408886767822e-07
1.1546687119122519812263e-06
7.2280456268248919263474e-07
1.1407021169248682770410e-06
7.7903086795302284511751e-07
1.8169020345881389054518e-06
9.7473854538813116397988e-07
9.8931860423143580388679e-07
1.0208223150398255684747e-06
1.6313933874197116048765e-06
6.8887435462260639826906e-07
1.1900686918661008017355e-06
1.0387781519167064408479e-06
1.3471945256170695751774e-06
9.0081875926508021865075e-07
1.1960013020139859175227e-06
7.8296173600757434263314e-07
1.6860295585571392051590e-06
1.0028744872120968950792e-06
1.3795715951428108932044e-06
9.1424740162700085906655e-07
1.2220522338114960650738e-06
7.6055117719609903181177e-07
1.6191009196544794201196e-06
1.0055377788468459410506e-06
1.2819515631951004006972e-06
8.4686464423222695902047e-07
1.0349977608389556054579e-06
9.0373475488634278680330e-07
1.3307025448904109219414e-06
1.0774527199172377573089e-06
1.4620805545473862787975e-06
8.5301057995465872271757e-07
1.4554042520004449451907e-06
1.2363981686860241124293e-06
1.3010906201476691680457e-06
8.8657969999060858727803e-07
1.3937958377740281701437e-06
8.8246279598928985732267e-07
1.1802307587278136135169e-06
7.9410520583296932026977e-07
1.3360170978628846123992e-06
1.2601932748679383308776e-06
1.9342902407077172182652e-06
9.5024933112143269218054e-07
1.2690579602862219830007e-06
1.0655482266823411874080e-06
1.1202027731043651389360e-06
1.1082163872220017004417e-06
1.3970624190404080023806e-06
9.1514101652624066611378e-07
1.4547251033602402814571e-06
7.7552010577563792557157e-07
2.1095414659576535934419e-06
1.4138622592162215955367e-06
1.2716156156085197214529e-06
9.8017797045354768368543e-07
8.1599430563606169897011e-07
8.6161867802814068859930e-07
2.2843096024885145895367e-06
7.5053287584187312483187e-07
1.2801440637039490663907e-06
1.0807848412763585331048e-06
1.8243840320873804979187e-06
1.1683710277858379327420e-06
1.4144441444345598800039e-06
1.0858766964294745153763e-06
1.0563136690837146835229e-06
1.0561718333084188234595e-06
1.5126417939277981907111e-06
6.9713328976424533906989e-07
1.8901862767873191404288e-06
1.0966270597854886109299e-06
1.8884751690487497425137e-06
9.4854132176638002817609e-07
1.2550759201841781650158e-06
1.2659158392031318312866e-06
1.3410882762010072642765e-06
1.0996170042302249119200e-06
