3.2007633753546022416583e-04
1.4680995123262055471018e-04
1.7652921090997620049909e-04
4.0162611488031552640920e-04
8.5825685300899693698506e-04
1.5993553599873090633604e-03
2.7076607195180165364723e-03
4.2497452720620353117109e-03
6.2932850633297685374878e-03
8.9056783421607478568038e-03
1.2154212721130978891448e-02
1.6106306436621226074735e-02
2.0829473022136647808455e-02
2.6391017019855498443315e-02
3.2858305615605640226384e-02
4.0298540383596356817542e-02
4.8778401435288581966532e-02
5.8364307937667253556313e-02
6.9122260293083562232574e-02
8.1118008173560712803507e-02
9.4417374412768026448184e-02
1.0908415995512824037128e-01
1.2518380710796264687623e-01
1.4277989731660895023069e-01
1.6193621449263703726551e-01
1.8271526993087042201047e-01
2.0518051652352856106809e-01
2.2939298128368776352737e-01
2.5541532705022174098985e-01
2.8330751945638810163075e-01
3.1313219866940555924373e-01
3.4494615309116288814906e-01
3.7881120240684207356452e-01
4.1478552210227276342280e-01
4.5292598551418333796548e-01
4.9329205929624625470709e-01
5.3593965326632819756725e-01
5.8092515375192965709772e-01
6.2830503789056546537495e-01
6.7813183360820883383013e-01
7.3046214949784571413005e-01
7.8534846089477505781673e-01
8.4284392842607225304619e-01
9.0299975101117202491707e-01
9.6586887990952441374048e-01
1.0315012479925589339302e+00
1.0999452793552020324341e+00
1.1712535664170593552313e+00
1.2454723036345558551119e+00
1.3226487201819592254282e+00
1.4028297151124187180926e+00
1.4860608894338178664896e+00
1.5723894425589837187118e+00
1.6618584173597019670865e+00
1.7545099507557893048215e+00
1.8503895890277290980919e+00
1.9495365761437244422893e+00
2.0519926519243827378602e+00
2.1577991687278670340788e+00
2.2669929454269448498849e+00
2.3796147983374829060210e+00
2.4957007097077696933241e+00
2.6152878556099405926716e+00
2.7384126122878864606491e+00
2.8651095075756285446289e+00
2.9954120883688877263751e+00
3.1293538409430761149110e+00
3.2669670640475692025007e+00
3.4082827477596864262921e+00
3.5533316775204868420701e+00
3.7021431313616424141344e+00
3.8547468839709417842698e+00
4.0111700676321362379895e+00
4.1714390991102439087967e+00
4.3355813578690494125567e+00
4.5036210814616097763974e+00
4.6755822692590767175602e+00
4.8514888297300142738777e+00
5.0313629510482229534318e+00
5.2152269352907953958720e+00
5.4031014152106680015208e+00
5.5950061169710485486917e+00
5.7909602758683469403422e+00
5.9909836847123534298021e+00
6.1950911591456829796698e+00
6.4033002247835355547068e+00
6.6156294031001321442886e+00
6.8320896166282016892524e+00
7.0526959685418892931352e+00
7.2774645465113732001328e+00
7.5064036910462128560084e+00
7.7395270468953230036391e+00
7.9768450996826700816200e+00
8.2183662202833183130224e+00
8.4641010049885991861629e+00
8.7140555202424270220263e+00
8.9682371668619822457913e+00
9.2266530613356589896057e+00
9.4893080772435514091967e+00
9.7562056717017320295326e+00
1.0027348065179204184005e+01
1.0302740721049980621160e+01
1.0582382888695523348588e+01
1.0866275740838618801831e+01
1.1154415719320612154775e+01
1.1446798389548142438343e+01
1.1743420166537132942608e+01
1.2044266106694575313441e+01
1.2349317863846843934539e+01
1.2658560934192040647872e+01
1.2971967721521449945499e+01
1.3289512736719453656065e+01
1.3611159095950197794878e+01
1.3936866311889723135664e+01
1.4266592195990064340094e+01
1.4600285349086265185292e+01
1.4937894066668931714048e+01
1.5279349541405485624068e+01
1.5624582638955287094973e+01
1.5973522604305362193600e+01
1.6326087735484058782731e+01
