6.5653770753277015614913e+01
6.5653549905418898902099e+01
6.5653059591504259628891e+01
6.5652557245849379796709e+01
6.5655105588080886036551e+01
6.5655462867288463257864e+01
6.5658518087830401555038e+01
6.5661453068123918797028e+01
6.5661048715771357819904e+01
6.5662532286654524682490e+01
6.5661949194627325709916e+01
6.5662914339145842745893e+01
6.5662430579172109901265e+01
6.5662238416910057026143e+01
6.5662067199410600437659e+01
6.5661206814806959641828e+01
6.5660486760760321089947e+01
6.5659914830537957186607e+01
6.5659824298802163866640e+01
6.5659453930790547815377e+01
6.5659492014209845933692e+01
6.5658935561815198411750e+01
6.5658800973920222077140e+01
6.5658394869102053803545e+01
6.5658235563761067510313e+01
6.5657883122520573238035e+01
6.5657412438478587546342e+01
6.5656364850303774005624e+01
6.5655920756944567528990e+01
6.5655646843423838276976e+01
6.5655641205881792643595e+01
6.5654577920325110085287e+01
6.5654041599928433470268e+01
6.5653656481351447382622e+01
6.5653483903154310041828e+01
6.5653425911286575455961e+01
6.5652511913963621736912e+01
6.5652273205738268302412e+01
6.5652049297579182507434e+01
6.5652306123879696997392e+01
6.5652718571476071929283e+01
6.5651502291679520340040e+01
6.5649117402948576227573e+01
6.5642115815763744990363e+01
6.5639308882282236368155e+01
6.5637178561620942218724e+01
6.5637150643204606126346e+01
6.5635467973768783167543e+01
6.5635057718268399185035e+01
6.5634622908613991398852e+01
6.5634342106478726464047e+01
6.5633205609114270373539e+01
6.5631992658330219114760e+01
6.5631813823108743122248e+01
6.5632317612280942853431e+01
6.5632619032516331003535e+01
6.5632938191053781906703e+01
6.5628452463909013658849e+01
6.5627782379435217308128e+01
6.5622900006667038041996e+01
6.5623353008354612825315e+01
6.5615799774832694879478e+01
6.5613110563130973673651e+01
6.5612444584922428703067e+01
6.5616102948494869906426e+01
6.5614385536749736616002e+01
6.5614003677958280036364e+01
6.5613486010058494457553e+01
6.5612923864659308037517e+01
6.5611732691295401309617e+01
6.5612053034289942843316e+01
6.5610727406142999029726e+01
6.5611758775685871114547e+01
6.5611904262527076525657e+01
6.5609937391778132109721e+01
6.5609624125557999718694e+01
6.5610562418994234690217e+01
6.5608513428960876012752e+01
6.5608493055357627099511e+01
6.5612120036563268854479e+01
6.5609748574508046203846e+01
6.5614070221791692461011e+01
6.5614654140622633349267e+01
6.5612084986240347461717e+01
6.5615174760155781541471e+01
6.5609377124646854895218e+01
6.5608912859306656173430e+01
6.5610996250148971853378e+01
6.5612827665853615144442e+01
6.5617828136112265724478e+01
6.5621557538943605436543e+01
6.5620304199986051685300e+01
6.5617220888871472084247e+01
6.5618038475535385600779e+01
6.5618587597555361412560e+01
6.5618648541293623566162e+01
6.5618812788534143010111e+01
6.5618849176525756661249e+01
6.5618736264358929588525e+01
6.5618596309959684731439e+01
6.5618270405792614496931e+01
6.5619693514371704168298e+01
6.5619996615652667060203e+01
6.5620156153444128221963e+01
6.5619999392564736240274e+01
6.5619319969268389058925e+01
6.5619400868675711535616e+01
6.5619697908058967072975e+01
6.5621849939895170678028e+01
6.5620873461123096603842e+01
6.5619034144791910989625e+01
6.5619970085507503654298e+01
6.5621017259444911928767e+01
6.5621624984286540893663e+01
6.5622841015780949192049e+01
6.5622938915688678207516e+01
6.5622766929169856098270e+01
6.5623957159691499896326e+01
6.5624351571343922273627e+01
6.5624767886493131641146e+01
6.5625837871315411575779e+01
6.5626283125599684353801e+01
6.5626752973589432826884e+01
6.5625653260532928356952e+01
6.5626320446195578028892e+01
6.5625530362473810441770e+01
6.5626558771983027895658e+01
6.5626398589817185325046e+01
6.5626292377569342306742e+01
6.5626889604528273025608e+01
6.5625503683884062411380e+01
6.5625924953065066347335e+01
6.5626509363910159322586e+01
6.5627023607133097016231e+01
6.5628416500133027966513e+01
6.5628889748899922551573e+01
6.5629468391294452089824e+01
6.5629811883812990913611e+01
6.5629746553050608781632e+01
6.5629425714176647943532e+01
6.5629808386919506801860e+01
6.5629753911178951852889e+01
6.5629947120452200692853e+01
6.5628901261628143970484e+01
6.5629526314625636018718e+01
6.5629734769881409306436e+01
6.5629820572698676528489e+01
6.5629883627692308323276e+01
6.5630105072183411607512e+01
6.5629849972430690741021e+01
6.5630091647777831553867e+01
6.5630119549068410833570e+01
6.5630629140189469694633e+01
6.5630803076783138294559e+01
6.5630914808307963426159e+01
6.5631892838336767681540e+01
6.5631772450958820286360e+01
6.5632072065152286199918e+01
6.5632276776649177918443e+01
6.5632864941318942442194e+01
6.5632957401397902685858e+01
6.5632720343430435150367e+01
6.5632664595197525159165e+01
6.5633457772925993367608e+01
6.5633869273487462692174e+01
6.5633149348406064405026e+01
6.5633203747377535819396e+01
6.5633479708953800013660e+01
6.5633513173644317362232e+01
6.5633851392429505722248e+01
6.5633944724997590469684e+01
6.5634435420101780778168e+01
6.5634814161344834815282e+01
6.5634827773225737246321e+01
6.5634950158515664497827e+01
6.5635274041647022613688e+01
6.5634804987411712318135e+01
6.5634970673357273085458e+01
6.5635090350189088326260e+01
6.5635507085751711997545e+01
6.5635320315487035713886e+01
