8.7711332655108900646646e-02
6.4534964015621712474235e-02
2.0852195054141247493318e-02
1.4298171285499189212854e-04
1.0769411516247714283301e-02
2.6441513188585150789800e-02
2.7889364368774479524538e-02
1.9973393172781052362641e-02
1.1288620568624754131326e-02
2.8242372810399099351819e-03
1.7250313780183001727969e-03
2.0906411051930931521703e-02
5.2863849383434732831510e-02
6.5278428159589632628901e-02
4.2541847909425625773316e-02
1.8021758380517852171643e-02
3.8381116325696372493237e-02
9.9258993572810746974788e-02
1.4278244235664797057161e-01
1.2686913445441205805508e-01
7.8044435848066570637904e-02
6.2133045355979389656742e-02
1.1125638593767259165723e-01
1.9105135578338003354837e-01
2.3799264345786666496885e-01
2.2262961832091629488239e-01
1.8191245812087095123921e-01
1.9443003790940829866862e-01
3.0681183825030944323231e-01
4.7392633693213664924926e-01
5.9010283069968338942601e-01
5.9848667577673086981349e-01
5.6712410015331149448770e-01
6.2932232144828659237135e-01
8.2978605531339488798892e-01
1.0561953652283526672306e+00
1.1525027968541121659030e+00
1.0900029877179704396184e+00
1.0021901362572076532587e+00
1.0397145741006510455406e+00
1.2012948077118712486566e+00
1.3337316373017602533224e+00
1.3010648162055362675460e+00
1.1278953906478661473045e+00
9.6854374395180187207188e-01
9.4500677226398410724073e-01
1.0262937901192747958135e+00
1.0741035774325098373083e+00
9.9278187452408683810745e-01
8.2218586498155055153347e-01
6.9013856256385441856338e-01
6.7987526874699333312435e-01
7.5030726012462889418231e-01
7.8514858409013077444882e-01
7.1184846251958755480871e-01
5.7268774276766432063113e-01
4.7694771190213003375646e-01
4.8303646564255470208238e-01
5.3962442090536588690242e-01
5.4733518857945961944012e-01
4.6782830102147865414253e-01
3.6101948518946802568763e-01
3.1525218297387264110299e-01
3.5046738418853218277604e-01
4.0104598589340201275633e-01
3.9412663135420944460208e-01
3.2798310927337592790565e-01
2.6914407966029935126429e-01
2.8256471501293617398787e-01
3.6525276946209733752724e-01
4.4994873704505683464916e-01
4.7334692448729276392783e-01
4.4006342962310934785464e-01
4.2210342104865800072488e-01
4.8799896563335448673726e-01
6.2596853209651015514936e-01
7.4587846815388036958439e-01
7.6952200225190203752845e-01
7.1790632120217234835025e-01
6.9548891336288776177099e-01
7.7677186625254446283861e-01
9.1720941987675608242370e-01
9.9613453518867056679653e-01
9.4769614920734945862080e-01
8.3392986289502391006323e-01
7.7665604095720142119319e-01
8.2241381593346518652510e-01
8.9553465030514678435480e-01
8.8597984466248080881456e-01
7.6656402973915782617098e-01
6.1918933934633901827738e-01
5.4887272992990054909512e-01
5.8201197834707385503350e-01
6.5029664375584772528782e-01
6.6037346736661051149753e-01
5.8409983979263391251635e-01
4.8639906472848820628840e-01
4.5881892029565574109284e-01
5.2344181611806850362711e-01
6.0319690683909832351617e-01
6.0025494693710179650026e-01
5.0285580198627688464086e-01
3.9852031907052420933724e-01
3.7515880968602094425179e-01
4.2428712520114847395192e-01
4.5791119236348598597885e-01
4.1160344600457060559862e-01
3.1203186371761670869773e-01
2.4205674167974269850312e-01
2.5519085921393175331318e-01
3.3158874250562092589334e-01
4.0137861141741959514206e-01
4.0683700707730807710760e-01
3.5826569912495143110931e-01
3.3286109563558852197929e-01
3.9961550019278413437007e-01
5.3652729632635909329252e-01
6.3814656866007746227609e-01
6.2597176294093048731781e-01
5.4288110197661143541126e-01
5.1503300699828213904397e-01
6.0883107874309250195921e-01
7.5009673087524475487697e-01
8.0284069722399475921293e-01
7.1972809876811316698308e-01
5.9431076449396935679204e-01
5.5830630423285099173114e-01
6.4170283185433285577659e-01
7.4688513212413232267295e-01
7.5564697857126283953022e-01
6.4984158004356484816810e-01
5.2766683985070128581896e-01
5.0511874078715190972133e-01
6.0074901363392563258259e-01
7.1497771542850085957355e-01
7.2715463851582851084743e-01
6.1905338392030317962167e-01
4.9882378413043132470150e-01
4.8750261679202949727241e-01
5.8736177961717128681585e-01
6.7612669757690813110429e-01
6.3929736313743978914914e-01
4.9823729825452445219014e-01
3.8512425933865640503839e-01
3.9390752698749936788758e-01
4.7986756891512893918872e-01
5.1940132237100089529491e-01
4.4917631324404211357049e-01
3.2711340687965861917519e-01
2.6224347772804756928622e-01
3.0445338914070452229765e-01
4.0466506975870109030780e-01
4.6762957530636112268851e-01
4.4047515615168975067206e-01
3.6458745008696097356093e-01
3.4542927432929404485407e-01
4.4802815647261523546163e-01
6.1487670910453706696330e-01
7.1177411530900369651675e-01
6.7139542213414926674631e-01
5.7605916525723932508640e-01
5.7288143023763060668330e-01
7.0451516206219122473442e-01
8.5209448709206647709635e-01
8.6813014279437761278047e-01
7.4072242342307359486142e-01
6.0063466695156941810296e-01
5.7849620584865291128551e-01
6.7171713079751516062288e-01
7.5976680233953153287274e-01
7.3689336032973773438215e-01
6.1442841845970119774023e-01
5.0343874037349589656287e-01
5.0722714969347193481042e-01
6.1843581108090306397429e-01
7.2195488494709481042122e-01
7.1001788232848217496951e-01
5.9203494867198280804388e-01
4.8732903359738655169053e-01
4.9645525310323457279793e-01
5.8916133841987616825975e-01
6.3952078745835638784456e-01
5.6829099132285876283532e-01
4.2851779786401394956030e-01
3.4138812676768842679920e-01
3.6158763003509802880231e-01
4.2623520674221765380807e-01
4.3506722922460400182487e-01
3.5986673155881532260025e-01
2.6429800216185905803457e-01
2.3164634107013470920577e-01
2.8415352607788718630744e-01
3.6747632994399492822879e-01
4.0386136178213233316470e-01
3.6735590490087960402477e-01
3.1355181998528658393610e-01
3.2785473345884896811953e-01
4.3193516158708428198665e-01
5.5032557536608550652346e-01
5.8518918004716768965778e-01
5.2587612741368972013589e-01
4.6491245708718215157162e-01
4.9495348749161560686360e-01
6.0322472583446562488518e-01
6.8626666356327992168929e-01
6.6520814989825582941307e-01
5.6989884036632443287118e-01
5.0443795136749736141013e-01
5.3799914644122448503794e-01
6.3674951332493423539205e-01
7.0284672179568818961570e-01
6.7316019870386922807626e-01
5.8154132977170336360473e-01
5.2529051229165679703925e-01
5.6445916930238371200801e-01
6.5796042483364158837134e-01
7.0610907500590902596826e-01
6.5383176155791289385633e-01
5.5112247806407899108905e-01
4.9969857871609585364681e-01
5.4188938446991130604147e-01
6.1700277091464916789931e-01
6.2896335585917007016121e-01
5.4946158015213808489818e-01
4.4628970622286484593033e-01
4.0751465939410302929957e-01
4.4740858507262215582045e-01
4.9661973426011118970536e-01
4.8129631442229742210870e-01
3.9957155321143172921339e-01
3.1916138041517355672383e-01
3.0545005037824768390209e-01
3.5736475357856600787443e-01
4.1297589056555950026706e-01
4.1296744794462930672196e-01
3.5944325744467559013984e-01
3.1565328561407046681353e-01
3.4179281461499627647882e-01
4.2766302087795360353795e-01
4.9860927218504530467058e-01
4.9397815217901475115525e-01
4.3499096489661487341394e-01
4.0401737674766546870586e-01
4.5266943770692130710742e-01
5.4306199212675576593057e-01
5.8951001454387319533623e-01
5.5165499423699837500124e-01
4.7745027622252916854606e-01
4.5232462941292111979763e-01
5.0979056124624866352946e-01
5.9800380091838278850958e-01
6.3425374623424701781005e-01
5.8945746904993556736230e-01
5.1910541193961501349463e-01
5.0764764644778292979055e-01
5.7927835168766683704433e-01
6.6943756860308623046762e-01
6.9013538690640752193417e-01
6.2253606862113186615204e-01
5.3874870416815490159479e-01
5.2425341556885585170278e-01
5.8535815711590211130044e-01
6.4354910059532544064353e-01
6.2130927625967236060944e-01
5.2505128679635582056306e-01
4.3650739259745047204930e-01
4.2409858205826561627916e-01
4.7292925472963898148038e-01
5.0619939642838940319081e-01
4.6813500377571876098770e-01
3.8078653631906639320803e-01
3.1899901377932632362544e-01
3.3288382898680557442361e-01
3.9795413770334292502540e-01
4.4084646489165274507727e-01
4.1455413815426439549938e-01
3.4778819192419174743947e-01
3.1600228162014781796429e-01
3.6097470291684607968108e-01
4.4393457595458285513956e-01
4.8482068126947092112644e-01
4.4766713739635993762889e-01
3.8096356842294748501487e-01
3.6660109293077480785428e-01
4.3150547453972587508275e-01
5.1842980239692348920499e-01
5.4675711601545529116919e-01
4.9780882155784267339982e-01
4.3564192955620650860027e-01
4.4146524820465626870458e-01
5.2894238978041385745854e-01
6.2736127422423038080268e-01
6.5260107704864023236979e-01
5.9476944487654148652211e-01
5.3220774482105392966247e-01
5.4971036636308823197794e-01
6.4485549086944393692988e-01
7.2600404450318112292706e-01
7.0898462825238428575148e-01
6.0939866068514558783420e-01
5.2633789610750814080831e-01
5.3456581358997834474422e-01
6.0628518444673096254860e-01
6.4590394963527375526979e-01
5.9430464484975409344969e-01
4.8841019300339771902486e-01
4.2033492277915796009324e-01
4.4231461394334375958337e-01
5.1512296519011313566949e-01
5.5022843630235462875078e-01
5.0069381095096820999402e-01
4.0930588823287983313293e-01
3.6297334795242192084785e-01
3.9992723829304216431879e-01
4.6800931854391608633037e-01
4.8167289930274120868248e-01
4.1478662048047515442661e-01
3.2887978201452666704441e-01
3.0524487865685778764657e-01
3.5768079781687678320168e-01
4.1976473733955704803478e-01
4.1895963452238599300514e-01
3.5393944859717418882639e-01
2.9419923153320404196620e-01
3.0531683476570387059112e-01
3.7961409989759620220440e-01
4.4519064870629848629235e-01
4.4140088903379454121634e-01
3.8217760520058602358162e-01
3.4392475077146988926557e-01
3.8659499559464793883024e-01
4.8829974073749055074600e-01
5.6407585221623524063261e-01
5.5468868420108685679537e-01
4.9144200857764763767932e-01
4.6534914079175665468924e-01
5.2880251454038296188287e-01
6.3503753134685791970071e-01
6.8539801263929578389877e-01
6.3622640569209676364437e-01
5.4640329068733406447933e-01
5.1428155572524081318164e-01
5.7165670465596618576853e-01
6.5139595679446615772434e-01
6.6218412616946542570417e-01
5.8528739571873078517683e-01
4.9160281571397629329923e-01
4.6666358628057058588467e-01
5.2297038309579069181865e-01
5.9010633403008949660062e-01
5.8881239216233283162438e-01
5.1170004098361965283459e-01
4.3016586390435468389981e-01
4.1942325364376115137688e-01
4.7886225540611992990137e-01
5.3254631831549559262129e-01
5.1097528821845783486566e-01
4.2514326678126945768810e-01
3.5343315567496941254078e-01
3.5589624864676855375833e-01
4.1130571590617764909936e-01
4.4355911036381018286434e-01
4.0565648542017423983097e-01
3.2822927872912727176313e-01
2.8420662402695512360751e-01
3.1210304699821062035525e-01
3.7810164107484878215359e-01
4.1341771894969397971309e-01
3.8601978137441683713860e-01
3.3342652474725315014936e-01
3.2501222459034484479901e-01
3.8983281132262032064872e-01
4.8231991840122734327423e-01
5.2652165422902841296349e-01
4.9654642963114942189051e-01
4.4685747059006220016641e-01
4.5494458851444152802657e-01
5.3540237976046878287661e-01
6.2053699722854505083092e-01
6.3292707798161262910952e-01
5.6997620785206248861243e-01
5.0688032199630983498650e-01
5.1551905204944770133579e-01
5.8796377629413487664323e-01
6.4723378463976244390210e-01
6.3038753950272463644211e-01
5.5345378454884219809884e-01
4.9382589357224460080431e-01
5.1003456705555250128015e-01
5.8107753127490513467279e-01
6.2916277825683308844162e-01
6.0033613534385610321920e-01
5.1980939982702600854481e-01
4.6568256844194211296895e-01
4.8553209524812257491533e-01
5.4643749033914756907393e-01
5.7048161777151285001253e-01
5.1841561763592558520486e-01
4.3109913958186291127461e-01
3.8445362370245084182585e-01
4.0723620848118191606346e-01
4.5320199541710431967445e-01
4.5491266595016160989573e-01
3.9562176757137201832393e-01
3.2527888159297035919337e-01
3.0529949119427135517668e-01
3.4475588853464556038375e-01
3.9340459119223197825832e-01
3.9536115440993579994711e-01
3.4754481407657916713916e-01
3.0221750707353195464222e-01
3.1272872455305361638622e-01
3.7700661426704690226686e-01
4.3856363621785054984770e-01
4.4463882461972381587856e-01
4.0176481561899962668960e-01
3.7111768450631821281149e-01
4.0419365545875141076948e-01
4.8527278183986988224774e-01
5.4592025315259529172351e-01
5.3711579297922695808154e-01
4.8303184699600115736828e-01
4.5676325525765548718482e-01
5.0172420045883503458839e-01
5.8406687304323579024157e-01
6.2761917671985334443718e-01
5.9511484243428991458558e-01
5.2811701299013047439246e-01
5.0295448293605926615157e-01
5.4933951039466721866233e-01
6.1849078971288051764787e-01
6.3589468101308321834608e-01
5.7949978162984561169679e-01
5.0198640690865603541937e-01
4.7533233604017166573641e-01
5.1521479213887200199196e-01
5.6696252343068831436312e-01
5.6432028331621442163168e-01
4.9818500952296740358349e-01
4.2602161095129131851422e-01
4.1041732385044121800277e-01
4.5336213457814072969043e-01
4.9517687031201179648221e-01
4.7839174822613406146132e-01
4.0874467931344038440500e-01
3.4768602927829411752825e-01
3.4676267772422358914852e-01
3.9329340659398903667920e-01
4.2584087723910013512096e-01
4.0091991164594198426840e-01
3.3861854065539126468209e-01
3.0000588858954063686824e-01
3.2207159939025603589968e-01
3.7948336279820932270823e-01
4.1224120643604678093652e-01
3.8874307634313015613614e-01
3.3952585657635758753514e-01
3.2696570768488902869464e-01
3.7907853622918985525558e-01
4.5718223102093979992588e-01
4.9567287658674430428363e-01
4.7096200040872704395412e-01
4.2808694647395939547607e-01
4.3378003642342077839089e-01
5.0347446189353672885147e-01
5.8148947593863187233154e-01
5.9933814269559559928524e-01
5.4932228960167595044339e-01
4.9430085420574637611324e-01
5.0106081953140124696233e-01
5.6894137805917266437206e-01
6.3057060732335434849460e-01
6.2373861988187651039794e-01
5.5663936037900552111779e-01
4.9948077701323539967504e-01
5.1069320513979155062856e-01
5.7537071373642778571167e-01
6.2151291315550194482853e-01
5.9538396091300449519679e-01
5.1772529384126197982141e-01
4.6188507836573927667345e-01
4.7537593778022246837622e-01
5.2972416253862830703980e-01
5.5285000635915415578836e-01
5.0605536808267748138945e-01
4.2444398980835673640399e-01
3.7864364096758645894525e-01
3.9984787126188975348029e-01
4.4834433475817031533595e-01
4.5678874468207980585888e-01
4.0357903758188756748737e-01
3.3418848557207203597841e-01
3.1103832153183613717928e-01
3.4763134691486430316587e-01
3.9580043376748652583785e-01
3.9854191790928295002772e-01
3.5029472489259322331989e-01
3.0166770999739700442888e-01
3.0656003100911877190526e-01
3.6575102323970792861374e-01
4.2574105989366917146555e-01
4.3411234617528249302154e-01
3.9400250250196483525755e-01
3.6315123322502146363533e-01
3.9446668967973008701478e-01
4.7687307443158799546978e-01
5.4341789368005133376016e-01
5.4173563125640589177578e-01
4.9148513254891706969474e-01
4.6468001916238682591498e-01
5.0773433163113379507081e-01
5.9002959333401794328466e-01
6.3548117413866722635873e-01
6.0386646968852963901497e-01
5.3451685814382932093736e-01
5.0541288131658268500956e-01
5.4917322506778021296014e-01
6.1850415335543351691427e-01
6.3806382347937884436107e-01
5.8335167774954532760034e-01
5.0483206127692703546472e-01
4.7484900030668325543459e-01
5.1210785226238086931261e-01
5.6442879928847478065990e-01
5.6504619870011818516531e-01
5.0171434889247479294028e-01
4.2912671697333037990063e-01
4.1123391446052026676483e-01
4.5430220944683502581896e-01
5.0009396820139218053924e-01
4.8821685536203679456335e-01
4.2043277279232404985976e-01
3.5761267365481902436031e-01
3.5372614513774974787097e-01
3.9840924594607646236355e-01
4.3015476925715184775001e-01
4.0387734001382541437764e-01
3.3901768225384359967123e-01
2.9720015559189039144883e-01
3.1589169725712512581950e-01
3.7065705356519590418785e-01
4.0292282133377443908984e-01
3.8182040876097400605715e-01
3.3570815794774555573809e-01
3.2303638305110810025056e-01
3.7208091334720133636083e-01
4.4906604498396940350347e-01
4.9068691746231063444128e-01
4.7075827903286443509856e-01
4.2999408446579140408161e-01
4.3376834363275751371702e-01
5.0064044460727818997015e-01
5.7972502883804055695549e-01
6.0336864207238360968688e-01
5.5927928417285022177907e-01
5.0439290426153871038650e-01
5.0488670638628185827201e-01
5.6471967310661508321346e-01
6.2191337734132634551543e-01
6.1563584026549889038904e-01
5.5109875321633339240179e-01
4.9313900442099906085147e-01
4.9800707248216002920316e-01
5.5509982331939644595309e-01
5.9887496467898926333362e-01
5.7777179617553364732174e-01
5.0750547548207591841418e-01
4.5407714691777606441647e-01
4.6354971607615319539875e-01
5.1351016376454150513808e-01
5.3824429670248463697391e-01
4.9906349496026264356274e-01
4.2451656312413582616827e-01
3.7945122816155751888090e-01
3.9546466856910572618133e-01
4.3863091469217752038645e-01
4.4776444207343552017520e-01
4.0039546452827545763853e-01
3.3545283386113999846145e-01
3.1010043948922749734720e-01
3.3945435171459908962888e-01
3.8219419255841552418573e-01
3.8664179884514271456908e-01
3.4457329842148132215129e-01
2.9941945045563900240637e-01
3.0101903433106025342880e-01
3.5363533037606986741963e-01
4.1104049832736400116318e-01
4.2420872641651624634918e-01
3.9278641970660954640948e-01
3.6661605515428968837810e-01
3.9345330188265398296821e-01
4.6669768013862428235328e-01
5.2959881746477643904569e-01
5.3397850003975089183683e-01
4.9274125062747958780918e-01
4.6846767582959664144582e-01
5.0627210449487047849715e-01
5.8263784177778088491095e-01
6.2941207770444995706072e-01
6.0786735627916144153460e-01
5.4889498196231045756832e-01
5.1927207282608733862617e-01
5.5095426660080182301726e-01
6.0748121593789328187540e-01
6.2374183670223881659211e-01
5.7529573372927633734264e-01
5.0454378301275137896909e-01
4.7477355558785294675772e-01
5.0520415962462650316667e-01
5.5396465346174306176863e-01
5.6169252410197589853169e-01
5.1178152785026997939610e-01
4.4783663528184319835290e-01
4.2832008436102220194641e-01
4.6312925367724455671947e-01
5.0350913122596119286811e-01
4.9440068585434043813009e-01
4.3299375859484634521124e-01
3.7156533110835360256274e-01
3.6056436117961049303560e-01
3.9449008253937611900852e-01
4.2016237016900009892950e-01
3.9574791208169557421570e-01
3.3570886444808956117214e-01
2.9381584551839684538166e-01
3.0438002178039486045336e-01
3.4775916260378331168468e-01
3.7449131451428174788276e-01
3.5696625141865845343148e-01
3.1670298922503986593924e-01
3.0319453400921397845380e-01
3.4346839588807143162086e-01
4.1201368033724455886002e-01
4.5469134449702164335605e-01
4.4508950888067305706741e-01
4.1454066927134913811415e-01
4.2043596705930369461512e-01
4.8345970828160939047891e-01
5.6150411190967475238978e-01
5.9232919624858326734795e-01
5.6077205904095850375057e-01
5.1602809167340912832600e-01
5.1892349184026942410242e-01
5.7584040766599897676059e-01
6.3121780283975170711130e-01
6.2873410114205396936882e-01
5.7122197345369907228729e-01
5.1717235182611642763106e-01
5.1908389810625688021162e-01
5.6938141791091112509093e-01
6.1047367561442167360752e-01
5.9403918634924446351420e-01
5.2980086974639817309907e-01
4.7567806781704152774282e-01
4.7747743647539109268507e-01
5.2034677224698488995358e-01
5.4531025881753381057138e-01
5.1298850116794258990893e-01
4.4426942168463162685654e-01
3.9722065432319964006780e-01
4.0549252570390348360263e-01
4.4301933820690791998587e-01
4.5337505387258031364084e-01
4.1043686863837325340398e-01
3.4556230283406136338797e-01
3.1263458284049649993364e-01
3.3011320056073312212419e-01
3.6373091152657366365020e-01
3.6577900128406098945177e-01
3.2631467316490314622968e-01
2.8188534909414730833532e-01
2.7682574525117897845661e-01
3.1832922862672263786266e-01
3.6952545210175902212768e-01
3.8710181907617402519151e-01
3.6604240435708035317219e-01
3.4692445670574567628819e-01
3.7460489353841464055250e-01
4.4801611522469286796877e-01
5.1685202020957332624818e-01
5.3326087202833438727367e-01
5.0353511424981944877288e-01
4.8276355848322050068333e-01
5.1457528808927899266479e-01
5.8145615367948910723328e-01
6.2334323265580082740200e-01
6.0278497965004906866682e-01
5.4526756550374122500813e-01
5.1189121902541778741380e-01
5.3520702625754312808937e-01
5.8686259986402344868139e-01
6.0821129385928807131734e-01
5.7206267943482458360194e-01
5.1080217995380794437921e-01
4.8191577481584702002948e-01
5.0819173072037715499505e-01
5.5530682272897424756053e-01
5.6810631896379726324398e-01
5.2638226509597296765008e-01
4.6623619374057245767773e-01
4.4224724908168777659512e-01
4.6869512527354967312831e-01
5.0336820570877927050191e-01
4.9441844368103765594569e-01
4.3613816852342601748660e-01
3.7423185079000398367555e-01
3.5656431516043801677185e-01
3.8149222858421510951032e-01
4.0306681926834592166742e-01
3.8251723584767793884254e-01
3.2897134915101139407412e-01
2.8876271644080664380283e-01
2.9454343117316394984329e-01
3.3314655564564688017271e-01
3.6105916380471470006341e-01
3.5041697064026006147586e-01
3.1722997082457388140497e-01
3.0483560539795651056494e-01
3.3972199798831864692161e-01
4.0229892261667360431332e-01
4.4494236157730948644229e-01
4.4135990683558534719566e-01
4.1578896809034637804814e-01
4.1873292487739716127848e-01
4.7192498336324739671710e-01
5.4206071123005294953856e-01
5.7414607450268029253948e-01
5.5113699866744392252826e-01
5.1320653526446236014635e-01
5.1437313767433190392353e-01
5.6381001862390822676474e-01
6.1649762298009702643498e-01
6.2106406757546439578732e-01
5.7367202776813752684859e-01
5.2209585392856672214634e-01
5.1618016647112219263960e-01
5.5531475625841486554179e-01
5.8889870054254633835455e-01
5.7304026419758846699892e-01
5.1560715582711225124513e-01
4.6514072552235830038114e-01
4.6117683394717240430438e-01
4.9488918295836648031383e-01
5.1808195202652029820456e-01
4.9304425756935726932184e-01
4.3342471562223378045431e-01
3.8951668832856517488139e-01
3.9351188697672462302179e-01
4.2565919788226391773378e-01
4.3685457029212426682818e-01
4.0165761809822991823538e-01
3.4461963274248114119658e-01
3.1261527262314398045717e-01
3.2491155469273919065287e-01
3.5448234889016799753492e-01
3.5865968109632989646585e-01
3.2491026025719405012637e-01
2.8359822644956694803753e-01
2.7542448836724675587107e-01
3.0988880279735220302229e-01
3.5587813536983503581723e-01
3.7347546198615350077077e-01
3.5587579124870938329650e-01
3.3725051809005995862023e-01
3.5760828150859802487815e-01
4.1968037012108644345787e-01
4.8234479080935993566825e-01
5.0237587943492545417001e-01
4.8132960770191429711318e-01
4.6563703976856718469435e-01
4.9570258090755880964196e-01
5.5964167234908424042317e-01
6.0495097966585542614837e-01
5.9493117364969838600786e-01
5.4797068842998719606641e-01
5.1808509983243611340953e-01
5.3894684610125498380739e-01
5.8839233456312378667263e-01
6.1106759624055340118787e-01
5.7903000169652385498154e-01
5.2041644269859088645092e-01
4.8860609660669829246160e-01
5.0795978312897061002218e-01
5.4995845612666538482216e-01
5.6404612620659111410504e-01
5.2800284954636900192071e-01
4.7114550042121133843764e-01
4.4433640881318520188259e-01
4.6520990033717724010387e-01
4.9880585818576572698646e-01
4.9518441252690487131005e-01
4.4392091025775409773857e-01
3.8480112695263035682558e-01
3.6371666288309489889485e-01
3.8367004506717866663124e-01
4.0365851049947865103462e-01
3.8556941962078811192427e-01
3.3436179409660643502278e-01
2.9150598523085063940030e-01
2.9064739522030419438536e-01
3.2276251268181582743111e-01
3.4802899357665390001060e-01
3.3819897903280382589486e-01
3.0520243767420213165664e-01
2.8918986705330224085131e-01
3.1712048685376564849392e-01
3.7539317823909595928100e-01
4.2111856304276551465904e-01
4.2502291811185144432272e-01
4.0449840100788825303368e-01
4.0700241497128375467440e-01
4.5840695446927015588301e-01
5.3085359001413101598388e-01
5.7023233987700017166844e-01
5.5419097533339267691588e-01
5.1704796663724317262734e-01
5.1363045869990520131410e-01
5.5900496994701154296337e-01
6.1172580454942093730608e-01
6.1848462756636257697807e-01
5.7216166417614100492273e-01
5.1921199097304482350523e-01
5.0908717244071244323322e-01
5.4399838753864659945947e-01
5.7799826325098579982154e-01
5.6670835488810988866959e-01
5.1112353378119168567650e-01
4.5721295086937907559133e-01
4.4855294657491112664260e-01
4.8066408011559397239765e-01
5.0810545831343034706151e-01
4.9034962963877548602909e-01
4.3551321715338864315470e-01
3.9052077112381466950097e-01
3.9069671476728012882162e-01
4.2255384051965044767130e-01
4.3784794491151485251734e-01
4.0643481214694082703787e-01
3.4892428984368695221718e-01
3.1330905448806284363528e-01
3.2258384102135945203926e-01
3.5118494296307206647967e-01
3.5587870722371983678300e-01
3.2259939449213648199333e-01
2.8008049781535959699141e-01
2.6956841627750000034425e-01
3.0194746156942980919169e-01
3.4788130820203189141893e-01
3.6746021250060662000081e-01
3.5097393861876302612046e-01
3.3077196376004047717601e-01
3.4856929849489104444871e-01
4.1023009972031670988812e-01
4.7588937619897819786274e-01
5.0012658159636425025951e-01
4.8106891660761852413941e-01
4.6379639734488825597580e-01
4.9188204762225384847341e-01
5.5761710070674430639315e-01
6.0822345637081198788110e-01
6.0273377228834590368933e-01
5.5590190899403013613522e-01
5.2225875885594807979118e-01
5.3747986476711495651415e-01
5.8049912309383688846509e-01
5.9807585060096402074237e-01
5.6220809852444419973949e-01
4.9968112077035181650686e-01
4.6384070739531391147636e-01
4.8001074377105978907565e-01
5.2072880797790299656214e-01
5.3532556417155319206103e-01
5.0080141515747589320284e-01
4.4544819879655517258499e-01
4.1935677664136300490938e-01
4.4148082545431177603490e-01
4.7888246994978628245931e-01
4.8110286427846471468683e-01
4.3415970479699445006005e-01
3.7560621155575357743572e-01
3.5342958197423807176207e-01
3.7344485610161781696803e-01
3.9510206526338464971815e-01
3.7805162295099242752983e-01
3.2592982460347152962044e-01
2.8130924192412903872551e-01
2.7747031945932965069090e-01
3.0571308244571621104413e-01
3.2791630702675644837285e-01
3.1720313305785702295836e-01
2.8604328516802318693735e-01
2.7203634531254189399263e-01
3.0058902501553524944100e-01
3.5834778609761358536545e-01
4.0458097249028779351931e-01
4.1238836281280633055957e-01
3.9722179908048904639628e-01
4.0395237992687849093443e-01
4.5890414081025138193226e-01
5.3644908980683525534516e-01
5.8175735197917766150510e-01
5.6926676062475345396763e-01
5.3274004506131933389668e-01
5.2866590520088108107188e-01
5.7357819197686077394849e-01
6.2544992367835394730946e-01
6.3002068962294643927891e-01
5.7942463139386302106715e-01
5.2008180796009395585600e-01
5.0330375297182461391543e-01
5.3235310041304317874022e-01
5.6248930308977396208547e-01
5.5021506262303032652738e-01
4.9658070509926049984628e-01
4.4489430075368163741700e-01
4.3647775806924082875327e-01
4.6882208757943455434969e-01
4.9780462875014380719207e-01
4.8348194387311349551339e-01
4.3112486048377696157274e-01
3.8520672275216855107161e-01
3.8129395181955233473658e-01
4.0840398934986088530508e-01
4.2105645008120118344408e-01
3.8967133878476106767508e-01
3.3333346889156822978606e-01
2.9768730720850378190789e-01
3.0467170629751594290724e-01
3.2993109761354355580210e-01
3.3215979249317212351755e-01
2.9828423810779991498521e-01
2.5585596125624376906416e-01
2.4326360851341197188979e-01
2.7067710265099398370126e-01
3.1180373326391574995142e-01
3.3053706598943566330462e-01
3.1792828153629976162264e-01
3.0246279947653514907913e-01
3.2205280303996347557316e-01
3.8336565001242112193935e-01
4.5028177668327340477106e-01
4.7952940437039515142459e-01
4.6684832528778968940841e-01
4.5346398303552759578849e-01
4.8245261203224021340219e-01
5.4844140328669421791119e-01
6.0084047725597000688680e-01
5.9845503396890731284685e-01
5.5581890944449929836679e-01
5.2679160570967087373617e-01
5.4424273442430615155274e-01
5.8700058878964600506123e-01
6.0453557307830563249951e-01
5.7015064683109417664753e-01
5.0843861684628699482147e-01
4.7044412640267940783900e-01
4.8201663560399632402209e-01
5.1771158232165603862995e-01
5.2903209582144439249163e-01
4.9434729716264269594461e-01
4.3922522668851043947669e-01
4.0956367574513014018223e-01
4.2414705728501245207696e-01
4.5474110199313211300165e-01
4.5526880819592480120761e-01
4.1204500737903848595067e-01
3.5818766318064154674516e-01
3.3684581196720225770846e-01
3.5362782856134050701868e-01
3.7139249266196849852406e-01
3.5346110304923922251774e-01
3.0380194538097865519788e-01
2.6112937149017251270422e-01
2.5646791377339117623535e-01
2.8144035189997529400330e-01
3.0059061300657669013603e-01
2.8980174248241596934861e-01
2.6022242905367365395364e-01
2.4682557942650679150276e-01
2.7348739003628219634834e-01
3.2852003599091428309720e-01
3.7436280809524352664042e-01
3.8496752756700108877297e-01
3.7477616761039067583283e-01
3.8590074275512370460817e-01
4.4211183214234817118182e-01
5.1798911929621094252241e-01
5.6220999778127922485993e-01
5.5308771712368132167370e-01
5.2287734169428434771731e-01
5.2293822828607416930424e-01
5.6721424351074112291116e-01
6.1656644931963200395586e-01
6.2151163251378782614864e-01
5.7611353288439803854715e-01
5.2451142364700231723873e-01
5.1352806129482941877029e-01
5.4384087267385550212850e-01
5.7167962783598080811487e-01
5.5599751833128896461034e-01
5.0007890149905154242305e-01
4.4712417434124651638427e-01
4.3579198377728822766386e-01
4.6181007970909820903316e-01
4.8420940267840861803705e-01
4.6711234292153297475991e-01
4.1618445399339026868901e-01
3.7320032970269229055660e-01
3.7014685065968372379430e-01
3.9453628857314210209850e-01
4.0357859768678894241134e-01
3.7123857038029428601078e-01
3.1678025300366446925793e-01
2.8250521127255429076897e-01
2.8714662757718056873557e-01
3.0709715560356409813636e-01
3.0438646330768714953763e-01
2.6930796423291020191826e-01
2.2995020460332965539507e-01
2.2103448267010672445565e-01
2.4759362878653648487592e-01
2.8201669242766108647302e-01
2.9343104433646327589003e-01
2.7789549521354911520987e-01
2.6401991402072760850572e-01
2.8578565079357548528449e-01
3.4639915443804442096720e-01
4.1096343773536009313929e-01
4.4017011158830970929401e-01
4.3307943732638914946520e-01
4.2974086603044153731545e-01
4.6786700175507361931793e-01
5.3889739750782483795888e-01
5.9373855145828657864371e-01
5.9496813645086699118281e-01
5.5813556731021352064204e-01
5.3585343848359934249004e-01
5.5966226889452963533245e-01
6.0485667519358055077561e-01
6.1856305504912889592362e-01
5.7813782700342031262153e-01
5.1406230057857404958099e-01
4.7659844144439622581899e-01
4.8600929931236364067715e-01
5.1492473780644365533021e-01
5.1849512969767308501190e-01
4.8019620195518503136256e-01
4.2802657397911836323345e-01
4.0469337961749146659329e-01
4.2302111395027786056033e-01
4.5312986828655893445372e-01
4.5189114714493439084464e-01
4.0840562028464250099447e-01
3.5641451333167661896795e-01
3.3782115235976356570902e-01
3.5532260284485195356297e-01
3.7003911370318509632682e-01
3.4617713586423909388756e-01
2.9108626694450756566823e-01
2.4553913738919441733799e-01
2.3768831863973582940730e-01
2.5549317644186697595643e-01
2.6413990399741033021641e-01
2.4413234700557995271453e-01
2.1051808126541249333030e-01
1.9674633158437718205569e-01
2.2118228200229450575165e-01
2.6912721705413444883703e-01
3.0698703726447429396273e-01
3.1512444781816245642503e-01
3.0886296640393046120110e-01
3.2614121774529425401568e-01
3.8723163604951449379143e-01
4.6674625155053506286862e-01
5.1561297049274612547265e-01
5.1419123271307476397141e-01
4.9641223631468123222987e-01
5.1165727408539352083494e-01
5.6837690891008152416219e-01
6.2318488940105287721138e-01
6.2760316894918977137507e-01
5.8060991158670738343517e-01
5.2997884721309695965630e-01
5.2177280416996618672698e-01
5.5136179941113316882451e-01
5.7270818291069858219089e-01
5.5093979012684701768165e-01
4.9572152792702789403378e-01
4.4932883131958362143976e-01
4.4436729186690659965109e-01
4.7054043607695056339324e-01
4.8567883534539912915307e-01
4.6070992241865127425626e-01
4.0855238340913591077452e-01
3.7080714487072474749851e-01
3.7490120688266481696616e-01
4.0405727671765284680916e-01
4.1329138816160337910333e-01
3.7746128976820753075927e-01
3.1949502390188849743069e-01
2.8458344980611849361907e-01
2.8973167239938535377775e-01
3.0665787907776731469056e-01
2.9555509933256202126373e-01
2.5060067187503265451198e-01
2.0369990417875724619812e-01
1.8818812187550096326483e-01
2.0576222814683226003396e-01
2.2847880473637532938724e-01
2.3021944715661485370006e-01
2.1208888226312033742360e-01
2.0063919888028172722194e-01
2.2207704527601845878593e-01
2.7519577815231177631006e-01
3.2983257498167939392175e-01
3.5530553816956889079393e-01
3.5420608053519048175062e-01
3.6312906713770959354903e-01
4.1335567798633066072256e-01
4.9252321829921652529549e-01
5.5243348598561980988819e-01
5.6029288646120500860803e-01
5.3585405703334443305863e-01
5.3022607703768609432871e-01
5.6804235917172141157039e-01
6.1835270447552947992165e-01
6.2971841373883385983845e-01
5.8720509823207123201172e-01
5.2757488518629713780683e-01
5.0039324369991688978843e-01
5.1747606622556063804552e-01
5.4301300806845465007910e-01
5.3340845839789685634003e-01
4.8243369364900284823605e-01
4.2509135745505560732838e-01
4.0195822424345040158045e-01
4.1912205862885609786161e-01
4.4270277335660251916138e-01
4.3311289640598893413426e-01
3.8616698749121919354010e-01
3.3699122737474546118719e-01
3.2230965076224454834986e-01
3.4043068245676694205670e-01
3.5287574511314218073110e-01
3.2746218784796804479598e-01
2.7375985733143110012477e-01
2.3152008401852353092210e-01
2.2580376193599591139183e-01
2.4092410307158115823079e-01
2.4148543526461874186850e-01
2.1304358720490945700021e-01
1.7551761993374334624995e-01
1.5947999216389352472589e-01
1.7495010530724547370696e-01
2.0367793336607123433346e-01
2.1873858827916281555304e-01
2.1172857869953026765941e-01
2.0232330694996664144369e-01
2.2071502016615623942286e-01
2.7631277564876655095105e-01
3.4355219290469946047395e-01
3.8445830960412091803491e-01
3.8870475063092585488178e-01
3.8760730903541512626376e-01
4.2101867930251096749927e-01
4.9056052075571437987023e-01
5.5394016184919214751403e-01
5.6977053413601608244932e-01
5.4335197990103700771414e-01
5.2069663475416994025124e-01
5.3742983123004661738520e-01
5.7952441737838711333097e-01
5.9907027378538846296152e-01
5.6852447307585285418696e-01
5.1036733922684363040645e-01
4.7131902807482151107621e-01
4.7391992564713630864404e-01
4.9580802159087045133390e-01
4.9508962646781690120079e-01
4.5383697095926367470753e-01
3.9670359626615669945693e-01
3.6542167967141792050967e-01
3.7674093609990738640292e-01
4.0583034886519742112654e-01
4.1069397540383406619569e-01
3.7399412431750672647368e-01
3.2126777796380523444242e-01
2.9403080975605816460572e-01
3.0369328094806785633963e-01
3.1931576914226078578452e-01
3.0332038325613785989532e-01
2.5411280733530428044276e-01
2.0636638384439770499412e-01
1.9021936828155353027547e-01
1.9955297891184325953517e-01
2.0390719097016324345972e-01
1.8443917402615273015698e-01
1.5232711866199138972533e-01
1.3449182671867093707974e-01
1.4642693164730505306359e-01
1.7880928966541581592864e-01
2.0720329186570854429483e-01
2.1575265693065304173359e-01
2.1375695380072998186272e-01
2.2957777662364517445859e-01
2.8101721100795939989325e-01
3.5118725622147439757725e-01
4.0145669283536605798091e-01
4.1271723167304635859765e-01
4.0965882249076418508693e-01
4.3440782775947572869057e-01
4.9615544763596780564185e-01
5.5633205031861443501384e-01
5.6956778648737205195118e-01
5.3465791591004407923293e-01
4.9645162347455751294945e-01
4.9777035454531959324243e-01
5.3396639316030602984142e-01
5.5966246875179137543199e-01
5.3832395578667724400646e-01
4.8013337733113459204759e-01
4.2961139928548730537727e-01
4.1997102067851244111552e-01
4.4195475083391289050638e-01
4.5590664151981313834128e-01
4.3253694768125722225349e-01
3.8208582661580947625879e-01
3.4269990937758482152375e-01
3.4122964220682899805226e-01
3.6628814439923929047183e-01
3.7932820108869613751068e-01
3.5420334738499825721902e-01
3.0528989905213083089208e-01
2.7138144065382763248095e-01
2.7154341274771748304673e-01
2.8364339191794801786628e-01
2.7154748213227219988397e-01
2.2771618741424531906503e-01
1.8048401489061843827599e-01
1.5998965355479277672401e-01
1.6580606789171825621310e-01
1.7227430493791681676008e-01
1.5944203062499592848944e-01
1.3265427855095818232556e-01
1.1487619772811538676471e-01
1.2423795559959681378270e-01
1.5749360639931972438710e-01
1.9204339550540769354647e-01
2.0713219193433526910120e-01
2.0562972300998264008065e-01
2.1493772467467517350848e-01
2.5994891608635339874667e-01
3.3179231475523091043911e-01
3.9095220204536773600523e-01
4.0807195464553713826206e-01
3.9842282610014345678451e-01
4.0648068108045209978485e-01
4.5425662251596987672997e-01
5.1391149087377285820111e-01
5.3810368777823325281418e-01
5.1253510417900594031693e-01
4.7119613451159592099060e-01
4.5936646013640108909826e-01
4.8578305497930679424101e-01
5.1553324819599621875454e-01
5.0947073637793460765266e-01
4.6545339811088881631918e-01
4.1922434374090367104060e-01
4.0636696227373908518743e-01
4.2606653047351844554314e-01
4.4391866727621126509362e-01
4.2737462818065402592183e-01
3.7942381201742586549486e-01
3.3537683796093703536556e-01
3.2638715262187834031948e-01
3.4726406373713908370959e-01
3.6195730970404477178093e-01
3.4025546798822847716082e-01
2.9024931652990865194042e-01
2.4942761549020053823966e-01
2.4252247446422567356272e-01
2.5426478809395447466812e-01
2.4876196714584591918040e-01
2.1177509114121714772772e-01
1.6567215468390802945997e-01
1.4191286159954810686123e-01
1.4657496118766397130706e-01
1.5768334060736866053531e-01
1.5222658390609430933971e-01
1.2969850880733116427201e-01
1.0984691613336958204705e-01
1.1313724531281571517027e-01
1.4179728369439745239156e-01
1.7714730177182580472817e-01
1.9668250878080567600747e-01
1.9708113350640546479475e-01
2.0150668435575966319639e-01
2.3643303311300054025956e-01
2.9952582651660797363746e-01
3.5624169224974194802869e-01
3.7536169570070171408460e-01
3.6529642435129250355175e-01
3.6617440285265667743175e-01
4.0394261613043069836237e-01
4.5912162493762037618339e-01
4.8742386354044092700022e-01
4.6903510820840205175486e-01
4.3038467537566871268240e-01
4.1538513913736074822936e-01
4.3882129062021563159490e-01
4.7261694388683384016048e-01
4.7699695999482838448813e-01
4.4194498700293438631093e-01
3.9680427216251740185626e-01
3.8021917658971321474226e-01
4.0001648074695200785200e-01
4.2600544482036106774814e-01
4.2213206444887885204764e-01
3.8302602699449267431575e-01
3.3921554276599769073286e-01
3.2596414699239290024835e-01
3.4587238624300181699667e-01
3.6517665036143043266748e-01
3.4987640143158849070915e-01
3.0246625284529327082339e-01
2.5860478181355894822246e-01
2.4680553115622497206694e-01
2.5690344446157720170731e-01
2.5413065376383603410915e-01
2.2025565463867824433919e-01
1.7292836512867768017365e-01
1.4363589259951559107265e-01
1.4345220606134684304678e-01
1.5457334187348917287075e-01
1.5310510606705970970687e-01
1.3396276259946152120683e-01
1.1355585990976085897231e-01
1.1305855190275436450431e-01
1.3912987037043433868888e-01
1.7662607231629873227874e-01
2.0103637748649322292138e-01
2.0387449613730654340849e-01
2.0496660226293966777789e-01
2.3295839911316282289100e-01
2.9105722355543001134137e-01
3.4788832343852510442517e-01
3.6950253879958760983016e-01
3.5802496758052115843896e-01
3.5050185061268523956102e-01
3.7677718259847947646080e-01
4.2455582913114131571319e-01
4.5252768967937634370102e-01
4.3676839883594853475302e-01
3.9721006871737474241968e-01
3.7563516361607934834765e-01
3.9169756314217979431547e-01
4.2418421526653565800657e-01
4.3477267391968799081781e-01
4.0789258722258397993343e-01
3.6597464671571572347730e-01
3.4620311026732902837111e-01
3.6276959788778184723412e-01
3.9335199318454705519343e-01
4.0217825055692812963315e-01
3.7575439534293486598671e-01
3.3719152075857378170198e-01
3.2246560032798232686702e-01
3.4174725280132628446594e-01
3.6636916078162340415503e-01
3.5877471928225568298387e-01
3.1413100406859384428060e-01
2.6554335989435912113166e-01
2.4614373048243334829444e-01
2.5244650161582937730742e-01
2.5152040526710578438596e-01
2.2143586194371722708496e-01
1.7503153139310048680422e-01
1.4285475916417209041320e-01
1.3942838842956481459900e-01
1.5136979853329091127989e-01
1.5524651134462183477147e-01
1.4144030430407730780651e-01
1.2218221563398512508059e-01
1.1911645572987698826761e-01
1.4318570901338989465046e-01
1.8312796792499413944810e-01
2.1406476217912073778393e-01
2.2238725954530658146524e-01
2.2304537571768801029748e-01
2.4627527568096135857090e-01
3.0186553074383509764900e-01
3.6211363759870890399739e-01
3.8922040395269480450580e-01
3.7807222126221179392402e-01
3.6307302193087009900552e-01
3.7851995588246151180911e-01
4.1869223422100226850162e-01
4.4473107911631354349780e-01
4.2941458779135488477152e-01
3.8709925328307975833653e-01
3.5776909320578270667923e-01
3.6580922335361326647174e-01
3.9739652097283423293206e-01
4.1663239461435930266475e-01
4.0168239915147890828351e-01
3.6556491216333186766718e-01
3.4298895011242958030806e-01
3.5500004851644023640134e-01
3.8707802397230023361274e-01
4.0326061241334981710693e-01
3.8303835438473599062092e-01
3.4329337860840347662617e-01
3.2052238069724087177192e-01
3.3136486521953589790002e-01
3.5317999157300533630277e-01
3.4829510961249499079173e-01
3.0616104077047695541935e-01
2.5474863395726959902632e-01
2.2828206110571142017918e-01
2.2921194118836193953648e-01
2.2921158864444557412554e-01
2.0474690749708393533446e-01
1.6292178058885692371049e-01
1.3091645955130062906058e-01
1.2584053029481770402676e-01
1.3940316026853616371284e-01
1.4963195474101512183474e-01
1.4329185006702635507558e-01
1.2753125854742697331545e-01
1.2349112152112678986171e-01
1.4655003490698259582814e-01
1.8942214733462500730887e-01
2.2613016637810723352686e-01
2.3800005076175659302073e-01
2.3603765017867672781904e-01
2.5141837435515224097315e-01
2.9937233054950368460467e-01
3.5710549098140836887794e-01
3.8618406716825331992382e-01
3.7546435422876728305042e-01
3.5450252326894027277149e-01
3.6034806773100591659187e-01
3.9589805256605431482697e-01
4.2794694385572656925021e-01
4.2524157433459131016917e-01
3.9216245925454595866455e-01
3.6333919675924081227336e-01
3.6802305590081724195883e-01
4.0088640576643058688333e-01
4.2744064189572122947069e-01
4.1962070127691997178943e-01
3.8419538928834684465841e-01
3.5516170322982909546283e-01
3.5914287274921280479489e-01
3.8823046712504227784279e-01
4.0706125482745819654795e-01
3.8943107554118211455219e-01
3.4672944203535638330038e-01
3.1601219325213836253141e-01
3.1913885761392513096268e-01
3.3854827395653536159514e-01
3.3672638982361957626921e-01
2.9819574746315702373778e-01
2.4613587185111646116198e-01
2.1547823853692132933801e-01
2.1459340518119385254892e-01
2.1950276978205604527794e-01
2.0380825581844702609757e-01
1.6761073336758997021079e-01
1.3467194760872236436455e-01
1.2576240668336302608310e-01
1.3950361446494990991241e-01
1.5655557304561354414751e-01
1.5902725146102719699925e-01
1.4745379602798050489021e-01
1.4144993195933661112029e-01
1.6109318279075771074282e-01
2.0414880320314396366932e-01
2.4472483046674151085931e-01
2.5932876892844969329843e-01
2.5419950702756266558424e-01
2.6046782031122872602680e-01
2.9806972850907970107315e-01
3.4975605604371412526987e-01
3.7796801417097958264435e-01
3.6662120338006870534642e-01
3.3948345364362442211359e-01
3.3391655864304753409399e-01
3.6022498504864230994826e-01
3.9205865348795626568190e-01
3.9637086595579679171308e-01
3.6881177928610653360408e-01
3.3762277310909949434858e-01
3.3510667787902026493185e-01
3.6565178271352077876699e-01
4.0153387220484565434120e-01
4.0989952457942346875086e-01
3.8581026046721123012873e-01
3.5803561703363301349512e-01
3.5889795131365492819597e-01
3.8895319903953473605895e-01
4.1466943041758963506282e-01
4.0355190159527254412097e-01
3.5962847948876897063997e-01
3.1906024075006877982474e-01
3.0943297525092405830804e-01
3.2002765827179441293637e-01
3.1584233473151862581219e-01
2.7823237200548700531755e-01
2.2506458312735982962849e-01
1.8929052039374427707230e-01
1.8370087795392417429063e-01
1.9116296728535367432933e-01
1.8652925045130758219258e-01
1.6295847781967984224671e-01
1.3668338712024846737236e-01
1.2961791064353947455778e-01
1.4780167896240153924126e-01
1.7555319975265795684471e-01
1.9035187280234125428713e-01
1.8522619569176654308329e-01
1.7772396715885241391675e-01
1.9268528993714403863002e-01
2.3395934543232377311739e-01
2.7618653354544198119669e-01
2.9075407106155476411047e-01
2.7863294822102219194804e-01
2.7086758710821057238860e-01
2.9251397273410162380713e-01
3.3279864671294967504167e-01
3.5705150853288514234407e-01
3.4601325713178621157340e-01
3.1692490475344831102333e-01
3.0460225918496858232842e-01
3.2543028457417583210187e-01
3.6165192398825163344611e-01
3.8028579782022764455007e-01
3.6698488896031250527940e-01
3.4088063539513008270987e-01
3.3518777743692956816446e-01
3.6255591918243834648194e-01
4.0179088345314056818225e-01
4.1852592819001194213158e-01
4.0011160611829527100625e-01
3.6993309813953578757406e-01
3.6339146987919995757110e-01
3.8843550659127784596691e-01
4.1477602635672511377507e-01
4.0632858994850912237595e-01
3.6101211130908278379437e-01
3.1272295273341577104276e-01
2.9291080364588234496992e-01
2.9687667259603961467107e-01
2.9290243279368510798122e-01
2.6016408790094730507647e-01
2.1100546610217846277280e-01
1.7508143464728881388837e-01
1.6794555213792847214727e-01
1.7835654448323781662289e-01
1.8275723530184850851299e-01
1.6912635619271618181436e-01
1.4719717025701020696182e-01
1.3884860497148171498694e-01
1.5622573178368687196738e-01
1.8815786486524047060875e-01
2.1003356563902980669312e-01
2.0890292460471718283266e-01
1.9933892340890571603929e-01
2.0900696651041786311431e-01
2.4595234652848885215093e-01
2.8617714989295484073750e-01
2.9895777033122145072142e-01
2.8222972770695736732804e-01
2.6533193559815487772013e-01
2.7548051414422275451344e-01
3.0757512128806197004849e-01
3.3112709140260998541549e-01
3.2459515165620350662934e-01
2.9842121782156155740395e-01
2.8364274197034855529154e-01
3.0043849462801958116742e-01
3.3901213220432024897377e-01
3.6967958953554697076882e-01
3.7165632388636937744053e-01
3.5450401677700382752079e-01
3.5000502689240337028664e-01
3.7882837350051473679358e-01
4.2558968682816888939868e-01
4.5235117769467952930640e-01
4.3795085953896284447495e-01
4.0140653101408285685636e-01
3.8129463831856486022431e-01
3.9212129202984974396529e-01
4.0812086645039685750547e-01
3.9375463282240952267443e-01
3.4464749902347946441949e-01
2.9133990350533089941365e-01
2.6495963395849414512284e-01
2.6580448776363441165671e-01
2.6763083033571793967198e-01
2.4765875114346799779064e-01
2.0950043635974591182958e-01
1.7742874808671568742646e-01
1.7106038304794388138497e-01
1.8671416332414814132079e-01
2.0243489601414985101790e-01
1.9955926018129044319238e-01
1.8122102033351025762720e-01
1.6998352317338122352552e-01
1.8437299585900540632721e-01
2.1738272964232510653382e-01
2.4154580850861290253206e-01
2.3852856810880965210409e-01
2.2057172957808354740727e-01
2.1722558390812876649711e-01
2.4103327552884437623426e-01
2.7244808889553046027387e-01
2.8192833852681964401654e-01
2.6352969083174782038981e-01
2.4124808049264490072972e-01
2.4249673329240917230010e-01
2.6968930431473453479541e-01
2.9926370376395228234401e-01
3.0693163365401882058947e-01
2.9242317034948128728900e-01
2.8039988757409350927929e-01
2.9647087419202894365000e-01
3.4018816705617854756483e-01
3.8376044368883216462152e-01
3.9887670121704937864493e-01
3.8623190441745497425430e-01
3.7610052904669355466893e-01
3.9592822814025235844682e-01
4.3761502892117376539716e-01
4.6337913352852644344182e-01
4.4681668607050623043264e-01
4.0238554566644413323928e-01
3.6894327652019304197850e-01
3.6640260419588349671827e-01
3.7608339330634671382469e-01
3.6472309236313621427783e-01
3.2234891506690760420994e-01
2.7187506774248865193400e-01
2.4374364663564848654254e-01
2.4552364889179645324191e-01
2.5744406490986909696872e-01
2.5426248512243904142949e-01
2.2993658025048160920001e-01
2.0247537524814743226109e-01
1.9590371789697091919891e-01
2.1526858580624522176983e-01
2.4000696757949571691348e-01
2.4420823904747507304691e-01
2.2466174356384049914936e-01
2.0532081284184555691752e-01
2.1043984354587150220617e-01
2.3626671396774784339456e-01
2.5446998777152768367316e-01
2.4431545544241170531130e-01
2.1610434710120315915383e-01
1.9907203382122085066896e-01
2.0884502204105154232749e-01
2.3154438089387227583948e-01
2.4111726615089790204394e-01
2.2814220801185175480086e-01
2.0867845312142174751813e-01
2.0770099788999416001722e-01
2.3469530323082057887696e-01
2.7419104769113422648275e-01
2.9993045420228725550515e-01
3.0097440832143268485410e-01
2.9468233109223573862323e-01
3.0997642330616353989470e-01
3.5529065490691136286472e-01
4.0560384377384173237857e-01
4.2655120850524402831283e-01
4.1162876523560398833723e-01
3.9025740711229750523614e-01
3.9441950105094347733825e-01
4.2127945456226395526400e-01
4.3664299272701201370950e-01
4.1419846348791450330040e-01
3.6476599775814955162190e-01
3.2398843911656899363649e-01
3.1493406007778973476618e-01
3.2658013256882295616279e-01
3.2889234427065361376918e-01
3.0527360413507298453339e-01
2.6807760613576081532017e-01
2.4490327914724793756385e-01
2.5089758261352118617893e-01
2.7420302246140021429355e-01
2.8721009675203346134253e-01
2.7382600374929405573354e-01
2.4673441939766707631243e-01
2.3430304716141195364720e-01
2.4891338296903164906126e-01
2.7186197225449704184541e-01
2.7330749479821936365198e-01
2.4592326615276299817126e-01
2.1310866812087705945977e-01
2.0191698783107417392024e-01
2.1313257976060906440097e-01
2.2270410079079422382975e-01
2.1064439063155748765865e-01
1.8265204898066131344869e-01
1.6276713423089933518995e-01
1.6796721090127347819632e-01
1.9204661050110022335602e-01
2.1317810594311487060182e-01
2.1576163810414197841148e-01
2.0582156677719223858425e-01
2.0643301146762990661010e-01
2.3467145969983002617987e-01
2.8190472048534259696950e-01
3.1961122577197642602442e-01
3.2837274204585098491549e-01
3.1997139870953095197592e-01
3.2579240444088208850104e-01
3.6077969919696106781970e-01
4.0348304784904182040961e-01
4.1820229963652544302732e-01
3.9499261401975854779423e-01
3.6099646588660111445890e-01
3.5020790407610530303728e-01
3.6690489435561063347180e-01
3.8378858984829855582888e-01
3.7336211398899249447325e-01
3.3733014122056609318534e-01
3.0371846411331804294065e-01
2.9775732998194143208437e-01
3.1747043028367388783906e-01
3.3665605195111647507389e-01
3.3104964441771977945450e-01
3.0249446092391268914312e-01
2.7778998335187388146750e-01
2.8034547726704334147385e-01
3.0437229793970094204880e-01
3.1988840401030954607720e-01
3.0445293025716763102295e-01
2.6772979268789554030405e-01
2.4075399989253828958446e-01
2.4129639495986762720570e-01
2.5460315255066368056447e-01
2.5160107822185939774329e-01
2.2237898422359414496441e-01
1.8650933451858844880356e-01
1.7033100811593795964605e-01
1.7906714209422158745610e-01
1.9364486296650829100230e-01
1.9251375040939347482727e-01
1.7381801732441645724769e-01
1.5632123279916401714651e-01
1.6044318603921975396887e-01
1.8796167029519370017532e-01
2.1958867653464891889215e-01
2.3364775989548247636662e-01
2.2892420493640078249520e-01
2.2767150999396998378721e-01
2.5218131631047507879018e-01
2.9770620907968364798890e-01
3.3446010344223392474206e-01
3.3952557466540495001439e-01
3.2279082030496303312717e-01
3.1656429003239411335002e-01
3.3934195847190168349172e-01
3.7468989143855707668607e-01
3.8956921695627005908236e-01
3.7073753929919173177865e-01
3.3905490593491399708981e-01
3.2694252215440278153125e-01
3.4434820133766935734698e-01
3.6996414210713657322316e-01
3.7474031188679007842168e-01
3.5146848968040589333839e-01
3.2188807004186092974862e-01
3.1488767937527240015072e-01
3.3648756516506950209333e-01
3.6254561690455855416104e-01
3.6346468774112533628440e-01
3.3500947645319317791390e-01
3.0264909333281719838737e-01
2.9416530440624288900153e-01
3.0900372565812761482817e-01
3.1868272060066771267373e-01
2.9888787760593193976177e-01
2.5664395884414026305365e-01
2.2163508410642104862198e-01
2.1293798094752017235898e-01
2.2016154588114453249936e-01
2.1809484317461344526912e-01
1.9493691142638361335493e-01
1.6354485827688533539082e-01
1.4676554877341221883036e-01
1.5415303014147208049422e-01
1.7347684027106807791441e-01
1.8399739510654039564841e-01
1.7719213017619117600532e-01
1.6562338100998075240966e-01
1.7103012365040487496870e-01
2.0115621774407269062301e-01
2.3884071785539376375773e-01
2.5815028740073470148175e-01
2.5307513497460853990617e-01
2.4549609480056328036923e-01
2.6085981566389576657983e-01
2.9803099134389599011996e-01
3.2910283909381038425224e-01
3.3017669751442474401770e-01
3.0794082805510508693558e-01
2.9247386484052806387979e-01
3.0472815276499626291340e-01
3.3510215878045324089385e-01
3.5515603109396703951361e-01
3.4801804191161522794573e-01
3.2542290069815266173592e-01
3.1615310863305423616509e-01
3.3672802217086816867209e-01
3.7334118651375125530478e-01
3.9506090045008074307376e-01
3.8546597361338580389756e-01
3.5953770725591061019344e-01
3.4838500065273420025491e-01
3.6563797537326198083818e-01
3.9088298590907638585534e-01
3.9128314873799496798057e-01
3.5782563736391026498751e-01
3.1521202253393598713416e-01
2.9400729907012462804872e-01
2.9759362403875216918081e-01
3.0097316401211005043592e-01
2.7996413632389588466154e-01
2.3778860534957430017400e-01
2.0038087906449963959687e-01
1.8820764380849425156939e-01
1.9660217323444326154025e-01
2.0356762519991111748396e-01
1.9328750900063740303381e-01
1.7085830750441052816591e-01
1.5664329853142197612748e-01
1.6577511635663358391390e-01
1.9212328393952368688069e-01
2.1327683199077440701075e-01
2.1329145541167995880905e-01
2.0080769613709445464700e-01
2.0057802765968557601184e-01
2.2534614679139519655138e-01
2.5947428415657158851104e-01
2.7512791053004193031484e-01
2.6370291349234242783695e-01
2.4582701389607525266356e-01
2.4804118451330528505316e-01
2.7334320920165805501867e-01
2.9858466771865982414269e-01
3.0066754801122419493709e-01
2.8129058817016189264493e-01
2.6521142693364468945205e-01
2.7488568163646709407999e-01
3.0821432827469019688493e-01
3.4064618298786170091930e-01
3.4940273917655978452856e-01
3.3708076483056925720661e-01
3.2997361923177870313140e-01
3.5078856927882362537474e-01
3.9279582658100753445041e-01
4.2425135938972385885037e-01
4.2057896802848915296380e-01
3.9103940732438113858649e-01
3.6878806555629900509885e-01
3.7364461967930112651359e-01
3.8975684232475865664824e-01
3.8463715662347508494889e-01
3.4677751044006366321071e-01
2.9796285949650092028662e-01
2.6849955221230431545720e-01
2.6582896502987440889854e-01
2.7025975951198144553445e-01
2.5847828306528664032982e-01
2.2729024667893202305002e-01
1.9562245072536313394984e-01
1.8458628383129796479700e-01
1.9664533379018747649702e-01
2.1355349583964011728199e-01
2.1488116474846000181209e-01
1.9867746447950174193409e-01
1.8415263472813203637912e-01
1.9156591267158079583410e-01
2.1900043295990692659991e-01
2.4233902840082102714270e-01
2.4084545815548458191913e-01
2.2072905742719869937041e-01
2.0844054407842060872014e-01
2.2010852671917702227944e-01
2.4310577657406282070518e-01
2.5127422057678810984882e-01
2.3518544203986094243142e-01
2.1211751558109656623508e-01
2.0686074166067194846086e-01
2.2655888817096164755682e-01
2.5483851615566116555200e-01
2.6894811790542838547680e-01
2.6256207869930758835864e-01
2.5325417054767174196428e-01
2.6542557571518959891321e-01
3.0458359991038280734088e-01
3.4952240647550114616138e-01
3.7233109179702850166649e-01
3.6714197466892295462770e-01
3.5772616277342339508039e-01
3.7186282276462295781627e-01
4.0791171496782380190282e-01
4.3390259480113019252556e-01
4.2278462364286162333826e-01
3.8281522874473705719822e-01
3.4821378899720117905403e-01
3.4161712436931501724047e-01
3.5176620527670587890157e-01
3.4908373186179053604405e-01
3.1902953761135655064152e-01
2.7659580827948787584702e-01
2.4959643117509638932106e-01
2.5049889680360365451506e-01
2.6597654810512960654734e-01
2.7129969884260624057859e-01
2.5463646416672713890250e-01
2.2876304847169862122236e-01
2.1789669771452147006841e-01
2.3188972811379410243759e-01
2.5445120697761736128228e-01
2.5948960294856210362369e-01
2.3942620114914903162173e-01
2.1396940379778531249322e-01
2.0799598008210226640635e-01
2.2296780253736692145594e-01
2.3562746591107533444820e-01
2.2521207620853017639106e-01
1.9707084610294559046118e-01
1.7591996951105084989742e-01
1.7862367413874252752848e-01
1.9765864989202461265982e-01
2.1087415231454853525861e-01
2.0530907604409240341248e-01
1.9008962540369256366546e-01
1.8731883320115944036033e-01
2.1018809469054119953846e-01
2.4860059437183371078284e-01
2.7787387576332611693886e-01
2.8357003815085479736524e-01
2.7772570216193659398130e-01
2.8752454756595907658934e-01
3.2492470135241108275537e-01
3.7053924285651240744244e-01
3.9232223395813053956616e-01
3.8027249077493241458114e-01
3.5820280037119467397844e-01
3.5696651981697885558376e-01
3.7950894070619844988812e-01
3.9861092800936787083899e-01
3.8826595309425415702975e-01
3.5205923807015759852135e-01
3.1879883325602614840832e-01
3.1220038265359711937563e-01
3.2751872459393266412420e-01
3.3879508346469888735442e-01
3.2641968842407015349849e-01
2.9623597329696371716068e-01
2.7350947069045855597480e-01
2.7703004746045184480963e-01
2.9904293523194386272834e-01
3.1209551097324145230161e-01
2.9777947268730337038178e-01
2.6613205219612379170968e-01
2.4492339617855860001150e-01
2.4886586041048794348818e-01
2.6321268781587564555835e-01
2.6063848395941191515846e-01
2.3231260611015927541878e-01
1.9753788563502788777626e-01
1.8151358547466836523832e-01
1.8806065369628929828671e-01
1.9803044376845366225659e-01
1.9187971276083720661987e-01
1.6985679025189664992368e-01
1.5077402054951435927954e-01
1.5274210955421166358015e-01
1.7507721164530426483097e-01
1.9909798455575825060215e-01
2.0713861874507283333813e-01
2.0086855033755071642254e-01
2.0048661425825500814746e-01
2.2397417402419170229244e-01
2.6593306553302464845245e-01
3.0042107698156356176966e-01
3.0794463832653312662657e-01
2.9763734865451135780390e-01
2.9789671192748090611246e-01
3.2372929261390043231827e-01
3.5881671533400744111830e-01
3.7326029054288001329809e-01
3.5682216319312265451202e-01
