3.1415926535736606872717e+00
2.2662055624564101385943e+00
6.6409725936183527927881e-01
4.3465851621895059981454e-04
3.7606746846148481067118e-01
6.1548420623275290619603e-01
3.0434301739785096785340e-01
1.2679987110578704381791e-02
7.4070578866822889274601e-02
1.8104095871303241271910e-01
1.1431461582744507909926e-01
1.5968445666207621569388e-02
4.2739515869810347503677e-03
2.3601539941075586753749e-02
2.0332985950216125869972e-02
7.6342715438746317282992e-03
1.4652602789916651868096e-03
7.8309495128308523000972e-05
2.2107116547561428822159e-04
2.0618080063976133853298e-03
5.7185977793059901419515e-03
7.0664811958336265496072e-03
3.2009688863477484509212e-03
3.1751763220799653958035e-06
2.8693606732287800682724e-03
6.6763839512444982451922e-03
5.2939013635864085385863e-03
1.3774744148001771219120e-03
2.5654126769877041373390e-05
1.3929180273770012075951e-03
2.8683838459472601155331e-03
2.9887435126245598566996e-03
1.8269947651433332113519e-03
3.5666522447948663604791e-04
1.8534856885424387615974e-04
2.1002864207930590709217e-03
4.1855423651326216158419e-03
3.5660231600600045091809e-03
9.0750019242203283816040e-04
1.7349732307161763126407e-04
2.7626227464279833924421e-03
5.2380642172939768236306e-03
4.2880188128904409353148e-03
1.2262089107285343691361e-03
6.7653208431564729858319e-05
2.4785520341429889690232e-03
5.7809856193778933614036e-03
5.9474648456512178504307e-03
2.5194140442367828416903e-03
7.2964810743319463863846e-06
2.6904291567283371636177e-03
8.2690310940880459855684e-03
9.7316190089167444593476e-03
4.7413869092663221693762e-03
1.1441598523471887671049e-04
3.2528303645901470927959e-03
1.1485076412422155767157e-02
1.4725347056261240200059e-02
8.2988173524578337514335e-03
6.1124152733877973753956e-04
3.4743032967644738723267e-03
1.5870127077867963311109e-02
2.3830810162741945801290e-02
1.6146729797173364068241e-02
2.3475539560874961186876e-03
3.8170386044937137937083e-03
2.2851097225282633595977e-02
3.8966165677937453226676e-02
2.9832359638596494394447e-02
5.9182049197080187699638e-03
4.8484001910426019824052e-03
3.2023676985332677480400e-02
5.9571900749918998974053e-02
5.1571173410585861851541e-02
1.3032583483277295280378e-02
6.0471324485636534368238e-03
4.1508414324357888192107e-02
8.0193982908097150019699e-02
7.8119309864823405220591e-02
2.3557909295675034944129e-02
5.8061258137905103274279e-03
4.7993253527447606032741e-02
8.9364390305818997006782e-02
8.9219744620839702697879e-02
3.0752323981123555474149e-02
1.5463184161825149678243e-03
3.5561677995342370894871e-02
7.6461653009589874985252e-02
7.0417730543677836685390e-02
2.6043457167214498215735e-02
2.1446460976408468490639e-03
2.2427715541321776443473e-02
5.4283082137752083906612e-02
5.8754949498034343691177e-02
2.2332435632213910869925e-02
3.3941946990983782629636e-03
1.9386205603966335381250e-02
4.0610904286397860041280e-02
4.4334830310495849936547e-02
1.9557392908545256221542e-02
4.7331112342464682751081e-04
1.4664649856485731382882e-02
4.1213099393895842592617e-02
4.2383381324309833682040e-02
1.5813360722526613455496e-02
2.4175688099238750762565e-03
2.1493031633431178284432e-02
4.9036985510753181016774e-02
4.8198245604878398040682e-02
1.4252753292405146920419e-02
1.8711275150994643740737e-03
3.3048465928126574686630e-02
6.3977198340691238120925e-02
5.2964918485405625137030e-02
1.1814631513412979582633e-02
4.5677848073094277220330e-03
4.3356875981996799429563e-02
7.7633364691865228146561e-02
5.7529633857097271787406e-02
1.1927994164602018570265e-02
5.8793039355251068209252e-03
