6.5653770753277001404058e+01
6.5653549909805832385246e+01
6.5653059589959497088785e+01
6.5652557290295703751326e+01
6.5655105797439958337236e+01
6.5655462859476429571259e+01
6.5658517528399386264937e+01
6.5661450681277173657691e+01
6.5661044301780947307634e+01
6.5662528460955840614588e+01
6.5661944705565787216983e+01
6.5662908493473054249989e+01
6.5662424085479429436418e+01
6.5662228478539034881578e+01
6.5662058843136819064057e+01
6.5661198061631694145035e+01
6.5660479348385720754777e+01
6.5659905837177916509972e+01
6.5659812858529079448999e+01
6.5659443242845213717374e+01
6.5659480831794880373309e+01
6.5658925453043423203781e+01
6.5658791300596050177774e+01
6.5658383813495248659819e+01
6.5658220054388721109717e+01
6.5657863658210757762390e+01
6.5657388704556083780517e+01
6.5656336849495829710577e+01
6.5655904669597816791793e+01
6.5655635404848354141905e+01
6.5655629697152505741542e+01
6.5654577494987535146720e+01
6.5654033107028482163514e+01
6.5653653271977205463372e+01
6.5653492538189013316696e+01
6.5653424412622754857694e+01
6.5652499292522335849753e+01
6.5652263590622695232923e+01
6.5652054115612898499421e+01
6.5652319160898585437280e+01
6.5652732550196461147607e+01
6.5651517484111295175353e+01
6.5649119306733737744253e+01
6.5642141866517789594582e+01
6.5639377994496683754733e+01
6.5637261781008717775876e+01
6.5637239901471460257198e+01
6.5635520997852154323482e+01
6.5635165672210277421073e+01
6.5634770889609086452765e+01
6.5634533133932791315601e+01
6.5633352878723897561031e+01
6.5632086420687386407735e+01
6.5631931607718016152830e+01
6.5632430826839879500767e+01
6.5632749616158747585359e+01
6.5633102671742420852752e+01
6.5628613013515959551114e+01
6.5627927252552581194323e+01
6.5623032136073817355282e+01
6.5623520659924921005768e+01
6.5616062389045112013264e+01
6.5613326851080515211834e+01
6.5612644159823474865334e+01
6.5616315731714806247510e+01
6.5614545680836641849965e+01
6.5614210187184639266889e+01
6.5613593148695926515757e+01
6.5613039046746905569307e+01
6.5611690864363453101760e+01
6.5611753377703777800889e+01
6.5610488233237560962152e+01
6.5611481597923400954642e+01
6.5611552900055187365069e+01
6.5609579060083987656071e+01
6.5609174435163367888890e+01
6.5609985729629329398449e+01
6.5607945472563656608145e+01
6.5607922439022345884041e+01
6.5611722621751823680825e+01
6.5609418643009689731116e+01
6.5613700544156344562907e+01
6.5614150029226266269688e+01
6.5611599828909987763836e+01
6.5614767897536850682627e+01
6.5608806983970794135530e+01
6.5608369753873631680108e+01
6.5610590410591868248957e+01
6.5612566123225732894753e+01
6.5617564210054013074114e+01
6.5621411252628377042129e+01
6.5620239406176452234831e+01
6.5617122314167488639214e+01
6.5618033260920626048573e+01
6.5618519759682257586064e+01
6.5618568687035775610639e+01
6.5618709898074669695234e+01
6.5618810854891378880893e+01
6.5618690443361217035090e+01
6.5618612457201763277226e+01
6.5618394293119777671563e+01
6.5619721793263337872304e+01
6.5620084903613346227758e+01
6.5619985021610645503642e+01
6.5619672718150113155389e+01
6.5618938721063159391633e+01
6.5619043958665514537643e+01
6.5619151104659749762504e+01
6.5621474860496718406466e+01
6.5620478567040521511444e+01
6.5618730837889231111149e+01
6.5619510161943068737855e+01
6.5620402009448525859625e+01
6.5620951439931971549413e+01
6.5622402003696578276504e+01
6.5622471788276939719253e+01
6.5622030068882764908267e+01
6.5623193311655455772780e+01
6.5623601197101393722733e+01
6.5623995576321263456521e+01
6.5625040786096278111472e+01
6.5625502110759768470416e+01
6.5625879475645248817273e+01
6.5624569038719300806406e+01
6.5625165604916830375259e+01
6.5624334881053854928723e+01
6.5625461246146244320698e+01
6.5625636036142822149486e+01
6.5625717963672983046308e+01
6.5626467751443300358005e+01
6.5625059952303558929998e+01
6.5625579077258848315068e+01
6.5626286854813770332839e+01
6.5627119797333222095403e+01
6.5628303272791683298237e+01
6.5629025451990514739009e+01
6.5629443768656443580767e+01
6.5629561674424039097175e+01
6.5629601621348214735008e+01
6.5629440408261814354773e+01
6.5629849114533286069673e+01
6.5629473075153811123528e+01
6.5629617464638798196574e+01
6.5628373924480627010780e+01
6.5629198123838349943071e+01
6.5629142872608952075097e+01
6.5629481872961164867775e+01
6.5629550938474025656433e+01
6.5629732519137235158269e+01
6.5629645334386466970500e+01
6.5630178932265124558398e+01
6.5630413535961181992207e+01
6.5631391171200561984733e+01
6.5631703875386136814996e+01
6.5632164375724812543922e+01
6.5632908340831306759355e+01
6.5633035559430737748698e+01
6.5633344312926666930252e+01
6.5633658946709786619067e+01
6.5634220258175886897334e+01
6.5634214850826523957039e+01
6.5634231960262511051951e+01
6.5634226320075612193250e+01
6.5635096677111974372565e+01
6.5635467540944006259451e+01
6.5634957746523497235103e+01
6.5635048563616280148381e+01
6.5635449107394364887114e+01
6.5635656284888042932835e+01
6.5636201580426870805240e+01
6.5635986906961846898412e+01
6.5636040250636639825643e+01
6.5636506049409646834647e+01
6.5636288103881881283996e+01
6.5636605757612386469191e+01
6.5636765717898953198528e+01
6.5636396920843523616895e+01
6.5636531425759088165250e+01
6.5636733078882343761506e+01
6.5637342467733773787586e+01
6.5637238245143265658044e+01
