4.8731988529958574218881e+00
4.8731988529958574218881e+00
4.8731988529958574218881e+00
4.8731988529958574218881e+00
4.8731988529958574218881e+00
4.8731988529958574218881e+00
4.8731988529958574218881e+00
4.8731988529958574218881e+00
4.8731988529958574218881e+00
4.8731988529958583100665e+00
4.8731988529958574218881e+00
4.8731988529958574218881e+00
4.8731988529958574218881e+00
4.8731988529958583100665e+00
4.8731988529958583100665e+00
4.8731988529958565337097e+00
4.8731988529958574218881e+00
4.8731988529958574218881e+00
4.8731988529958583100665e+00
4.8731988529958565337097e+00
4.8731988529958574218881e+00
4.8731988529958574218881e+00
4.8731988529958574218881e+00
4.8731988529958574218881e+00
4.8731988529958574218881e+00
4.8731988529958583100665e+00
4.8731988529958574218881e+00
4.8731988529958574218881e+00
4.8731988529958583100665e+00
4.8731988529958574218881e+00
4.8731988529958574218881e+00
4.8731988529958583100665e+00
4.8731988529958574218881e+00
4.8731988529958440992118e+00
4.8731988529954586297777e+00
4.8731988529888790040445e+00
4.8731988528940863858452e+00
4.8731988520077953452869e+00
4.8731988465063684756728e+00
4.8731988222505400187856e+00
4.8731983980494062436151e+00
4.8731944980714372306352e+00
4.8731866663806417960814e+00
4.8731760691711629718270e+00
4.8731656356238008953596e+00
4.8731546981129119089360e+00
4.8731437572022109350200e+00
4.8731309067545538482591e+00
4.8731157101030220246685e+00
4.8730952382495189567635e+00
4.8730722936366834829869e+00
4.8730440868673721155346e+00
4.8730130655773811199083e+00
4.8729841973044694114492e+00
4.8729482359267271007752e+00
4.8729110779292943433916e+00
4.8728798850094694472546e+00
4.8728545588544305289247e+00
4.8728363198617259399725e+00
4.8728206082207492499947e+00
4.8728057545063050426393e+00
4.8727895961932432555841e+00
4.8727742504450901606106e+00
4.8727575228263280138208e+00
4.8727379768302254703372e+00
4.8727206000264402518951e+00
4.8727019839157730274337e+00
4.8726780305006176519100e+00
4.8726387410874512085002e+00
4.8725942587193529220713e+00
4.8725057270482974303150e+00
4.8723639604741952879863e+00
4.8722331440425028503682e+00
4.8721310845311300852245e+00
4.8720332123499305865266e+00
4.8718489376713520755402e+00
4.8715874669730974133586e+00
4.8713752994793999562262e+00
4.8712443004411420943711e+00
4.8711737000432231425862e+00
4.8711222916954559636338e+00
4.8710626730019690455720e+00
4.8709896584301359823144e+00
4.8709233662536997044867e+00
4.8708262381420901476758e+00
4.8707105347343517820491e+00
4.8705360958543533200782e+00
4.8703222040277038829004e+00
4.8701613010955693283677e+00
4.8700456312503135336556e+00
4.8699217486897756757003e+00
4.8697995409479650774642e+00
4.8696435658266024049112e+00
4.8694801250427177663482e+00
4.8693691697270651275176e+00
4.8692428104569973612570e+00
4.8690551924691360952124e+00
4.8688938373990353625231e+00
4.8687411562351208260679e+00
4.8685546341140391035651e+00
4.8684143067193508258583e+00
4.8681241967833095429796e+00
4.8677519290395272477667e+00
4.8674178046568172817388e+00
4.8671895535308733471425e+00
4.8670561565851810925665e+00
4.8669129787686609134312e+00
4.8667862008794466888162e+00
4.8666620823282231711460e+00
4.8665390662368697149986e+00
4.8664381088025354671345e+00
4.8663139599966891424287e+00
4.8662086388401730729925e+00
4.8660784451554430773967e+00
4.8659248475213132678618e+00
4.8657104255421481653343e+00
4.8654596562540834980837e+00
4.8652994044170547738304e+00
4.8651321097250237457388e+00
4.8649607650707364925324e+00
4.8647659246485535078364e+00
4.8645807170105674899219e+00
4.8644029552432730412193e+00
4.8642550455509070417293e+00
4.8640811323870929427926e+00
4.8638871874359530522725e+00
4.8636890961203640415533e+00
4.8634957415731765451028e+00
4.8632178912947887639007e+00
4.8628553534306862005110e+00
4.8625994455242134151263e+00
4.8623918703600494950479e+00
4.8621167987797875298384e+00
4.8618463482456855118130e+00
4.8615563481855623706451e+00
4.8613113223767374648787e+00
4.8611019413818219447876e+00
4.8609418949708853574521e+00
4.8607645199715499018112e+00
4.8605962039517525141719e+00
4.8604286991828535846594e+00
4.8602170546163003805873e+00
4.8600410185362710180357e+00
4.8599114098104641001896e+00
4.8597685900411011772349e+00
4.8596250983495492548059e+00
4.8594309151608685581891e+00
4.8592325098792974458206e+00
4.8590789057681735840788e+00
4.8589393653158534647218e+00
4.8587970193897929149784e+00
4.8586228828986346428565e+00
4.8584406124184669195643e+00
4.8582100447972571544142e+00
4.8579844052469347559509e+00
4.8577794005622410011824e+00
4.8575903048799720096440e+00
4.8574174110017853678301e+00
4.8572274586928294581867e+00
4.8570610472603545915149e+00
4.8568418738055267880327e+00
4.8566818368139754724666e+00
4.8565414771099035817770e+00
4.8564251561063134232654e+00
4.8562852402097096415901e+00
4.8561127840323194959637e+00
4.8559632143568727258298e+00
4.8558338909837157615357e+00
4.8557083968855350164517e+00
4.8555669189805401586568e+00
4.8554312780192798726375e+00
4.8552949003335257316394e+00
4.8551749922484619403917e+00
4.8550457390824366399329e+00
4.8548832942518158617418e+00
4.8547403014592287462392e+00
4.8545679913695538587604e+00
4.8544190636585957676630e+00
4.8542531093910072925723e+00
4.8540754494896489745770e+00
4.8539378167884166259682e+00
4.8538039698952228917506e+00
4.8536642064406683161337e+00
4.8534985425846528528382e+00
4.8533516718904659015266e+00
4.8532232675297830581940e+00
4.8530936138499667364954e+00
4.8529636952074053368733e+00
4.8528320035923950825918e+00
4.8526994898758477603451e+00
4.8525651478265334759499e+00
4.8524166501083181302079e+00
4.8522144347478874948365e+00
4.8520470845416303617981e+00
4.8518898889476682612099e+00
4.8517359439300316026333e+00
4.8515777597802776099911e+00
4.8514201257653990495555e+00
4.8512825073517245044741e+00
4.8511522545521410521019e+00
4.8510366820929489151126e+00
4.8509089541029899450564e+00
4.8507619021103050016563e+00
4.8506137574462702133360e+00
4.8504613767739765961551e+00
4.8503113513730271577629e+00
4.8501452257442627669093e+00
4.8499497438332044296772e+00
4.8497752105435107949916e+00
4.8496244767189802260532e+00
4.8494771628071289271134e+00
4.8493477554422597108896e+00
4.8492286225527658771739e+00
4.8491257359620751898888e+00
4.8490152414605187658481e+00
4.8488969428066548417178e+00
4.8487878744476997638913e+00
4.8486823578790918531922e+00
4.8485761850564097485972e+00
4.8484670969099008530634e+00
4.8483627997233966766544e+00
4.8482476436155055310451e+00
4.8481438837900956428939e+00
4.8480311730528553582076e+00
4.8479203855005481571538e+00
4.8478072350126106826451e+00
4.8476748257593564872536e+00
4.8475406947971970694766e+00
4.8474148072415328414309e+00
4.8472557117015604433163e+00
4.8471240365959680218566e+00
4.8470065321530473312350e+00
4.8468881455295962368268e+00
4.8467712250488252934133e+00
4.8466656284269804544351e+00
4.8465568091744053447201e+00
4.8464449630632131515995e+00
4.8463448626962311038824e+00
4.8462461201392699194912e+00
4.8461477869607856305834e+00
4.8460612269411953434428e+00
4.8459459403598907911714e+00
4.8458339424660596961303e+00
4.8457372057392307240775e+00
4.8456470519681467123974e+00
4.8455591771323742733557e+00
4.8454525365901153222126e+00
4.8453544376983339603271e+00
4.8452649426793392706259e+00
4.8451772111485524874297e+00
4.8450862930174576348463e+00
4.8449904826488019438102e+00
4.8448960199363950707152e+00
4.8448104242726595103363e+00
4.8447173725246068798356e+00
4.8446064786652751621432e+00
4.8445009651694190822013e+00
4.8443989462566134918120e+00
4.8442909911273348555483e+00
4.8441652113041175908847e+00
4.8440317276895923370716e+00
4.8439233290320080627112e+00
4.8438352666144597336029e+00
4.8437494939714698105604e+00
4.8436637283340759907446e+00
4.8435911842195311649562e+00
4.8435160682416258381977e+00
4.8434354975173556923096e+00
4.8433588566326006841223e+00
4.8432882070261884521756e+00
4.8432154592642326917939e+00
4.8431455640504541548808e+00
4.8430757607226446737059e+00
4.8429897915975637090469e+00
4.8429058806078106869109e+00
4.8428254860960802119507e+00
4.8427263109111464700618e+00
4.8426272931683431721694e+00
4.8425323402872715305989e+00
4.8424367102318086608648e+00
4.8423480710744888355634e+00
4.8422553910982344405056e+00
4.8421642458624480909180e+00
4.8420751238718242603909e+00
4.8419922910038408758737e+00
4.8419029385238694374038e+00
4.8418355321586155071145e+00
4.8417495974182580553702e+00
4.8416806155348695028806e+00
4.8416140386204684631366e+00
4.8415421173696548962084e+00
4.8414713186910285358522e+00
4.8413978692196648623280e+00
4.8413209627084254904617e+00
4.8412499414600711489243e+00
4.8411821809017947515486e+00
4.8411147398688854082138e+00
4.8410465400767170862650e+00
4.8409782607591163028360e+00
4.8409106663472245557500e+00
4.8408412806559439900411e+00
4.8407753208948083312180e+00
4.8407126199918186770788e+00
4.8406455388568288000783e+00
4.8405802850131696146718e+00
4.8405234061176001247873e+00
4.8404648177899716188222e+00
4.8404020182138749461842e+00
4.8403404727280356922847e+00
4.8402769057702457189407e+00
4.8402080224318568824060e+00
4.8401426473095288116610e+00
4.8400784342833986784171e+00
4.8400042559367726369146e+00
4.8399346985145212940438e+00
4.8398661768035831087786e+00
4.8397980478595501452332e+00
4.8397328492041689074199e+00
4.8396635128596861008532e+00
4.8395899096534460426255e+00
4.8395233767632621635357e+00
4.8394553837644131988327e+00
4.8393905231911586994897e+00
4.8393273063460968685945e+00
4.8392644326274947275124e+00
4.8392073413484304467147e+00
4.8391470767295166055533e+00
4.8390921610150376963588e+00
4.8390369616109714101526e+00
4.8389753524105403315048e+00
4.8389111876501518239024e+00
4.8388471600054980825689e+00
4.8387843499012479497878e+00
4.8387121379071418303397e+00
4.8386493777112979941535e+00
4.8385886432042495286510e+00
4.8385245592268937286917e+00
4.8384621624637977888028e+00
4.8384024445959115112714e+00
4.8383450627407569299976e+00
4.8382937530676768389526e+00
4.8382414975797747302977e+00
4.8381914288530829537649e+00
4.8381369186449578734255e+00
4.8380804245470194757672e+00
4.8380311770746340371829e+00
4.8379817141046332906740e+00
4.8379347211531360528625e+00
4.8378871697432277443340e+00
4.8378368878061408508984e+00
4.8377878597161831919493e+00
4.8377388085953958452023e+00
4.8376935566699907909083e+00
4.8376490473136506409446e+00
4.8375992275553656440934e+00
4.8375491993946777569136e+00
4.8374976745153919210907e+00
4.8374498188034262824431e+00
4.8373962797741594243917e+00
4.8373430300439306250837e+00
4.8372910909844311078132e+00
4.8372401150864403618357e+00
4.8371905002211326163319e+00
4.8371288907100762344271e+00
4.8370746053175084355757e+00
4.8370151121844342512190e+00
4.8369652262395668174122e+00
4.8369118810410807185463e+00
4.8368634151510487839687e+00
4.8368109472033289364390e+00
4.8367574163103199680336e+00
4.8367061662493489038184e+00
4.8366582643382862727321e+00
4.8366059141894881534540e+00
4.8365538315556282356056e+00
4.8365035218280088002984e+00
4.8364533631463553220442e+00
4.8364083858341970767469e+00
4.8363616368745869777968e+00
4.8363175339501482952187e+00
4.8362761490714509804434e+00
4.8362318902289551658669e+00
4.8361854675784474721922e+00
4.8361405106759249861170e+00
4.8360934259856520611720e+00
4.8360491463802999234645e+00
4.8360063917259132892923e+00
4.8359584571143283682204e+00
4.8359119583377561113480e+00
4.8358700489668811073329e+00
4.8358248999329127570945e+00
4.8357790094218744414434e+00
4.8357368269659541937244e+00
4.8356967975169640183708e+00
4.8356555943363730420970e+00
4.8356159546070776045212e+00
4.8355772809679686830009e+00
4.8355361318454832542102e+00
4.8354933430982098840900e+00
4.8354507500163244060332e+00
4.8354084742333913737866e+00
4.8353641019931359323891e+00
4.8353240822588423597495e+00
4.8352849314047503526126e+00
4.8352425680060004964389e+00
4.8351994909147606449551e+00
4.8351584192007068807584e+00
4.8351196067393589217431e+00
4.8350751230797079927015e+00
4.8350370929860444491055e+00
4.8349941996089444984364e+00
4.8349562542008044374597e+00
4.8349098830097805290507e+00
4.8348697117290333480355e+00
4.8348239973411528680458e+00
4.8347758290335391961889e+00
4.8347298963711304864432e+00
4.8346839597963082724164e+00
4.8346407556529733540174e+00
4.8346011233907706383661e+00
4.8345636727222851547481e+00
4.8345244250389800555467e+00
4.8344832156609953699444e+00
4.8344449348671520994003e+00
4.8344066020912093151196e+00
4.8343717939622434798252e+00
4.8343353827504937925141e+00
4.8342978691729410201106e+00
4.8342619443877046236935e+00
4.8342280492483462595033e+00
4.8341896717866559285426e+00
4.8341543754187048520521e+00
4.8341144683583330277088e+00
4.8340739793442688565506e+00
4.8340352717916079683391e+00
4.8339993142011241644695e+00
4.8339640683744695692781e+00
4.8339317229718998802923e+00
4.8338973514933050168452e+00
4.8338632240699448416876e+00
4.8338281222874988074523e+00
4.8337925641623762373911e+00
4.8337559016203250905619e+00
4.8337148601532380354229e+00
4.8336736890661802235059e+00
4.8336356046888893089886e+00
4.8336002394787778158047e+00
4.8335630912162361738638e+00
4.8335263518526305759337e+00
4.8334887194855573611108e+00
4.8334555435764920972019e+00
4.8334216542988537312908e+00
4.8333881750606826344097e+00
4.8333527499990029951960e+00
4.8333213292978927100307e+00
4.8332856638116625802581e+00
4.8332452076851346589592e+00
4.8332020121949010871276e+00
4.8331650715052845157516e+00
4.8331289286382492775829e+00
4.8330959394930976813498e+00
4.8330631315166403538797e+00
4.8330300904168028708341e+00
4.8330016888409321751396e+00
4.8329722741661989005024e+00
4.8329407589235877651390e+00
4.8329087718009677843156e+00
4.8328796714438944093217e+00
4.8328512835126984370504e+00
4.8328186347873929307184e+00
4.8327871173290031237002e+00
4.8327538552993702936078e+00
4.8327228178695884608373e+00
4.8326933458180505454038e+00
4.8326596805163095638136e+00
4.8326290622680581066106e+00
4.8325992532141448521088e+00
4.8325694864829502606085e+00
4.8325401194274704153031e+00
4.8325097650222685885524e+00
4.8324804434479906589672e+00
4.8324470864982362883211e+00
4.8324175703546075055783e+00
4.8323876612996121693300e+00
4.8323588322867969679919e+00
4.8323297549232062664260e+00
4.8322980606896015487450e+00
4.8322683938478103726766e+00
4.8322403468075139088000e+00
4.8322128524725611598001e+00
4.8321873024495571868897e+00
4.8321610509912424902268e+00
4.8321327693146374215871e+00
4.8321006979036829065421e+00
4.8320673934082760681008e+00
4.8320334066876391432288e+00
4.8320013395907235320692e+00
4.8319731716271521193562e+00
4.8319413872605601056875e+00
4.8319083275009386824195e+00
4.8318729332662782027796e+00
4.8318354158023293365432e+00
4.8318022877382746926855e+00
4.8317690106158552865168e+00
4.8317329756946447716359e+00
4.8316983723781419257648e+00
4.8316673381273789189549e+00
4.8316383665582751660850e+00
4.8316080597273929342350e+00
4.8315789127028905269867e+00
4.8315497529050750458168e+00
4.8315237878378782809818e+00
4.8314933977071881088250e+00
4.8314676957933526679767e+00
4.8314443161703755080794e+00
4.8314221362514606639138e+00
4.8313980388082011785400e+00
4.8313729916690935084489e+00
4.8313469695996991148945e+00
4.8313212857946474798609e+00
4.8312965470058628625338e+00
4.8312707904721978735552e+00
4.8312456895789512856254e+00
4.8312204388910844343741e+00
4.8311921964895683245800e+00
4.8311675961860851558072e+00
4.8311426349566017890425e+00
4.8311161740621200166856e+00
4.8310891208285662301591e+00
4.8310608530293643880782e+00
4.8310353014924940495689e+00
4.8310090306781061642027e+00
4.8309816626606343348271e+00
4.8309580337211466272151e+00
4.8309319290861765239242e+00
4.8309057341445242883538e+00
4.8308829006471407652157e+00
4.8308588994678052230825e+00
4.8308363049340723449632e+00
4.8308147704008499445649e+00
4.8307884198132011732696e+00
4.8307642412937576992249e+00
4.8307405080243741579693e+00
4.8307124940500871801419e+00
4.8306875391245736039991e+00
4.8306609519765029148175e+00
4.8306330926794727176343e+00
4.8306087839123934557506e+00
4.8305855484994797421905e+00
4.8305629004603343190638e+00
4.8305413687986504811533e+00
4.8305195331505359490620e+00
4.8304920422561998805122e+00
4.8304632449637070479298e+00
4.8304368988885748592566e+00
4.8304073045902971017540e+00
4.8303656942243922145508e+00
4.8303282615258673615699e+00
4.8302963497176989449144e+00
4.8302679882897079366444e+00
4.8302465819796269741460e+00
4.8302265625023030892748e+00
4.8302051701352128887379e+00
4.8301755566573083555681e+00
4.8301368164417404216238e+00
4.8301004674850958053867e+00
4.8300690634889562602439e+00
4.8300403117901380412036e+00
4.8300141180479503333345e+00
4.8299857531719228020961e+00
4.8299577354298657283493e+00
4.8299335972736985311826e+00
4.8299085035252131703487e+00
4.8298857024284966854566e+00
4.8298648923054301462798e+00
4.8298417317595507824990e+00
4.8298195089694724302376e+00
4.8297981005422805367289e+00
4.8297757052860594839672e+00
4.8297555014342004042760e+00
4.8297331273535979434541e+00
4.8297111194060438066344e+00
4.8296878925782653624310e+00
4.8296638699654499404801e+00
4.8296379726840541479760e+00
4.8296123655435927446433e+00
4.8295844597408716936116e+00
4.8295552606232883263715e+00
4.8295267259189103015160e+00
4.8294981748638532437212e+00
4.8294658266779935118507e+00
4.8294272161459126380123e+00
4.8293961940044010106021e+00
4.8293624132314754149320e+00
4.8293234907761064533815e+00
4.8292864335335394798676e+00
4.8292476101255106257781e+00
4.8291961533910399140268e+00
4.8291359055541001055190e+00
4.8290705581504456134212e+00
4.8290110611281562569275e+00
4.8289474651833783624966e+00
4.8288984974551949491683e+00
4.8288554542642279088227e+00
4.8287884720909888258689e+00
4.8287116841715942427982e+00
4.8286498609520256408700e+00
4.8285982870717925052872e+00
4.8285459992833406062118e+00
4.8284977622557958554239e+00
4.8284594664361017990473e+00
4.8284087653850358279328e+00
4.8283643664708826293008e+00
4.8283297062234931118496e+00
4.8283024684348996302674e+00
4.8282718468613055051719e+00
4.8282264052972765355776e+00
4.8281764042419030857900e+00
4.8281393634419460525464e+00
4.8281129792866979144605e+00
4.8280872788874571455153e+00
4.8280589594569658373757e+00
4.8280158816754576989183e+00
4.8279689128674929676777e+00
4.8279390031903703928151e+00
4.8279135306353193612949e+00
4.8278887925269380332338e+00
4.8278453062616515367722e+00
4.8277711096980793215039e+00
4.8277147001050861874205e+00
4.8276767348733198303989e+00
4.8276469142504838671925e+00
4.8276019834905383731893e+00
4.8275044433887543959827e+00
4.8273897418513662671558e+00
4.8273070805095947832797e+00
4.8272482026171452673680e+00
4.8271919957930569111682e+00
4.8270842968855900423364e+00
4.8269637752769334326786e+00
4.8268920116825677624206e+00
4.8268461025831781441298e+00
4.8268129215286537103680e+00
4.8267724933131717079959e+00
4.8267104621737679792659e+00
4.8266684733091249626113e+00
4.8266409619912433726086e+00
4.8266180935122147133143e+00
4.8265955441555847826862e+00
4.8265631851663410856190e+00
4.8265359910762732909006e+00
4.8265130094780364089502e+00
4.8264924568567391105489e+00
4.8264695666775940807725e+00
4.8264450561755181112744e+00
4.8264162928321958645483e+00
4.8263914221420707306720e+00
4.8263709607480107521837e+00
4.8263512763315903342232e+00
4.8263320900876465202600e+00
4.8263126367363922142317e+00
4.8262917844895083518963e+00
4.8262710304611298184341e+00
4.8262505334607510576461e+00
4.8262252627146429162508e+00
4.8262015424860580381505e+00
4.8261759733687279450010e+00
4.8261498841778012192094e+00
4.8261240136126186683896e+00
4.8261004960522182472005e+00
4.8260779355085965391936e+00
4.8260537964058913829035e+00
4.8260317459254000738156e+00
4.8260075361728542731043e+00
4.8259849536122763069557e+00
4.8259622152210139844897e+00
4.8259391349083982092338e+00
4.8259143636887653627809e+00
4.8258924892920296301213e+00
4.8258701836854482891681e+00
4.8258491082636645330695e+00
4.8258301487083610226136e+00
4.8258102436377185995298e+00
4.8257900221309322219554e+00
4.8257715331818902271266e+00
4.8257505309209163257833e+00
4.8257272146468466189617e+00
4.8257036054424551352326e+00
4.8256802421234574751452e+00
4.8256597813530870411114e+00
4.8256411302162280918537e+00
4.8256226174058136635381e+00
4.8256033380856369063849e+00
4.8255847721959019835936e+00
4.8255669813369168608119e+00
4.8255462460238200961271e+00
4.8255286907696826048664e+00
4.8255119453148989094871e+00
4.8254948013676166596042e+00
4.8254744671326710303561e+00
4.8254522812211364524160e+00
4.8254334533219394032244e+00
4.8254145299893629328380e+00
4.8253969390168132136409e+00
4.8253798858955665451731e+00
4.8253641405758722626729e+00
4.8253472246238064968793e+00
4.8253304836143211531407e+00
4.8253153487337216986930e+00
4.8252996822623828165888e+00
4.8252840840225497132110e+00
4.8252674633645744606270e+00
4.8252488167547458175477e+00
4.8252312000071064801432e+00
4.8252136425386407125870e+00
4.8251935960796492608438e+00
4.8251737026901091454079e+00
4.8251572138771363640330e+00
4.8251411505384140809838e+00
4.8251232971986901532091e+00
4.8251048309561417326563e+00
4.8250867721193797521551e+00
4.8250702542463823618846e+00
4.8250522693674229302019e+00
4.8250353762723268147283e+00
4.8250187588132504856731e+00
4.8250035691963821804507e+00
4.8249893822191545211808e+00
4.8249767706297967961859e+00
4.8249623161980306207397e+00
4.8249471872273304029477e+00
4.8249322129793981162038e+00
4.8249172845809598086930e+00
4.8249016927599868154175e+00
4.8248871098485004438317e+00
4.8248713606177604518166e+00
4.8248549098227018205876e+00
4.8248387741105744908054e+00
4.8248234749011613686775e+00
4.8248090606993585538476e+00
4.8247951494444611952872e+00
4.8247792156858242407225e+00
4.8247624486182640879406e+00
4.8247459589412553526699e+00
4.8247295218790604565129e+00
4.8247149751040980802941e+00
4.8247006570794432889215e+00
4.8246865586050668994744e+00
4.8246719218724516409225e+00
4.8246573656619311520899e+00
4.8246433633818472941357e+00
4.8246293632911996240864e+00
4.8246161442796680063338e+00
4.8246020800389350924320e+00
4.8245875042995880477292e+00
4.8245716093232724475115e+00
4.8245569732466702106422e+00
4.8245419376370790587316e+00
4.8245266524052974332903e+00
4.8245125557253922821133e+00
4.8244970458704621307788e+00
4.8244805873471241497441e+00
4.8244660268505441536036e+00
4.8244517491635177108833e+00
4.8244382166087396157650e+00
4.8244257454994237122037e+00
4.8244125152984027593561e+00
4.8244001697897402891613e+00
4.8243871088361798271649e+00
4.8243726246653420020039e+00
4.8243586738318704476569e+00
4.8243446392854609783285e+00
4.8243307498303078517665e+00
4.8243173992833021657134e+00
4.8243039952662440938980e+00
4.8242901723094799848468e+00
4.8242793014891436342850e+00
4.8242669428735620584803e+00
4.8242545319662584191178e+00
4.8242411837139185237788e+00
4.8242290950712334307582e+00
4.8242179447498720890053e+00
4.8242066026631533759428e+00
4.8241950192590197232789e+00
4.8241835485573494324285e+00
4.8241719385473951220433e+00
4.8241605223044956574086e+00
4.8241485318082562017139e+00
4.8241370289459695186451e+00
4.8241256792736928460386e+00
4.8241135614060706160444e+00
4.8241014762540892490961e+00
4.8240884604696088189257e+00
4.8240755520599032379891e+00
4.8240603227053497903398e+00
4.8240454853842784643803e+00
4.8240315173994519071243e+00
4.8240176287099565399785e+00
4.8240052779883795253113e+00
4.8239928239786458163962e+00
4.8239787849826809562614e+00
4.8239668455879955999421e+00
4.8239551878628130765492e+00
4.8239430273124561665554e+00
4.8239307245776785748603e+00
4.8239178902357968681258e+00
4.8239045469880545979890e+00
4.8238901586575844149252e+00
4.8238743646785877672301e+00
4.8238613701194115179760e+00
4.8238500082628714693556e+00
4.8238388412231607560443e+00
4.8238260365283007757853e+00
4.8238118153408953148187e+00
4.8237987487548732445930e+00
4.8237854297577147377751e+00
4.8237710376964617609019e+00
4.8237584803342414829785e+00
4.8237466091433134351973e+00
4.8237357320048941389246e+00
4.8237248874651639241051e+00
4.8237151807712832507491e+00
4.8237056067989882990332e+00
4.8236940256289795314615e+00
4.8236823007100513294176e+00
4.8236716737267233412467e+00
4.8236615962690168046834e+00
4.8236518987024314952805e+00
4.8236417782751965788179e+00
4.8236307834983280784513e+00
4.8236200676218281557794e+00
4.8236085797585381840236e+00
4.8235984505471405370258e+00
4.8235876449780397123845e+00
4.8235766388632841383810e+00
4.8235655843861344749257e+00
4.8235536173814770322110e+00
4.8235425887226393015794e+00
4.8235313085080351314105e+00
4.8235206051896808432389e+00
4.8235099390099813732036e+00
4.8234987215199485177664e+00
4.8234868763421872017716e+00
4.8234754738567255927251e+00
4.8234637115934777540360e+00
4.8234520940779104236640e+00
4.8234414306319903786857e+00
4.8234305487341977425331e+00
4.8234189161434253279026e+00
4.8234056100122630894589e+00
4.8233902483548352080334e+00
4.8233751443361052579917e+00
4.8233609595737432229612e+00
4.8233490932614433432946e+00
4.8233384006510942043633e+00
4.8233287875841233116603e+00
4.8233196733923202614847e+00
4.8233108370284432098174e+00
4.8233026009865422878420e+00
4.8232945299986704768003e+00
4.8232853048152657393643e+00
4.8232772624809348016583e+00
4.8232686808917906162719e+00
4.8232608014703455268091e+00
4.8232525713518992205309e+00
4.8232438990033399406343e+00
4.8232343523078453628727e+00
4.8232240195947593264236e+00
4.8232134979726000167943e+00
4.8232028087204161792556e+00
4.8231920865377375662320e+00
4.8231823943393381526334e+00
4.8231727560351691508345e+00
4.8231636975432508052108e+00
4.8231550360036390401319e+00
4.8231465251224445722755e+00
4.8231381787227345370184e+00
4.8231280004612155920540e+00
4.8231170385357780006075e+00
4.8231064385180797415842e+00
4.8230943767548666301082e+00
4.8230822680384042300261e+00
4.8230701928022021718334e+00
4.8230579884848907568085e+00
4.8230460004225124137633e+00
4.8230353083634884825415e+00
4.8230236868118296911234e+00
4.8230126922921696674962e+00
4.8230025152806392796379e+00
4.8229919267109906400037e+00
4.8229815409598231212840e+00
4.8229708039426482102385e+00
4.8229604267533447981009e+00
4.8229507791185870502204e+00
4.8229400069982109044986e+00
4.8229297869806098120193e+00
4.8229198604995255905692e+00
4.8229093925720185609407e+00
4.8229004726411401904329e+00
4.8228901084070576743557e+00
4.8228796682755117330998e+00
4.8228701180651594171422e+00
4.8228610921670238553816e+00
4.8228521824903509696014e+00
4.8228433019885992294462e+00
4.8228347214707119050559e+00
4.8228268696371552337610e+00
4.8228186095734395522072e+00
4.8228091981927185827317e+00
4.8227985743627952430757e+00
4.8227868198388899045881e+00
4.8227732065541628614369e+00
4.8227593071178569417157e+00
4.8227387041421136970598e+00
4.8227255239652633278524e+00
4.8227152818987137905538e+00
4.8227038273804820889268e+00
4.8226899521065416109877e+00
4.8226768684242502516213e+00
4.8226649060140109881445e+00
4.8226527669955974175764e+00
4.8226421131735452973999e+00
4.8226317387029498107154e+00
4.8226216456723998149414e+00
4.8226120712386961741913e+00
4.8226029188999470775912e+00
4.8225928524416543652364e+00
4.8225828112493642763070e+00
4.8225729308478699763896e+00
4.8225618672989076785029e+00
4.8225512496325935174468e+00
4.8225407138109641635992e+00
4.8225311999121389661127e+00
4.8225224547673830599592e+00
4.8225125761767930754331e+00
4.8224976510121493333827e+00
4.8224828151619059113386e+00
4.8224685075000550682489e+00
4.8224556524888875230772e+00
4.8224442893785290920050e+00
4.8224331027276861050268e+00
4.8224223746320760142225e+00
4.8224133356644758308107e+00
4.8224055589468663995945e+00
4.8223974573633103801740e+00
4.8223892226076419120773e+00
4.8223817162224342780519e+00
4.8223741113613636244395e+00
4.8223668550743035154937e+00
4.8223587594157679703244e+00
4.8223508820383829132084e+00
4.8223444388942722227398e+00
4.8223368969430238095697e+00
4.8223297194674721311003e+00
4.8223217595005607449821e+00
4.8223140487208944193753e+00
4.8223053836481764022892e+00
4.8222977645298765736470e+00
4.8222904706861005053042e+00
4.8222829669025619736544e+00
4.8222757480258175988297e+00
4.8222677927201500480692e+00
4.8222602754976486849614e+00
4.8222521803077391666648e+00
4.8222443811208295372239e+00
4.8222353964955200211762e+00
4.8222248468993242909164e+00
4.8222144258033488029014e+00
4.8222036525323401789933e+00
4.8221933365339122445903e+00
4.8221831786504694150608e+00
4.8221726039378225436849e+00
4.8221606267018701785787e+00
4.8221494886963087722620e+00
4.8221368983789494322423e+00
4.8221238504981256411952e+00
4.8221142596253478984636e+00
4.8221042784690748561616e+00
4.8220952134905958885724e+00
4.8220866874047398908942e+00
4.8220785094226963352071e+00
4.8220688016788528784673e+00
4.8220582741746413901751e+00
4.8220474918914506545775e+00
4.8220374758302266826604e+00
4.8220284937952087034319e+00
4.8220185241749717874882e+00
4.8220096966070604693755e+00
4.8220017544175179935451e+00
4.8219939679567396240145e+00
4.8219857119157811808918e+00
4.8219776410779928710326e+00
4.8219694014354246291987e+00
4.8219600521534937698220e+00
4.8219497622902300904002e+00
4.8219401601549654046153e+00
4.8219298767468412592052e+00
4.8219211886631114794000e+00
4.8219057672277507720082e+00
4.8218948869984092908680e+00
4.8218821126795301523771e+00
4.8218694136740065658842e+00
4.8218601962564591190130e+00
4.8218519922558389367850e+00
4.8218431176548497418821e+00
4.8218340506056600602847e+00
4.8218241837042858932705e+00
4.8218150020999051008630e+00
4.8218063858919695263694e+00
4.8217966572302515260162e+00
4.8217856052115051213036e+00
4.8217747681293268158242e+00
4.8217630534795707930584e+00
4.8217528806260361307068e+00
4.8217425900047663489545e+00
4.8217336980745013619298e+00
4.8217247076827352003647e+00
4.8217161661548688655898e+00
4.8217081922572981866892e+00
4.8217003611817208508228e+00
4.8216925628510765022838e+00
4.8216848936243090761877e+00
4.8216755169872733688408e+00
4.8216641549681709122410e+00
4.8216505922394388150565e+00
4.8216373847607778557744e+00
4.8216224866231440771003e+00
4.8216067789114749331247e+00
4.8215954628695678607642e+00
4.8215852866959298950178e+00
4.8215733546180148394456e+00
4.8215624434736881198660e+00
4.8215523357873797394291e+00
4.8215423733794198213332e+00
4.8215334472974245016985e+00
4.8215255554126068560095e+00
4.8215176908670001054702e+00
4.8215098667674141097450e+00
4.8215029232404456038807e+00
4.8214952483685209472242e+00
4.8214874614606539893202e+00
4.8214788157483221553434e+00
4.8214702609973087987782e+00
4.8214614813624612210674e+00
4.8214529469885283319286e+00
4.8214431511364539417741e+00
4.8214316462257524875668e+00
4.8214211642420687908839e+00
4.8214108935888342344356e+00
4.8214007114429513478626e+00
4.8213900509639815439300e+00
4.8213795624871194078764e+00
4.8213685543429658508785e+00
4.8213565016901842597008e+00
4.8213462175510501950271e+00
4.8213372791660695781957e+00
4.8213288322910958783041e+00
4.8213207215342439582173e+00
4.8213121132134775237432e+00
4.8213026285668645343208e+00
4.8212935912234460289483e+00
4.8212846409020482241203e+00
4.8212747462333656045530e+00
4.8212649185309865984550e+00
4.8212555188980799059095e+00
4.8212481352914542398480e+00
4.8212408398047612578807e+00
4.8212340318054867083220e+00
4.8212259731633171355725e+00
4.8212176030838227447362e+00
4.8212097494487595739088e+00
4.8212020529306309768458e+00
4.8211940054578859005119e+00
4.8211855420579299291717e+00
4.8211768957821750092307e+00
4.8211684431662806815666e+00
4.8211598604025178715915e+00
4.8211515901187871335765e+00
4.8211439312754835739838e+00
4.8211358911360902013143e+00
4.8211267091036269505366e+00
4.8211175146908464839157e+00
4.8211091622308384074813e+00
4.8211010091485100303998e+00
4.8210922779964286988275e+00
4.8210826971135904983612e+00
4.8210728747786584236223e+00
4.8210633985555126912459e+00
4.8210518213137527610002e+00
4.8210436759777870463495e+00
4.8210372524672990834915e+00
4.8210311623986781270901e+00
4.8210252936945430235482e+00
4.8210188653494290278445e+00
4.8210115807994711190076e+00
4.8210040886290608241893e+00
4.8209956334599119998074e+00
4.8209874271862025452151e+00
4.8209768832930963711192e+00
4.8209672927738544956355e+00
4.8209574086240962742522e+00
4.8209476839277947135542e+00
4.8209394446298148295682e+00
4.8209309568966256520639e+00
4.8209210219544056386098e+00
4.8209118994158561832819e+00
4.8209040776950162765502e+00
4.8208966614026449448716e+00
4.8208887657454484454433e+00
4.8208787442079508167581e+00
4.8208700066702858677559e+00
4.8208609060082121544610e+00
4.8208515775635651934294e+00
4.8208421626306501295289e+00
4.8208334644463670670689e+00
4.8208258618165515940746e+00
4.8208174219753745504136e+00
4.8208096053462554664293e+00
4.8208019557318193548667e+00
4.8207926631950357432288e+00
4.8207835521342232709685e+00
4.8207752033327579965771e+00
4.8207681603253780266982e+00
4.8207602285119781626577e+00
4.8207507759593513085861e+00
4.8207412470310817553809e+00
4.8207317407344225657084e+00
4.8207213106067552388367e+00
4.8207081121419284031049e+00
4.8206913266817892349536e+00
4.8206690706060175699577e+00
4.8206532101165775472396e+00
4.8206379457088974760381e+00
4.8206254255293323751630e+00
4.8206163540685667001640e+00
4.8206076392625680782089e+00
4.8206002562835514879680e+00
4.8205927900581828637883e+00
4.8205851330663467280147e+00
4.8205756208149681540931e+00
4.8205648491595303184454e+00
4.8205537564845366560462e+00
4.8205429084173694320725e+00
4.8205323177080137142525e+00
4.8205217843541632305460e+00
4.8205102662124144075051e+00
4.8204998650258845671601e+00
4.8204905276315903606132e+00
4.8204808127786238358681e+00
4.8204699050738781807013e+00
4.8204586794814945349685e+00
4.8204497775264449899169e+00
4.8204424633839177971595e+00
4.8204342806913791363854e+00
4.8204256109361587334661e+00
4.8204159238980084367654e+00
4.8204046179661954596440e+00
4.8203932288033106701164e+00
4.8203820546741100727672e+00
4.8203715483911766526148e+00
4.8203600582080827763320e+00
4.8203472251972403483933e+00
4.8203337238596883906894e+00
4.8203201419446832787230e+00
4.8203080415511250222949e+00
4.8202961427811530370491e+00
4.8202846456161418942088e+00
4.8202734349897760068870e+00
4.8202591464283175426431e+00
4.8202460504133677332561e+00
4.8202322022989569916263e+00
4.8202165559983738418737e+00
4.8201998370880385635928e+00
4.8201809820263576966681e+00
4.8201630945780120640620e+00
4.8201390077830277292037e+00
4.8201224649417042655841e+00
4.8201111974298607165679e+00
4.8200996204769905872922e+00
4.8200897787924974480234e+00
4.8200813878082859886831e+00
4.8200728961869447886102e+00
4.8200646212100366483355e+00
4.8200556148345086171503e+00
4.8200441797018021006238e+00
4.8200311483475068996540e+00
4.8200172542408896703137e+00
4.8200035454683183289148e+00
4.8199906692954765929926e+00
4.8199783736601027328561e+00
4.8199643505005269616959e+00
4.8199509630751249389391e+00
4.8199389164687254094588e+00
4.8199284972096574364286e+00
4.8199200313951067187190e+00
4.8199124303137663716257e+00
4.8199022558762498746887e+00
4.8198915108991462474819e+00
4.8198829954922146612262e+00
4.8198740099069130593534e+00
4.8198651924022994919028e+00
4.8198557305692775187822e+00
4.8198463666046897913020e+00
4.8198360997850162590339e+00
4.8198259535764806926750e+00
4.8198130308772642038662e+00
4.8197992978439145872471e+00
4.8197842855275272455629e+00
4.8197676539740381684851e+00
4.8197545607507814580117e+00
4.8197397220702908882117e+00
4.8197262384931578438341e+00
4.8197106265930891311200e+00
4.8196970151778053548242e+00
4.8196814256149185240474e+00
4.8196675814172653673495e+00
4.8196559195942363373888e+00
4.8196440749325972774386e+00
4.8196300936313996032823e+00
4.8196126377925052608475e+00
4.8195969548912671598373e+00
4.8195813130574958194074e+00
4.8195659677757261007969e+00
4.8195545849036882657401e+00
4.8195442155992527233366e+00
4.8195357578699677958411e+00
4.8195264557486687806431e+00
4.8195169396222006241715e+00
4.8195076642736394134658e+00
4.8194970695893006862320e+00
4.8194842785576517130153e+00
4.8194715546204678346953e+00
4.8194571031893662649281e+00
4.8194426198923707715949e+00
4.8194301590771209120589e+00
4.8194156052278440682812e+00
4.8193999300648204808795e+00
4.8193839199820747154490e+00
4.8193706899037938029551e+00
4.8193586038025948425911e+00
4.8193476714418412854002e+00
4.8193350442272446798597e+00
4.8193239669640792754990e+00
4.8193126393506346971662e+00
4.8193007443924198440754e+00
4.8192869949584267175169e+00
4.8192737796926099491657e+00
4.8192613884730297613146e+00
4.8192487128025369713669e+00
4.8192349116662471786299e+00
4.8192194300663224737491e+00
4.8192014280993573649425e+00
4.8191853734088834215754e+00
4.8191691417241342421107e+00
4.8191496463147087681023e+00
4.8191330032810366645890e+00
4.8191145403332775742911e+00
4.8190968019275635114695e+00
4.8190776645409467704440e+00
4.8190607292077389800511e+00
4.8190439863708371959206e+00
4.8190265695600160711365e+00
4.8190045601264968055943e+00
4.8189799216587596575323e+00
4.8189534261494983979901e+00
4.8189290215784570392543e+00
4.8189117063264932383504e+00
4.8188932305740923567328e+00
4.8188782183720588747633e+00
4.8188652923891170942738e+00
4.8188552355301936813703e+00
4.8188437987484036284513e+00
4.8188325029331755544604e+00
4.8188190754173447771791e+00
4.8188038958310732695622e+00
4.8187864258169073039539e+00
4.8187701403910896402749e+00
4.8187543080131920447684e+00
4.8187372747924719362800e+00
4.8187197821709233380716e+00
4.8187025125442035644596e+00
4.8186880067016035766869e+00
4.8186714802040944150008e+00
4.8186553988577358609291e+00
4.8186428828201179896951e+00
4.8186320992177416044910e+00
4.8186205690513528310248e+00
4.8186097619882266585023e+00
4.8185985365151946524520e+00
4.8185845629302024306639e+00
4.8185691406900481581488e+00
4.8185547822074283885740e+00
4.8185424946345563057548e+00
4.8185308702931894941912e+00
4.8185164291127309255103e+00
4.8184966157682467269296e+00
4.8184809242961765818336e+00
4.8184669583746488896736e+00
4.8184522555828488421525e+00
4.8184358954659307627821e+00
4.8184170690507253098644e+00
4.8183979782682175851960e+00
4.8183808048783038913143e+00
4.8183624412645587042903e+00
4.8183438954876693927076e+00
4.8183231604361367317324e+00
4.8183012534621614264552e+00
4.8182800283971722876686e+00
4.8182591347580316920585e+00
4.8182324076774039056659e+00
4.8182075764650367233344e+00
4.8181731711096782433401e+00
4.8181518170665817990539e+00
4.8181330654952176928418e+00
4.8181143742615892833214e+00
4.8180989528788780162927e+00
4.8180861443137441568751e+00
4.8180698638115559973016e+00
4.8180535053279536228388e+00
4.8180384230790815891510e+00
4.8180255383534698054859e+00
4.8180126387789385944416e+00
4.8179979784923947505604e+00
4.8179805596176867865665e+00
4.8179603756108360101962e+00
4.8179336695848418159471e+00
4.8179088396377975911378e+00
4.8178879592964181100001e+00
4.8178693200119475648080e+00
4.8178514238549547954449e+00
4.8178366658799776089950e+00
4.8178247224679173754680e+00
4.8178129159132332404170e+00
4.8178000192759240505325e+00
4.8177862892844141029514e+00
4.8177745556719449027128e+00
4.8177626875337180578640e+00
4.8177497093546417517018e+00
4.8177367346234420963924e+00
4.8177247384265315943708e+00
4.8177104780490100921497e+00
4.8176903351468371994315e+00
4.8176685087690183095788e+00
4.8176431752278974229853e+00
4.8176250555227930760793e+00
4.8176053065074730952233e+00
4.8175865422896464451696e+00
4.8175639693318990097737e+00
4.8175435400607771185832e+00
4.8175159525863930909395e+00
4.8174880113647438051316e+00
4.8174607892054526203651e+00
4.8174343660990350812767e+00
4.8174131546611747012321e+00
4.8173914476503476578273e+00
4.8173706725623457458596e+00
4.8173515333357102008449e+00
4.8173325108247926351623e+00
4.8173131474637838067565e+00
4.8172960672548672533821e+00
4.8172768344419605313078e+00
4.8172602494506548964637e+00
4.8172450932544634838450e+00
4.8172296128945353288486e+00
4.8172142298598572551782e+00
4.8172000314811400656367e+00
4.8171852106912469437816e+00
4.8171700613940622304199e+00
4.8171538636632957874895e+00
4.8171346607565457276223e+00
4.8171171339910365816195e+00
4.8170948154743680191814e+00
4.8170772702640460849466e+00
4.8170615890825603244707e+00
4.8170466009188857015033e+00
4.8170307113175505620006e+00
4.8170144966517813855944e+00
4.8169981086266391301365e+00
4.8169831890748522340573e+00
4.8169688211330656812947e+00
4.8169545384616503369557e+00
4.8169408976386280940574e+00
4.8169256232141721696394e+00
4.8169085321547031597333e+00
4.8168922622032379621260e+00
4.8168769200627004067883e+00
4.8168595704201360163665e+00
4.8168401140127183879258e+00
4.8168195212902098489849e+00
4.8168022498042217804937e+00
4.8167824492044033490856e+00
4.8167640109900187184166e+00
4.8167462378694310132232e+00
4.8167289077095984950461e+00
4.8167098793450477955957e+00
4.8166889552278782105077e+00
4.8166667580153541550203e+00
4.8166450633280879500830e+00
4.8166255307014180786496e+00
4.8166048587916714396329e+00
4.8165847598914810490101e+00
4.8165616849035952640179e+00
4.8165412595903616121973e+00
4.8165201112627435975355e+00
4.8164976036149553806354e+00
4.8164801386033460062208e+00
4.8164618296352905701951e+00
4.8164442895281283085751e+00
4.8164267990849607414816e+00
4.8164014773083909659590e+00
4.8163776048629935999656e+00
4.8163565787576070320597e+00
4.8163368104881643105841e+00
4.8163198779578699770809e+00
4.8163007679502669589056e+00
4.8162840723569262380011e+00
4.8162610694512402176315e+00
4.8162353982269410224148e+00
4.8162105633557796835476e+00
4.8161884099036500472835e+00
4.8161683130077115322365e+00
4.8161459351976558806996e+00
4.8161262054666087450983e+00
4.8161108717396325928917e+00
4.8160971685143358911319e+00
4.8160828493922744897304e+00
4.8160690519755497973620e+00
4.8160546767406184898164e+00
4.8160417669569968168730e+00
4.8160282015364073160413e+00
4.8160148867634138269977e+00
4.8160005231388316460084e+00
4.8159858714387251410471e+00
4.8159699613511079974160e+00
4.8159523173608427271120e+00
4.8159331720252520625536e+00
4.8159096597270085737819e+00
4.8158835186475039691345e+00
4.8158575552818900789021e+00
4.8158311858701958740880e+00
4.8158038376626155496751e+00
4.8157673528811884011702e+00
4.8157323029110443712852e+00
4.8156999686272712324353e+00
4.8156711400950920065611e+00
4.8156496279260512238807e+00
4.8156250838802874270073e+00
4.8156029056930895748678e+00
4.8155819707168463494895e+00
4.8155628703788870836888e+00
4.8155420051954616056378e+00
4.8155248530705412335351e+00
4.8155073833575752217939e+00
4.8154878962595875080410e+00
4.8154698421104757954936e+00
4.8154450533503165843285e+00
4.8154235761725940889733e+00
4.8154006492576648668091e+00
4.8153784667226897653336e+00
4.8153599558900772592551e+00
4.8153420298299094426397e+00
4.8153238813253862460328e+00
4.8153053976715574080458e+00
4.8152870815280532923452e+00
4.8152692703043262767437e+00
4.8152530436056002471901e+00
4.8152362169346201170583e+00
4.8152200534006244225793e+00
4.8152042471342193508121e+00
4.8151904737148134572067e+00
4.8151772652420863352063e+00
4.8151641712447590393253e+00
4.8151530268853992566847e+00
4.8151409996883325348449e+00
4.8151298802848447877523e+00
4.8151184968423477172905e+00
4.8151066737727772348876e+00
4.8150947059989563925342e+00
4.8150806997210056081826e+00
4.8150658585508141484866e+00
4.8150506634112240078593e+00
4.8150340695319693296028e+00
4.8150180532303386016224e+00
4.8150034729162314306450e+00
4.8149866492936777007117e+00
4.8149698907992615204421e+00
4.8149505578502109770511e+00
4.8149285278880595839723e+00
4.8149030725379020623222e+00
4.8148763010609814116947e+00
4.8148489071865263611016e+00
4.8148206043921488728188e+00
4.8147950552851197514315e+00
4.8147764929988969839769e+00
4.8147570312075593790269e+00
4.8147352835779582136411e+00
4.8147163070310039501010e+00
4.8146978942891918151759e+00
4.8146828362160345449183e+00
4.8146688298835043084978e+00
4.8146552243616964616990e+00
4.8146421798249763313038e+00
4.8146275281770014586868e+00
4.8146116840374224565835e+00
4.8145946767535594545961e+00
4.8145780636203108215909e+00
4.8145618842752346822067e+00
4.8145471493542952856615e+00
4.8145299470217990389642e+00
4.8145139387701849642553e+00
4.8144996206213628298087e+00
4.8144863968718736302321e+00
4.8144744560242891395774e+00
4.8144630629657756415440e+00
4.8144511535262575208094e+00
4.8144406466464175764486e+00
4.8144314744309086862017e+00
4.8144229499837534191897e+00
4.8144139093828899333971e+00
4.8144038272851137350017e+00
4.8143931606822256696887e+00
4.8143823154285785292927e+00
4.8143714441910754331388e+00
4.8143604628103862097532e+00
4.8143488747151312878714e+00
4.8143355116985500075089e+00
4.8143202464018237662913e+00
4.8143067836037731765941e+00
4.8142933610318427994912e+00
4.8142780922376839924937e+00
4.8142615152217631546705e+00
4.8142437520782506155115e+00
4.8142252476437743524684e+00
4.8142068517795575388618e+00
4.8141831736271445407738e+00
4.8141632342484914630631e+00
4.8141447329502327079354e+00
4.8141284716429249002090e+00
4.8141139632822449456739e+00
4.8140993766767090633607e+00
4.8140845507171707851057e+00
4.8140685611295728207892e+00
4.8140518591012817495312e+00
4.8140367030465052167187e+00
4.8140217407500287549738e+00
4.8140076193097414147815e+00
4.8139950914867215558957e+00
4.8139827221186974881562e+00
4.8139702094062650772344e+00
4.8139573272351370292199e+00
4.8139454748018204455207e+00
4.8139327048935198760660e+00
4.8139197246033402777243e+00
4.8139052315225319134129e+00
4.8138907485874717906427e+00
4.8138765239448026989066e+00
4.8138646085143363961834e+00
4.8138541408699158097306e+00
4.8138442121708155951865e+00
4.8138343436277422071612e+00
4.8138246637479173983820e+00
4.8138150205646184076613e+00
4.8138060005931153639835e+00
4.8137973313479687220706e+00
4.8137883056268870873851e+00
4.8137793965174795474127e+00
4.8137703068317296839496e+00
4.8137610562953838666544e+00
4.8137517795132724884866e+00
4.8137419949743609492998e+00
4.8137321913405646256479e+00
4.8137203958842134099427e+00
4.8137093726136903626411e+00
4.8136981677465682238903e+00
4.8136870947914447427252e+00
4.8136773542210233856053e+00
4.8136658153453408814926e+00
4.8136520389878230119507e+00
4.8136363954698833111934e+00
4.8136236312238640522310e+00
4.8136089463036642044358e+00
4.8135942597519525421035e+00
4.8135789854531312315089e+00
4.8135660111751752410214e+00
4.8135537932193281918103e+00
4.8135424784836748912653e+00
4.8135291150468813015095e+00
4.8135157272093884728292e+00
4.8135026001662923889057e+00
4.8134919891681153814034e+00
4.8134816645065603424314e+00
4.8134704074316001509715e+00
4.8134605887106172161793e+00
4.8134520584019933053810e+00
4.8134429797068705170204e+00
4.8134328413758940001799e+00
4.8134222169243985334219e+00
4.8134134455226522675275e+00
4.8134046895729349913040e+00
4.8133962678764730114267e+00
4.8133880371377024687263e+00
4.8133799054124706273683e+00
4.8133724852081991585351e+00
4.8133655730423301477572e+00
4.8133581926428714581334e+00
4.8133499039966132215795e+00
4.8133411086612873930335e+00
4.8133328134722983548954e+00
4.8133246699907594745582e+00
4.8133172854873240709139e+00
4.8133094138702796627172e+00
4.8133016864804565315694e+00
4.8132933495884957508792e+00
4.8132853762574576705902e+00
4.8132773372891017871211e+00
4.8132693647367519318436e+00
4.8132608846939524127606e+00
4.8132520721546390163326e+00
4.8132420970359452994103e+00
4.8132340883072979309532e+00
4.8132259318140686588094e+00
4.8132172269347686111018e+00
4.8132071583586668594990e+00
4.8131978900168306267915e+00
4.8131853261867432181020e+00
4.8131733516042451981320e+00
4.8131618802226441289349e+00
4.8131504314965569690798e+00
4.8131356856872287153237e+00
4.8131221140073456865593e+00
4.8131112054174876035972e+00
4.8131015243941011050310e+00
4.8130922140523395569289e+00
4.8130827835787322044325e+00
4.8130727341058605617263e+00
4.8130622863719967341467e+00
4.8130518909930151139065e+00
4.8130423161852613489486e+00
4.8130325989076396808741e+00
4.8130238158496903011496e+00
4.8130139399797489119237e+00
4.8130050401416744065841e+00
4.8129973875944580541386e+00
4.8129889526580340586293e+00
4.8129809716363363136793e+00
4.8129727277393454798471e+00
4.8129645782354035787876e+00
4.8129572523318788768165e+00
4.8129496934337430147366e+00
4.8129433792981846096382e+00
4.8129373642337354155529e+00
4.8129306001618878951831e+00
4.8129230301510945722043e+00
4.8129148977698932299063e+00
4.8129077242753988130630e+00
4.8129010384705930292171e+00
4.8128952712520760570669e+00
4.8128888638888902562485e+00
4.8128818207427386255404e+00
4.8128751022605440468283e+00
4.8128693392418178120806e+00
4.8128632768679953102264e+00
4.8128577240596337460943e+00
4.8128514198357184028509e+00
4.8128441645687205507897e+00
4.8128367482439706748210e+00
4.8128300564931398852764e+00
4.8128236333044238648426e+00
4.8128151302092225805040e+00
4.8128064189750165979831e+00
4.8127976367946851965485e+00
4.8127889084829593713266e+00
4.8127803063072427391944e+00
4.8127709553902624506350e+00
4.8127608820466925010351e+00
4.8127512963834515602457e+00
4.8127413094960918016341e+00
4.8127310903331714797559e+00
4.8127217119421024094095e+00
4.8127129966942989724998e+00
4.8127043996668676939521e+00
4.8126966304889382541887e+00
4.8126893264918377823847e+00
4.8126817621232502730777e+00
4.8126744113917121481450e+00
4.8126671976947381637046e+00
4.8126599054063534666170e+00
4.8126527180711669018365e+00
4.8126456663781160827398e+00
4.8126389086813832207667e+00
4.8126323166399158637319e+00
4.8126263807439917385977e+00
4.8126198198228173907864e+00
4.8126132020587970572478e+00
4.8126067433553751939712e+00
4.8125999096385410069843e+00
4.8125932393727133273842e+00
4.8125855938461548078067e+00
4.8125773334489840848960e+00
4.8125701721872022886828e+00
4.8125643025452236045680e+00
4.8125590835618083929148e+00
4.8125535272782533624536e+00
4.8125480540552239006047e+00
4.8125425296370876182550e+00
4.8125362155601987268483e+00
4.8125304326073932159602e+00
4.8125247578993652908252e+00
4.8125184930906144131768e+00
4.8125126127596109526507e+00
4.8125057484350781678017e+00
4.8124982530442919070879e+00
4.8124905291563262466070e+00
4.8124835531239451569263e+00
4.8124773389833768177937e+00
4.8124703494899154776476e+00
4.8124627805799269353315e+00
4.8124547598574389795090e+00
4.8124462216941097381095e+00
4.8124377949323680070393e+00
4.8124292704195728020977e+00
4.8124209098748327306794e+00
4.8124137138736982066689e+00
4.8124070674843721917568e+00
4.8124004349046618500552e+00
4.8123939778338238326683e+00
4.8123864870712944608044e+00
4.8123778486959123412703e+00
4.8123688807719817717157e+00
4.8123609383527554683724e+00
4.8123540649262759316684e+00
4.8123470059511221919024e+00
4.8123399268588054056295e+00
4.8123334732464115859329e+00
4.8123275710802539961719e+00
4.8123222178946738480931e+00
4.8123169371933647298079e+00
4.8123111980979444979312e+00
4.8123056973283695469945e+00
4.8122996676443454688865e+00
4.8122936936886366865451e+00
4.8122881817015041860941e+00
4.8122827616410610573894e+00
4.8122777787631028090232e+00
4.8122721508039605353702e+00
4.8122665692383019830913e+00
4.8122614106783112575272e+00
4.8122567139723644302762e+00
4.8122523243499895073683e+00
4.8122476273560570447785e+00
4.8122427535673839571473e+00
4.8122380710531826863985e+00
4.8122335501676971603047e+00
4.8122292141395179854158e+00
4.8122244459379581726921e+00
4.8122195201776047923659e+00
4.8122141972227989725752e+00
4.8122089179670659575550e+00
4.8122035555058610967194e+00
4.8121989238265605592915e+00
4.8121935439939980128088e+00
4.8121879769213498079239e+00
4.8121826187576441924421e+00
4.8121767428710882086307e+00
4.8121710966620474536626e+00
4.8121650317512898453742e+00
4.8121587013885456229900e+00
4.8121527691656229563932e+00
4.8121467648591504939759e+00
4.8121409808503381455580e+00
4.8121350580590949164161e+00
4.8121290483692966688523e+00
4.8121232523869315045317e+00
4.8121173874165030781569e+00
4.8121111805405929473523e+00
4.8121049019921695588664e+00
4.8120983469269518195688e+00
4.8120931235420618676812e+00
4.8120881264993338177760e+00
4.8120823542554083118716e+00
4.8120769357230868124020e+00
4.8120717656971416786860e+00
4.8120668362403451467912e+00
4.8120621843336781608969e+00
4.8120575095279196631282e+00
4.8120530143949862278419e+00
4.8120480340607665326047e+00
4.8120432876706509262021e+00
4.8120386822072793719940e+00
4.8120343217541341473975e+00
4.8120299337908694070620e+00
4.8120249727349087009998e+00
4.8120198577442065968057e+00
4.8120153869541049118652e+00
4.8120113292125452630899e+00
4.8120077350073628963401e+00
4.8120040239997923237070e+00
4.8119999077744441962068e+00
4.8119960891245314726916e+00
4.8119926515970332658867e+00
4.8119893046036432693313e+00
4.8119854273940463329495e+00
4.8119810964232749839198e+00
4.8119764584349162817034e+00
4.8119713673141397691779e+00
4.8119664954134577783407e+00
4.8119614980236242729461e+00
4.8119560448035612054696e+00
4.8119505954371044609275e+00
4.8119453873458555293041e+00
4.8119402385752607642644e+00
4.8119350681077452946965e+00
4.8119294345692811276649e+00
4.8119240275925188043971e+00
4.8119187041591615638936e+00
4.8119121982753023658574e+00
4.8119070233851415352433e+00
4.8119020156437386503967e+00
4.8118967849302585193527e+00
4.8118910460371635551269e+00
4.8118852471893900357713e+00
4.8118798537042133389718e+00
4.8118749357182464265748e+00
4.8118704112875745337874e+00
4.8118657050590831758541e+00
4.8118609735204751487458e+00
4.8118560727094861206865e+00
4.8118508160660553585330e+00
4.8118458370457242168072e+00
4.8118416231650522618679e+00
4.8118374400517467393001e+00
4.8118324234964857666341e+00
4.8118272134449195931438e+00
4.8118225958051326074383e+00
4.8118187090985715670399e+00
4.8118150377108754867095e+00
4.8118113271855449397663e+00
4.8118075447032637725897e+00
4.8118041121228101175689e+00
4.8118005473183220743749e+00
4.8117970978078039578918e+00
4.8117938073020605216357e+00
4.8117906889971608919154e+00
4.8117872481758467984037e+00
4.8117837081116388020519e+00
4.8117802313086404097930e+00
4.8117772182528408819735e+00
4.8117741539272422812701e+00
4.8117704999686656819335e+00
4.8117667428312218547148e+00
4.8117627263011737426268e+00
4.8117590115002482065165e+00
4.8117551427793099350083e+00
4.8117515507245345318665e+00
4.8117477284233327594620e+00
4.8117430004768344531385e+00
4.8117381052056016343954e+00
4.8117337792043812783049e+00
4.8117295375610025232049e+00
4.8117255367679119260060e+00
4.8117207985352621335551e+00
4.8117162362703407296749e+00
4.8117116151293837233993e+00
4.8117075190607154766553e+00
4.8117032325114132973454e+00
4.8116984643117799436141e+00
4.8116939262470008742412e+00
4.8116891578707585708230e+00
4.8116844956347062378654e+00
4.8116797231105836729625e+00
4.8116748042341468405425e+00
4.8116704578100977229838e+00
4.8116661668946116847678e+00
4.8116620872079876036764e+00
4.8116581071096620192407e+00
4.8116543256722117405388e+00
4.8116510294317773599460e+00
4.8116477824304091370777e+00
4.8116440579774275576597e+00
4.8116404694108148021314e+00
4.8116369055038772373223e+00
4.8116336952105189794793e+00
4.8116307021316666592270e+00
4.8116276333590475289270e+00
4.8116245616283555008863e+00
4.8116216653425993854398e+00
4.8116190064899724276870e+00
4.8116161313811893762704e+00
4.8116130069443814321062e+00
4.8116098777704117139820e+00
4.8116069308543165661263e+00
4.8116041007828771469690e+00
4.8116014288239528085001e+00
4.8115989805345114049828e+00
4.8115959126724909822315e+00
4.8115929174781966182195e+00
4.8115897201603949895343e+00
4.8115863543713341954344e+00
4.8115834368768242157444e+00
4.8115802918741490401544e+00
4.8115767377162645956901e+00
4.8115729447417461273062e+00
4.8115692499091409217726e+00
4.8115652648999160945209e+00
4.8115611325871379122532e+00
4.8115565952336076804841e+00
4.8115521915795875784738e+00
4.8115477801808586022503e+00
4.8115431044211112165954e+00
4.8115389716888437021680e+00
4.8115350493293949085682e+00
4.8115310839468907744276e+00
4.8115272897078957825556e+00
4.8115235075633888683910e+00
4.8115199132908523793617e+00
4.8115165808115696322034e+00
4.8115131995389202046454e+00
4.8115097343749164693349e+00
4.8115058061850595194642e+00
4.8115024995002286800627e+00
4.8114990016957488450089e+00
4.8114959087238311497003e+00
4.8114930012064913711356e+00
4.8114898514917765481869e+00
4.8114864649401454244071e+00
4.8114834916866584535455e+00
4.8114807809381314740449e+00
4.8114783001502088310986e+00
4.8114758862458453236854e+00
4.8114729283967392348131e+00
4.8114697461214088747283e+00
4.8114664938879574407338e+00
4.8114635736186333048181e+00
4.8114608849340028129404e+00
4.8114580557475497002429e+00
4.8114551925578172841824e+00
4.8114522473727800999654e+00
4.8114494553454703051898e+00
4.8114468705367432477260e+00
4.8114444904592952312328e+00
4.8114421073273945239634e+00
4.8114397802643322776817e+00
4.8114375080560147779352e+00
4.8114350114291637439123e+00
4.8114325667856743251605e+00
4.8114299279305656753536e+00
4.8114271775064834102409e+00
4.8114240503806362525552e+00
4.8114209097365563394533e+00
4.8114179404576935539239e+00
4.8114150568699391996574e+00
4.8114122096634996950115e+00
4.8114094749802323036647e+00
4.8114067697929501221665e+00
4.8114039616864712201050e+00
4.8114012569420196996361e+00
4.8113983170400071998074e+00
4.8113953221475735944068e+00
4.8113920744713452037900e+00
4.8113891507996573437822e+00
4.8113861008801555030345e+00
4.8113832391761830464816e+00
4.8113800876533030503879e+00
4.8113771495448469650569e+00
4.8113738875376048653720e+00
4.8113701908672812379564e+00
4.8113667813179112897615e+00
4.8113640103445050044684e+00
4.8113609709115401358304e+00
4.8113581766839983444584e+00
4.8113552985224457003710e+00
4.8113526655429588174684e+00
4.8113502155051497410909e+00
4.8113477497915528857675e+00
4.8113454299485010068338e+00
4.8113430025793171296300e+00
4.8113405175340684394314e+00
4.8113381029018489343230e+00
4.8113360143937224933097e+00
4.8113340242319875272869e+00
4.8113318779725560148108e+00
4.8113296784833607944165e+00
4.8113274099422467244835e+00
4.8113251208444891560134e+00
4.8113231776004781181655e+00
4.8113212442077362140935e+00
4.8113190827502885227318e+00
4.8113167267949714656083e+00
4.8113141184208672029854e+00
4.8113113756080148064598e+00
4.8113084524863927171623e+00
4.8113056378163046034047e+00
4.8113024712942138449989e+00
4.8112993754580877237004e+00
4.8112961003393257541916e+00
4.8112932119673521569325e+00
4.8112899177999377542392e+00
4.8112867747184404620953e+00
4.8112835595116951736827e+00
4.8112805258621804682662e+00
4.8112773862483635411991e+00
