7.7558117722883224587349e+01
7.7558117722873646471271e+01
7.7558117722852941255951e+01
7.7558117722836144025678e+01
7.7558117722829607032509e+01
7.7558117722828413320713e+01
7.7558117722828555429260e+01
7.7558117722835561380634e+01
7.7558117722856735554160e+01
7.7558117722886962042139e+01
7.7558117722907695679169e+01
7.7558117722902622404035e+01
7.7558117722872552235458e+01
7.7558117722832633944563e+01
7.7558117722798897375469e+01
7.7558117722781616976135e+01
7.7558117722791180881359e+01
7.7558117722841757313290e+01
7.7558117722939073246380e+01
7.7558117723063062953770e+01
7.7558117723167214307978e+01
7.7558117723203139348698e+01
7.7558117723152221856253e+01
7.7558117723039686097763e+01
7.7558117722927349291240e+01
7.7558117722897762291723e+01
7.7558117723038520807677e+01
7.7558117723418945388403e+01
7.7558117724054625341523e+01
7.7558117724877547516371e+01
7.7558117725745447046393e+01
7.7558117726506011990750e+01
7.7558117727093716098352e+01
7.7558117727613748115800e+01
7.7558117728376757327169e+01
7.7558117729873004009278e+01
7.7558117732688018008957e+01
7.7558117737372924693773e+01
7.7558117744305249630088e+01
7.7558117753615277933932e+01
7.7558117765269059873390e+01
7.7558117779357871768298e+01
7.7558117796561873547034e+01
7.7558117818674674026624e+01
7.7558117849056927184392e+01
7.7558117892932060044586e+01
7.7558117957548901699738e+01
7.7558118052406442188840e+01
7.7558118189964218913701e+01
7.7558118387486800315855e+01
7.7558118670730394228485e+01
7.7558119079748564672627e+01
7.7558119675564284989377e+01
7.7558120542630760496650e+01
7.7558121773914336927191e+01
7.7558123413186194738955e+01
7.7558125334492217461957e+01
7.7558127137299877063015e+01
7.7558128308676288042989e+01
7.7558128624339389034503e+01
7.7558128207508929108371e+01
7.7558127926791442519061e+01
7.7558129506281645149102e+01
7.7558134488279378615516e+01
7.7558143336911612664153e+01
7.7558153289907593830321e+01
7.7558162354957005391043e+01
7.7558174907161557598556e+01
7.7558207580003951875369e+01
7.7558256748068345132197e+01
7.7558359245723394792549e+01
7.7558544604692983170935e+01
7.7558806001125418561060e+01
7.7559228085785861139811e+01
7.7559897104670454837105e+01
7.7560581584561305135139e+01
7.7561556467373335976845e+01
7.7563128236889781419450e+01
7.7563424308183698485664e+01
7.7564138915975036070449e+01
7.7565295174691499369146e+01
7.7566139352330623069065e+01
7.7567423612793575671276e+01
7.7569764596606532336409e+01
7.7571706416240843395826e+01
7.7574347583316850318624e+01
7.7577015365176151817650e+01
7.7579680399497704001988e+01
7.7582638310772864542741e+01
7.7585198286174744453092e+01
7.7587553642622069105528e+01
7.7590034932914250020985e+01
7.7592218283696539060657e+01
7.7595921184839681927770e+01
7.7599429854390734817571e+01
7.7600446814392469718769e+01
7.7602215241419685298752e+01
7.7604175887530772115497e+01
7.7607257558708852229756e+01
7.7611003130737671540373e+01
7.7615102227836004544770e+01
