4.4576570145109442933062e+01
4.4576570145109435827635e+01
4.4576570145109442933062e+01
4.4576570145109435827635e+01
4.4576570145109442933062e+01
4.4576570145109442933062e+01
4.4576570145109450038490e+01
4.4576570145109435827635e+01
4.4576570145109435827635e+01
4.4576570145109435827635e+01
4.4576570145109428722208e+01
4.4576570145109421616780e+01
4.4576570145109414511353e+01
4.4576570145109407405926e+01
4.4576570145109393195071e+01
4.4576570145109400300498e+01
4.4576570145109400300498e+01
4.4576570145109400300498e+01
4.4576570145109393195071e+01
4.4576570145109357667934e+01
4.4576570145109307929943e+01
4.4576570145109258191951e+01
4.4576570145109201348532e+01
4.4576570145109144505113e+01
4.4576570145109087661695e+01
4.4576570145109045029130e+01
4.4576570145109002396566e+01
4.4576570145108988185711e+01
4.4576570145109009501994e+01
4.4576570145109080556267e+01
4.4576570145109180032250e+01
4.4576570145109215559387e+01
4.4576570145109151610541e+01
4.4576570145109059239985e+01
4.4576570145109073450840e+01
4.4576570145109180032250e+01
4.4576570145109144505113e+01
4.4576570145109073450840e+01
4.4576570145109172926823e+01
4.4576570145109059239985e+01
4.4576570145109165821395e+01
4.4576570145109130294259e+01
4.4576570145109073450840e+01
4.4576570145109080556267e+01
4.4576570145109087661695e+01
4.4576570145109130294259e+01
4.4576570145109123188831e+01
4.4576570145109151610541e+01
4.4576570145109151610541e+01
4.4576570145109101872549e+01
4.4576570145109116083404e+01
4.4576570145109052134558e+01
4.4576570145108867393446e+01
4.4576570145110331111482e+01
4.4576570145117919707900e+01
4.4576570145042104797994e+01
4.4576570145127405453422e+01
4.4576570147992129022896e+01
4.4576570164690359376891e+01
4.4576570116272804966684e+01
4.4576569363344979990416e+01
4.4576573359170929222728e+01
4.4576598331087595283861e+01
4.4576617023721745169951e+01
4.4576649181802089572102e+01
4.4576607325982244844909e+01
4.4576735198680182747921e+01
4.4576543045800889331076e+01
4.4576764863298102170575e+01
4.4576566317805870198754e+01
4.4576950637082497053143e+01
4.4578802363173849698796e+01
4.4580905433098251933188e+01
4.4584726038961356664458e+01
4.4602141649424190461559e+01
4.4615488355488906790924e+01
4.4653157883464366761928e+01
4.4714558909401041830733e+01
4.4759830063386715437446e+01
4.4803481512642342465824e+01
4.4843367006103008520768e+01
4.4890565077399088522725e+01
4.4949355336343096212204e+01
4.4996835058574149002197e+01
4.5054921237703062786295e+01
4.5114656611076696890450e+01
4.5179840103164302433925e+01
4.5247247233966419344142e+01
4.5333434405249271037519e+01
4.5410318024411381543359e+01
4.5475986391898693739222e+01
4.5560859657484101603586e+01
4.5628084468223136127563e+01
4.5791420234277659062627e+01
4.6004588816580486820840e+01
4.6117669958552149012121e+01
4.6222884539158449967999e+01
4.6351080884849160668182e+01
4.6419610094127996546831e+01
4.6490082696983783705491e+01
4.6564627495095294307248e+01
