1.7249668717002019548090e+04
1.7249668717010223190300e+04
1.7249668717035157897044e+04
1.7249668717076681787148e+04
1.7249668717134674807312e+04
1.7249668717208958696574e+04
1.7249668717299318814185e+04
1.7249668717405475035775e+04
1.7249668717527114495169e+04
1.7249668717663877032464e+04
1.7249668717815384297865e+04
1.7249668717981181544019e+04
1.7249668718160821299534e+04
1.7249668718353786971420e+04
1.7249668718559572880622e+04
1.7249668718777615140425e+04
1.7249668719007375329966e+04
1.7249668719248234992847e+04
1.7249668719499619328417e+04
1.7249668719760913518257e+04
1.7249668720031510019908e+04
1.7249668720310779463034e+04
1.7249668720598121581133e+04
1.7249668720892896089936e+04
1.7249668721194506360916e+04
1.7249668721502344851615e+04
1.7249668721815814933507e+04
1.7249668722134334529983e+04
1.7249668722457321564434e+04
1.7249668722784230340039e+04
1.7249668723114518797956e+04
1.7249668723447663069237e+04
1.7249668723783146560891e+04
1.7249668724120496335672e+04
1.7249668724459232180379e+04
1.7249668724798921175534e+04
1.7249668725139137677616e+04
1.7249668725479466957040e+04
1.7249668725819523388054e+04
1.7249668726158961362671e+04
1.7249668726497417083010e+04
1.7249668726834588596830e+04
1.7249668727170155761996e+04
1.7249668727503853006056e+04
1.7249668727835400204640e+04
1.7249668728164571803063e+04
1.7249668728491131332703e+04
1.7249668728814875066746e+04
1.7249668729135602916358e+04
1.7249668729453154810471e+04
1.7249668729767359764082e+04
1.7249668730078086809954e+04
1.7249668730385190428933e+04
1.7249668730688576033572e+04
1.7249668730988130846526e+04
1.7249668731283767556306e+04
1.7249668731575398851419e+04
1.7249668731862991990056e+04
1.7249668732146477850620e+04
1.7249668732425830967259e+04
1.7249668732701044064015e+04
1.7249668732972109864932e+04
1.7249668733239064749796e+04
1.7249668733501974202227e+04
1.7249668733760954637546e+04
1.7249668734016158850864e+04
1.7249668734267830586759e+04
1.7249668734516304539284e+04
1.7249668734762068197597e+04
1.7249668735005758207990e+04
1.7249668735248258599313e+04
1.7249668735490733524784e+04
1.7249668735734743677313e+04
1.7249668735982286307262e+04
1.7249668736236013501184e+04
1.7249668736499239457771e+04
1.7249668736776220612228e+04
1.7249668737072268413613e+04
1.7249668737393953051651e+04
1.7249668737749343563337e+04
1.7249668738148244301556e+04
1.7249668738602398661897e+04
1.7249668739125798310852e+04
1.7249668739734835980926e+04
1.7249668740448629250750e+04
1.7249668741289122408489e+04
1.7249668742281333834399e+04
1.7249668743453396018595e+04
1.7249668744836650148500e+04
1.7249668746465580625227e+04
1.7249668748377735028043e+04
1.7249668750613494921708e+04
1.7249668753215759352315e+04
1.7249668756229522841750e+04
1.7249668759701413364382e+04
1.7249668763678961113328e+04
1.7249668768209976406069e+04
1.7249668773341691121459e+04
1.7249668779119907412678e+04
1.7249668785588073660620e+04
1.7249668792786345875356e+04
1.7249668800750630907714e+04
1.7249668809511676954571e+04
1.7249668819094164064154e+04
1.7249668829515936522512e+04
1.7249668840787278895732e+04
1.7249668852910319401417e+04
1.7249668865878615179099e+04
1.7249668879676832148107e+04
1.7249668894280599488411e+04
1.7249668909656589676160e+04
1.7249668925762674916768e+04
1.7249668942548341874499e+04
1.7249668959955171885667e+04
1.7249668977917532174615e+04
1.7249668996363379847025e+04
1.7249669015215109538985e+04
1.7249669034390637534671e+04
1.7249669053804340364877e+04
1.7249669073368189856410e+04
1.7249669092992848163703e+04
1.7249669112588733696612e+04
1.7249669132067090686178e+04
1.7249669151340993266786e+04
1.7249669170326229505008e+04
1.7249669188942247274099e+04
1.7249669207112809090177e+04
1.7249669224766705156071e+04
1.7249669241838262678357e+04
1.7249669258267818804597e+04
1.7249669274001982557820e+04
1.7249669288993911322905e+04
1.7249669303203365416266e+04
1.7249669316596773569472e+04
1.7249669329147101962008e+04
1.7249669340833741443930e+04
1.7249669351642256515333e+04
1.7249669361564090650063e+04
1.7249669370596293447306e+04
1.7249669378741018590517e+04
1.7249669386005258274963e+04
1.7249669392400330252713e+04
1.7249669397941463103052e+04
1.7249669402647337847156e+04
1.7249669406539669580525e+04
1.7249669409642774553504e+04
1.7249669411983126337873e+04
1.7249669413588995666942e+04
1.7249669414490021154052e+04
1.7249669414716892788419e+04
1.7249669414300969947362e+04
1.7249669413273972168099e+04
1.7249669411667637177743e+04
1.7249669409513266145950e+04
1.7249669406841283489484e+04
1.7249669403680371033261e+04
1.7249669400056165613933e+04
1.7249669395989167242078e+04
1.7249669391491028363816e+04
1.7249669386558514815988e+04
1.7249669381163679645397e+04
1.7249669375238234351855e+04
1.7249669368649305397412e+04
1.7249669361162734276149e+04
1.7249669352388784318464e+04
1.7249669341703389363829e+04
1.7249669328136544208974e+04
1.7249669310217050224310e+04
1.7249669285760890488746e+04
1.7249669251587754843058e+04
1.7249669203148383530788e+04
1.7249669134043022495462e+04
1.7249669035409297066508e+04
1.7249668895157326915069e+04
1.7249668697029108443530e+04
1.7249668419460009317845e+04
1.7249668034222460846649e+04
1.7249667504836052103201e+04
1.7249666784732751693809e+04
1.7249665815173848386621e+04
1.7249664522924744233023e+04
1.7249662817703665496083e+04
1.7249660589433951827232e+04
1.7249657705343524867203e+04
1.7249654006969685724471e+04
1.7249649307143263285980e+04
1.7249643387041614914779e+04
1.7249635993413099640748e+04
1.7249626836088806157932e+04
1.7249615585905918123899e+04
1.7249601873172960040392e+04
1.7249585286807057855185e+04
1.7249565374268899176968e+04
1.7249541642409090854926e+04
1.7249513559322982473532e+04
1.7249480557284608948976e+04
1.7249442036801068752538e+04
1.7249397371791779733030e+04
1.7249345915857051295461e+04
1.7249287009556745033478e+04
1.7249219988577107869787e+04
1.7249144192622981790919e+04
1.7249058974834013497457e+04
1.7248963711494718154427e+04
1.7248857811785652302206e+04
1.7248740727312630042434e+04
1.7248611961149523267522e+04
1.7248471076144094695337e+04
1.7248317702257121709408e+04
1.7248151542740626609884e+04
1.7247972378999445936643e+04
1.7247780074029855313711e+04
1.7247574574378213583259e+04
1.7247355910611604485894e+04
1.7247124196343964285916e+04
1.7246879625901652616449e+04
1.7246622470751888613449e+04
1.7246353074845086666755e+04
1.7246071849045794806443e+04
1.7245779264835098729236e+04
1.7245475847477195202373e+04
1.7245162168833343457663e+04
1.7244838840002015786013e+04
1.7244506503945627628127e+04
1.7244165828248205798445e+04
1.7243817498124844860286e+04
1.7243462209785637242021e+04
1.7243100664230096299434e+04
1.7242733561530701990705e+04
1.7242361595641890744446e+04
1.7241985449755320587428e+04
1.7241605792204081808450e+04
1.7241223272907936916454e+04
1.7240838520337078080047e+04
1.7240452138972479588119e+04
1.7240064707221514254343e+04
1.7239676775751606328413e+04
1.7239288866207520186435e+04
1.7238901470260818314273e+04
1.7238515048953693622025e+04
1.7238130032300268794643e+04
1.7237746819063449947862e+04
1.7237365776775641279528e+04
1.7236987241904116672231e+04
1.7236611519990459783003e+04
1.7236238885946018854156e+04
1.7235869584464144281810e+04
1.7235503830391560768476e+04
1.7235141809098804515088e+04
1.7234783676839037070749e+04
1.7234429561246284720255e+04
1.7234079561106587789254e+04
1.7233733747510366811184e+04
1.7233392163079381134594e+04
1.7233054822444148157956e+04
1.7232721712285692774458e+04
1.7232392791264301195042e+04
1.7232067989756531460444e+04
1.7231747209249413572252e+04
1.7231430323224947642302e+04
1.7231117175675321050221e+04
1.7230807580238048103638e+04
1.7230501320594365097350e+04
1.7230198147689698089380e+04
1.7229897782141160860192e+04
1.7229599910930421174271e+04
1.7229304186168417800218e+04
1.7229010224286714219488e+04
1.7228717605737951089395e+04
1.7228425874847263912670e+04
1.7228134536847017443506e+04
1.7227843056029785657302e+04
1.7227550852637690695701e+04
1.7227257306523311854107e+04
1.7226961751917137007695e+04
1.7226663473974502267083e+04
1.7226361710464534553466e+04
1.7226055653277595411055e+04
1.7225744443501247587847e+04
1.7225427162810592562892e+04
1.7225102842587395571172e+04
1.7224770457835718843853e+04
1.7224428919397469144315e+04
1.7224077081967578124022e+04
1.7223713747938807500759e+04
1.7223337644904277112801e+04
1.7222947440641590219457e+04
1.7222541738428146345541e+04
1.7222119065856335510034e+04
1.7221677885901804984314e+04
1.7221216599671959556872e+04
1.7220733527584667172050e+04
1.7220226921218029019656e+04
1.7219694956831463059643e+04
1.7219135727411987318192e+04
1.7218547265986646380043e+04
1.7217927519572574965423e+04
1.7217274363197742786724e+04
1.7216585591586226655636e+04
1.7215858911821444053203e+04
1.7215091963983635650948e+04
1.7214282305146676662844e+04
1.7213427419013238250045e+04
1.7212524700832393136807e+04
1.7211571470833838247927e+04
1.7210564963893080857815e+04
1.7209502346586868952727e+04
1.7208380709983619453851e+04
1.7207197055353430187097e+04
1.7205948308688995894045e+04
1.7204631324464058707235e+04
1.7203242891819754731841e+04
1.7201779713898809859529e+04
1.7200238418057084345492e+04
1.7198615564385152538307e+04
1.7196907657261304848362e+04
1.7195111122354523104150e+04
1.7193222309475375368493e+04
1.7191237512424428132363e+04
1.7189152976491779554635e+04
1.7186964875840272725327e+04
1.7184669313611677353038e+04
1.7182262353661531960825e+04
1.7179740013720362185268e+04
1.7177098246028079302050e+04
1.7174332951270884223050e+04
1.7171440003258656361140e+04
1.7168415228539965028176e+04
1.7165254398281755129574e+04
1.7161953259615977003705e+04
1.7158507539354577602353e+04
1.7154912913326304988004e+04
1.7151165029667889029952e+04
1.7147259532192863844102e+04
1.7143192031490169028984e+04
1.7138958112812073522946e+04
1.7134553363054521469167e+04
1.7129973354522371664643e+04
1.7125213640717218368081e+04
1.7120269784870011790190e+04
1.7115137350830249488354e+04
1.7109811890608209068887e+04
1.7104288974513157882029e+04
1.7098564186144340055762e+04
1.7092633107594709144905e+04
1.7086491348906216444448e+04
1.7080134542756470182212e+04
1.7073558332836219051387e+04
1.7066758400859049288556e+04
1.7059730457313253282337e+04
1.7052470238024565333035e+04
1.7044973526472018420463e+04
1.7037236140589688147884e+04
1.7029253937417026463663e+04
1.7021022831801703432575e+04
1.7012538777402824052842e+04
1.7003797779846718185581e+04
1.6994795911039738712134e+04
1.6985529288866473507369e+04
1.6975994098217164719244e+04
1.6966186588022967043798e+04
1.6956103068814903963357e+04
1.6945739927396658458747e+04
1.6935093615305006096605e+04
1.6924160658239201438846e+04
1.6912937664533179486170e+04
1.6901421314484174217796e+04
1.6889608373889870563289e+04
1.6877495687679031107109e+04
1.6865080184691698377719e+04
1.6852358885706722503528e+04
1.6839328894773192587309e+04
1.6825987410312496649567e+04
1.6812331719419948058203e+04
1.6798359202587049367139e+04
1.6784067338571323489305e+04
1.6769453698859964788426e+04
1.6754515956931587425061e+04
1.6739251880887182778679e+04
1.6723659338324850978097e+04
1.6707736299772648635553e+04
1.6691480836689559509978e+04
1.6674891125057136378018e+04
1.6657965441628184635192e+04
1.6640702169776883238228e+04
1.6623099795325593731832e+04
1.6605156907978620438371e+04
1.6586872204218718252378e+04
1.6568244485706396517344e+04
1.6549272661031984171132e+04
1.6529955743977279780665e+04
1.6510292854953917412786e+04
1.6490283219163178728195e+04
1.6469926168973830499453e+04
1.6449221141301393799949e+04
1.6428167678441765019670e+04
1.6406765428010421601357e+04
1.6385014141780997306341e+04
1.6362913676488606142811e+04
1.6340463991608789001475e+04
1.6317665150711844034959e+04
1.6294517318324613370351e+04
1.6271020761917354320758e+04
1.6247175848188391682925e+04
1.6222983045039576609270e+04
1.6198442918129101599334e+04
1.6173556132117157176253e+04
1.6148323447628225039807e+04
1.6122745722046633090940e+04
1.6096823906680847358075e+04
1.6070559047192829893902e+04
1.6043952280883933781297e+04
1.6017004836909793084487e+04
1.5989718033437138728914e+04
1.5962093277928359384532e+04
1.5934132064139796057134e+04
1.5905835972254160878947e+04
1.5877206666149942975608e+04
1.5848245892862538312329e+04
1.5818955480577636990347e+04
1.5789337337199725880055e+04
1.5759393449113076712820e+04
1.5729125878945154909161e+04
1.5698536764854772627586e+04
1.5667628318286017020000e+04
1.5636402822015439596726e+04
1.5604862629970164562110e+04
1.5573010163598801227636e+04
1.5540847911933435170795e+04
1.5508378428558313316898e+04
1.5475604331135034954059e+04
1.5442528298542587435804e+04
1.5409153070505217328900e+04
1.5375481443947450316045e+04
1.5341516273816589091439e+04
1.5307260468808408404584e+04
1.5272716991694120224565e+04
1.5237888855897428584285e+04
1.5202779125170180122950e+04
1.5167390911578917439329e+04
1.5131727372667864983669e+04
1.5095791711937579748337e+04
1.5059587174537500686711e+04
1.5023117047906847801642e+04
1.4986384657999071350787e+04
1.4949393369625098785036e+04
1.4912146583825264315237e+04
1.4874647735582464520121e+04
1.4836900293753802543506e+04
1.4798907757327904619160e+04
1.4760673656258399205399e+04
1.4722201547930639208062e+04
1.4683495016356142514269e+04
1.4644557671162549013388e+04
1.4605393144507592296577e+04
1.4566005091322789667174e+04
1.4526397186391342984280e+04
1.4486573123573005432263e+04
1.4446536614533662941540e+04
1.4406291386264931134065e+04
1.4365841180901841653395e+04
1.4325189753517208373523e+04
1.4284340870720347083989e+04
1.4243298310030035281670e+04
1.4202065857461037012399e+04
1.4160647307041132080485e+04
1.4119046459259638140793e+04
1.4077267119607606218779e+04
1.4035313097735055634985e+04
1.3993188206153268765775e+04
1.3950896258494643916492e+04
1.3908441069502807295066e+04
1.3865826452136854641140e+04
1.3823056217685367300874e+04
1.3780134173836917398148e+04
1.3737064123837424631347e+04
1.3693849864974839874776e+04
1.3650495188295015395852e+04
1.3607003877000070133363e+04
1.3563379705546054537990e+04
1.3519626439159053916228e+04
1.3475747832333023325191e+04
1.3431747628254874143749e+04
1.3387629557918093269109e+04
1.3343397339089468005113e+04
1.3299054675341965776170e+04
1.3254605255254884468741e+04
1.3210052752198074813350e+04
1.3165400822729241554043e+04
1.3120653105886578487116e+04
1.3075813223431856386014e+04
1.3030884777634053534712e+04
1.2985871351854440945317e+04
1.2940776509132583669270e+04
1.2895603791857056421577e+04
1.2850356721368047146825e+04
1.2805038796962460764917e+04
1.2759653494106883954373e+04
1.2714204266374759754399e+04
1.2668694543173498459510e+04
1.2623127729911622736836e+04
