6.2844419434199920715400e+00
6.2844419434255804901568e+00
6.2844419434349196862399e+00
6.2844419434315934580582e+00
6.2844419434032765536813e+00
6.2844419433524425500082e+00
6.2844419432958948945611e+00
6.2844419432209530640421e+00
6.2844419659827348567660e+00
6.2844421295857255671535e+00
6.2844425487128017238092e+00
6.2844429663367620264580e+00
6.2844435663110900236461e+00
6.2844446495351835579868e+00
6.2844453480552138202597e+00
6.2844464832566240275469e+00
6.2844472808420057674539e+00
6.2844486118012197195526e+00
6.2844498421631538320753e+00
6.2844515297442598011912e+00
6.2844527081412238089797e+00
6.2844542543734549511214e+00
6.2844551408958979621389e+00
6.2844568581173145815910e+00
6.2844575595740126416899e+00
6.2844594907411410744658e+00
6.2844600551237679297856e+00
6.2844620268339195234830e+00
6.2844626774595759854947e+00
6.2844647256767114384957e+00
6.2844654780622120071598e+00
6.2844674226356387336523e+00
6.2844680028549495531820e+00
6.2844702652859654179451e+00
6.2844710367989931043553e+00
6.2844734878688930379553e+00
6.2844732461049641614181e+00
6.2844754018640935910867e+00
6.2844760861099571158661e+00
6.2844781146338775101867e+00
6.2844790931707441572485e+00
6.2844816618863390544902e+00
6.2844816944582762019422e+00
6.2844838948935022315823e+00
6.2844849537249514170867e+00
6.2844866785272257558859e+00
6.2844868673209957066206e+00
6.2844886574649567734241e+00
6.2844890355795586245335e+00
6.2844912348893959830320e+00
6.2844918820590729424680e+00
6.2844940407657414738196e+00
6.2844946578047959917512e+00
6.2844963115044985002555e+00
6.2844972335395556939375e+00
6.2845000737499479015469e+00
6.2845001034997762801027e+00
6.2845016638136081965627e+00
6.2845025580982190049895e+00
6.2845042001676256759879e+00
6.2845049348492025842461e+00
6.2845070896154293649261e+00
6.2845072922145845950581e+00
6.2845097141557149100777e+00
6.2845101527006832498046e+00
6.2845123274350092046348e+00
6.2845134926940726671774e+00
6.2845149652459229017154e+00
6.2845154241444953768791e+00
6.2845177545119836892695e+00
6.2845182603650711072873e+00
6.2845200269289707151188e+00
6.2845205992891139956669e+00
6.2845230373573439663915e+00
6.2845234009741242076075e+00
6.2845254605265701286498e+00
6.2845264622257115405546e+00
6.2845283270359741933930e+00
6.2845283457349765399158e+00
6.2845303791244093716273e+00
6.2845313360703851657263e+00
6.2845328330389653714860e+00
6.2845333140227346291340e+00
6.2845359178755408890993e+00
6.2845362868008267653863e+00
6.2845386782054477592396e+00
6.2845395922174951408579e+00
6.2845410015458975649949e+00
6.2845416254643202691454e+00
6.2845441098846208660689e+00
6.2845441045372627542065e+00
6.2845462467779675819202e+00
6.2845467250526141356204e+00
6.2845486379754875727599e+00
6.2845496915274710048038e+00
6.2845517538556316949894e+00
6.2845523569052801349244e+00
6.2845544100221628625036e+00
6.2845552077463935347623e+00
6.2845572938172518107081e+00
6.2845575753683418085416e+00
6.2845598827415010134700e+00
6.2845601714086374300905e+00
6.2845618657488877545347e+00
6.2845628879753316908818e+00
6.2845657307619999798476e+00
6.2845662580856265222451e+00
6.2845675368093294466121e+00
6.2845686271675651468627e+00
6.2845709742636053363185e+00
6.2845713119205246499632e+00
6.2845736942472880670607e+00
6.2845735110777329879284e+00
6.2845753399841930431080e+00
6.2845767167168622435725e+00
6.2845784446940191614317e+00
6.2845792224626730870796e+00
6.2845815536002929135861e+00
6.2845818280318681559038e+00
6.2845840034456985634392e+00
6.2845842559398663595971e+00
6.2845860361623877565762e+00
6.2845867654086235987165e+00
6.2845886335630556374099e+00
6.2845895270497429407897e+00
6.2845913847007865982164e+00
6.2845921367260304535307e+00
6.2845947639112997862298e+00
6.2845948153326904872529e+00
6.2845966307895366753655e+00
6.2845978451587818369717e+00
6.2845998531910893802888e+00
6.2845997199519532117051e+00
6.2846019496515221902655e+00
6.2846031410054425947465e+00
6.2846049065561757629439e+00
6.2846056197418347366579e+00
6.2846075034436381656633e+00
6.2846081591650442277341e+00
6.2846110670561872169060e+00
6.2846115105528186361994e+00
6.2846132361380622199931e+00
6.2846138614974584868378e+00
6.2846156148245793104934e+00
6.2846163852682304096220e+00
6.2846187358123382082908e+00
6.2846191481594235739294e+00
6.2846213561508319500604e+00
6.2846220000894614798881e+00
6.2846242199815574025479e+00
6.2846250122480906696865e+00
6.2846268877586517476175e+00
6.2846279517036460759982e+00
6.2846297115253424436787e+00
6.2846299707200268258589e+00
6.2846322531741494188395e+00
6.2846332989548860936679e+00
6.2846349388120028578442e+00
6.2846357445220411008791e+00
6.2846383199177742184816e+00
6.2846389191488478687120e+00
6.2846407174161305064786e+00
6.2846416256013108991851e+00
6.2846434713271683847324e+00
6.2846445478401182782591e+00
6.2846467088411870349773e+00
6.2846467558575973555435e+00
6.2846491316678321226163e+00
6.2846499713256260832850e+00
6.2846519086935046516373e+00
6.2846529148314322910096e+00
6.2846547638850029926516e+00
6.2846555051674259928518e+00
6.2846572712419472850343e+00
6.2846578114501383538482e+00
6.2846606914229061757737e+00
6.2846609566998727913756e+00
6.2846626749666620881385e+00
6.2846637236928399872227e+00
6.2846652693929456745536e+00
6.2846666310366625651795e+00
6.2846693903493724420173e+00
6.2846691838143167174735e+00
6.2846711166591182617935e+00
6.2846722246184709703698e+00
6.2846743986701802953121e+00
6.2846745567924120479120e+00
6.2846767258472953088244e+00
6.2846773673232263490718e+00
6.2846793804680940453977e+00
6.2846803539889100065352e+00
6.2846819264071216437628e+00
6.2846823476144111353392e+00
6.2846846021162159345863e+00
6.2846851501432183795259e+00
6.2846874311593792228336e+00
6.2846872673238474149571e+00
6.2846894481190753722899e+00
6.2846903994349680999676e+00
6.2846920887453858739491e+00
6.2846931675641677372823e+00
