8.8622704260675888576770e+00
8.8622704260675906340339e+00
8.8622704260675924103907e+00
8.8622704260675906340339e+00
8.8622704260675906340339e+00
8.8622704260675888576770e+00
8.8622704260675906340339e+00
8.8622704260675924103907e+00
8.8622704260675906340339e+00
8.8622704260675906340339e+00
8.8622704260675906340339e+00
8.8622704260675906340339e+00
8.8622704260675906340339e+00
8.8622704260675888576770e+00
8.8622704260675906340339e+00
8.8622704260675906340339e+00
8.8622704260675888576770e+00
8.8622704260675906340339e+00
8.8622704260675888576770e+00
8.8622704260675924103907e+00
8.8622704260675924103907e+00
8.8622704260675906340339e+00
8.8622704260675906340339e+00
8.8622704260675906340339e+00
8.8622704260675906340339e+00
8.8622704260675906340339e+00
8.8622704260675906340339e+00
8.8622704260675906340339e+00
8.8622704260675906340339e+00
8.8622704260675906340339e+00
8.8622704260675888576770e+00
8.8622704260675906340339e+00
8.8622704260675906340339e+00
8.8622704260675888576770e+00
8.8622704260675888576770e+00
8.8622704260675906340339e+00
8.8622704260675906340339e+00
8.8622704260675906340339e+00
8.8622704260675906340339e+00
8.8622704260675906340339e+00
8.8622704260675906340339e+00
8.8622704260675906340339e+00
8.8622704260675906340339e+00
8.8622704260675906340339e+00
8.8622704260675906340339e+00
8.8622704260675906340339e+00
8.8622704260675906340339e+00
8.8622704260675906340339e+00
8.8622704260675888576770e+00
8.8622704260675906340339e+00
8.8622704260675906340339e+00
8.8622704260675906340339e+00
8.8622704260675906340339e+00
8.8622704260675906340339e+00
8.8622704260675906340339e+00
8.8622704260675906340339e+00
8.8622704260675924103907e+00
8.8622704260675906340339e+00
8.8622704260675710941086e+00
8.8622704260665337017144e+00
8.8622704260427873634853e+00
8.8622704257259439231120e+00
8.8622704234561755498589e+00
8.8622704147624116188808e+00
8.8622704006693133749195e+00
8.8622703270078915238628e+00
8.8622699757849527912867e+00
8.8622690188163026903112e+00
8.8622644961616554581951e+00
8.8622534585934804596263e+00
8.8622229063837441032092e+00
8.8621264163272552849548e+00
8.8618999430535421168997e+00
8.8613020341897144049881e+00
8.8598276899135210982195e+00
8.8576482819579549499167e+00
8.8497942734108772100399e+00
8.8402322832169275557135e+00
8.8341105889374009763060e+00
8.8270218636838659875821e+00
8.8173374284419381297084e+00
8.8061779874218242269990e+00
8.7943327785812126506926e+00
8.7813331736061268628646e+00
8.7685212877825264854437e+00
8.7550790590224636389394e+00
8.7408638145077492964674e+00
8.7259666582456354433361e+00
8.7099189911198955371674e+00
8.6944878758302337473651e+00
8.6788599773831958117398e+00
8.6635251277327398611305e+00
8.6421273632956090438029e+00
8.5931925309468653040312e+00
8.5464258864978894791875e+00
8.5211962786619519505393e+00
8.4985470432061696044457e+00
8.4755022978002028111177e+00
8.4608745744044853154264e+00
8.4461048882876657017960e+00
8.4294799362109564810908e+00
