6.2844419434128253598715e+00
6.2848750586215889057939e+00
6.2846857807781058014029e+00
6.2847586170359353019421e+00
6.2847531340590991888462e+00
6.2847300260894316537019e+00
6.2847727145721732355810e+00
6.2847277481683176958427e+00
6.2847730605577813989271e+00
6.2847346989518984017309e+00
6.2847672942581835897613e+00
6.2847427832939457559291e+00
6.2847613828683401848707e+00
6.2847489195314008014748e+00
6.2847572872622130546461e+00
6.2847526228097887468493e+00
6.2847550791822657245689e+00
6.2847544358267448671995e+00
6.2847541941554414535176e+00
6.2847550930457867224277e+00
6.2847540338703700157907e+00
6.2847551784663515661578e+00
6.2847541732823781757133e+00
6.2847550543693699864889e+00
6.2847543762604241024405e+00
6.2847549040622663341082e+00
6.2847545598263190314015e+00
6.2847549234976343157655e+00
6.2847551280648508154059e+00
6.2847555366056244707806e+00
6.2847558321308287787588e+00
6.2847561519501127236254e+00
6.2847564974016787431310e+00
6.2847568017026729236818e+00
6.2847571842944578435208e+00
6.2847575388190834999591e+00
6.2847579962956299226562e+00
6.2847584343801630168969e+00
6.2847588879057108002257e+00
6.2847593345818397736480e+00
6.2847598098986932058096e+00
6.2847602584306239137391e+00
6.2847606860569813491679e+00
6.2847611250138593064207e+00
6.2847616146992386632064e+00
6.2847621235618911228471e+00
6.2847625773440594088015e+00
6.2847629667378770434993e+00
6.2847633825010094099639e+00
6.2847638916023456090443e+00
6.2847644127714943351748e+00
6.2847647914479694009060e+00
6.2847650377549593159188e+00
6.2847654469594580461944e+00
6.2847661197998201387804e+00
6.2847665926159317351107e+00
6.2847667686727177738248e+00
6.2847671487107330534627e+00
6.2847679279244328398590e+00
6.2847684969585477787746e+00
6.2847686520273695620631e+00
