-2.0750319921376302545468e+01
-2.0749496143312008200610e+01
-2.0749223961550228523265e+01
-2.0749184285353848622435e+01
-2.0748809989230110772951e+01
-2.0748411979099760316103e+01
-2.0748289413823574278695e+01
-2.0748282942395295691540e+01
-2.0747961883886532064025e+01
-2.0747626763310979214339e+01
-2.0747982190259634194263e+01
-2.0748333142953963914579e+01
-2.0749057802383802595614e+01
-2.0749876300651859395430e+01
-2.0750392386004168798763e+01
-2.0750616840508257610054e+01
-2.0750775817505282105913e+01
-2.0750987847921852136324e+01
-2.0751407837861723493234e+01
-2.0752483102380590906932e+01
-2.0754703289686695200089e+01
-2.0757555909806850280575e+01
-2.0760561577635311181211e+01
-2.0763706665904837933567e+01
-2.0767233471597961624866e+01
-2.0771643029074716935156e+01
-2.0776557765049869175300e+01
-2.0776317672117180279656e+01
-2.0770968894186495390386e+01
-2.0757580645020823340019e+01
-2.0739017266580376031015e+01
-2.0718737908541658754302e+01
-2.0699792918629700722022e+01
-2.0682128992614032370057e+01
-2.0667580468306312013738e+01
-2.0662846558852127287764e+01
-2.0647408007794535222956e+01
-2.0629356184225127179843e+01
-2.0620070318928831909489e+01
-2.0605645251678119223016e+01
-2.0592973735396927992269e+01
-2.0578023733673948214573e+01
-2.0562901171530359789585e+01
-2.0547911259806824091356e+01
-2.0534893458311966440988e+01
-2.0521737504965020804093e+01
-2.0514780235976793676400e+01
-2.0505176987335680394153e+01
-2.0460997985914197272450e+01
-2.0363604063903853358397e+01
-2.0132152774885362589430e+01
-1.9819115918216564153909e+01
-1.9393693431022803963515e+01
-1.8901860089341205650726e+01
-1.8167177093661837972149e+01
-1.7289367867354716423733e+01
-1.6276670438920106676051e+01
-1.5106623673756649495203e+01
-1.3818511981665494658955e+01
-1.2759894683546480820269e+01
-1.1902956895535410808407e+01
-1.1062819099740943684651e+01
-1.0009032307837035347120e+01
-8.9187325901184806298261e+00
-7.7379030470088006055107e+00
-6.6165152373719360312521e+00
-5.6285214768918168104506e+00
-4.7521133520335263611400e+00
-3.9268892419642433821991e+00
-3.0824353854400823315984e+00
-2.0256473923010167581538e+00
-8.9984455161353649188527e-01
1.4173168206818606562614e-01
1.2867839732823294074393e+00
2.4598764579835710186728e+00
3.7913528002599083954749e+00
4.9708635838290877728696e+00
5.9899945547104254117698e+00
6.9038566754837651373578e+00
8.1657304635477885312866e+00
9.6829146458770694039231e+00
1.1114164017731622990937e+01
1.2437907383141009631800e+01
1.3875922996460090530491e+01
1.4765018074756261157177e+01
1.5774215975816332502291e+01
1.6829176733004658217396e+01
1.8186977493160775054548e+01
1.9318019801847910343895e+01
1.9993117072623341812232e+01
2.0607280501472143185993e+01
2.1215313887150628602285e+01
2.1978721925319923968800e+01
2.2551601997058817516972e+01
2.3210482983827063208082e+01
2.3878436895218360547233e+01
2.4754382021346739151113e+01
2.5544688334771795013012e+01
2.6154998407907356750002e+01
2.6995871487516563291820e+01
2.7822301797723319793931e+01
