6.2844419434190514905936e+00
6.2844418185419277378401e+00
6.2844418925006886311735e+00
6.2844418502848000684935e+00
6.2844418638656973641332e+00
6.2844418696802604173968e+00
6.2844418545943545595378e+00
6.2844418727869335583591e+00
6.2844418556778203210911e+00
6.2844418699551995999286e+00
6.2844418618235797779903e+00
6.2844418781795088335684e+00
6.2844418815697054014890e+00
6.2844418947015334708794e+00
6.2844419068914234571821e+00
6.2844419188635178841196e+00
6.2844419299468228246042e+00
6.2844419303995620040837e+00
6.2844419346568667350539e+00
6.2844419364321932874873e+00
6.2844419408682741234884e+00
6.2844419429636220186808e+00
6.2844419476508805999515e+00
6.2844419519848511157534e+00
6.2844419552677734941426e+00
6.2844419581882133840622e+00
6.2844419693064788035031e+00
6.2844419716362711625379e+00
6.2844419750206439445606e+00
6.2844419804000812845857e+00
6.2844419956229033985551e+00
6.2844419984119825883795e+00
6.2844420021100821927007e+00
6.2844420098285178610809e+00
6.2844420279878789870054e+00
6.2844420310338122703797e+00
6.2844420348251581742716e+00
6.2844420437680197366603e+00
6.2844420624177574907776e+00
6.2844420658476964902661e+00
6.2844420699947436403932e+00
6.2844420793604598429738e+00
6.2844420976641766074522e+00
6.2844421022645322594258e+00
6.2844421070193083878053e+00
6.2844421163699193400021e+00
6.2844421341098906097500e+00
6.2844421394585756601714e+00
6.2844421446571132605641e+00
6.2844421542716695228137e+00
6.2844421719895180444837e+00
6.2844421790175557518410e+00
6.2844421837318638068837e+00
6.2844421940946668669881e+00
6.2844422116301528191684e+00
6.2844422201389376070324e+00
6.2844422251278952984421e+00
6.2844422365354946080629e+00
6.2844422543536575531675e+00
6.2844422624716305136872e+00
6.2844422706376157350405e+00
