3.1415926535897931159980e+01
3.1415926535897938265407e+01
3.1415926535897931159980e+01
3.1415926535897934712693e+01
3.1415926535897934712693e+01
3.1415926535897934712693e+01
3.1415926535897938265407e+01
3.1415926535897931159980e+01
3.1415926535897934712693e+01
3.1415926535897934712693e+01
3.1415926535897934712693e+01
3.1415926535897934712693e+01
3.1415926535897938265407e+01
3.1415926535897931159980e+01
3.1415926535897934712693e+01
3.1415926535897938265407e+01
3.1415926535897934712693e+01
3.1415926535897938265407e+01
3.1415926535897934712693e+01
3.1415926535897938265407e+01
3.1415926535897934712693e+01
3.1415926535897934712693e+01
3.1415926535897938265407e+01
3.1415926535897931159980e+01
3.1415926535897934712693e+01
3.1415926535897934712693e+01
3.1415926535897934712693e+01
3.1415926535897931159980e+01
3.1415926535897931159980e+01
3.1415926535897934712693e+01
3.1415926535897934712693e+01
3.1415926535897934712693e+01
3.1415926535897938265407e+01
3.1415926535897934712693e+01
3.1415926535897938265407e+01
3.1415926535897931159980e+01
3.1415926535897934712693e+01
3.1415926535897931159980e+01
3.1415926535897934712693e+01
3.1415926535897934712693e+01
3.1415926535897934712693e+01
3.1415926535897931159980e+01
3.1415926535897931159980e+01
3.1415926535897934712693e+01
3.1415926535897938265407e+01
3.1415926535897938265407e+01
3.1415926535897934712693e+01
3.1415926535897938265407e+01
3.1415926535897938265407e+01
3.1415926535897934712693e+01
3.1415926535897931159980e+01
3.1415926535897938265407e+01
3.1415926535897931159980e+01
3.1415926535897938265407e+01
3.1415926535897931159980e+01
3.1415926535897934712693e+01
3.1415926535897934712693e+01
3.1415926535897938265407e+01
3.1415926535897931159980e+01
3.1415926535897931159980e+01
3.1415926535897934712693e+01
3.1415926535897938265407e+01
3.1415926535897934712693e+01
3.1415926535897931159980e+01
3.1415926535897938265407e+01
3.1415926535897934712693e+01
3.1415926535897938265407e+01
3.1415926535897931159980e+01
3.1415926535897931159980e+01
3.1415926535897934712693e+01
3.1415926535897938265407e+01
3.1415926535897934712693e+01
3.1415926535897927607266e+01
3.1415926535897934712693e+01
3.1415926535897934712693e+01
3.1415926535897931159980e+01
3.1415926535897934712693e+01
3.1415926535897938265407e+01
3.1415926535897934712693e+01
3.1415926535897934712693e+01
3.1415926535897934712693e+01
3.1415926535897934712693e+01
3.1415926535897934712693e+01
3.1415926535897934712693e+01
3.1415926535897938265407e+01
3.1415926535897931159980e+01
3.1415926535897931159980e+01
3.1415926535897938265407e+01
3.1415926535897938265407e+01
3.1415926535897931159980e+01
3.1415926535897934712693e+01
3.1415926535897934712693e+01
3.1415926535897934712693e+01
3.1415926535897934712693e+01
3.1415926535897931159980e+01
3.1415926535897938265407e+01
3.1415926535897931159980e+01
3.1415926535897938265407e+01
3.1415926535897934712693e+01
3.1415926535897934712693e+01
3.1415926535897938265407e+01
