1.2566370614412057573478e-03
2.6637381465290381650501e-04
1.7292393554548912519564e-04
1.9506815789862669242513e-04
3.2798129354533635661326e-05
1.3707292368745119769124e-04
1.1693676263217002141847e-06
7.9117775799016331608401e-05
2.4516451243568081364173e-06
3.7554067919314547722379e-05
7.7144983902284446628580e-06
1.4225772209338951785110e-05
9.2661909881707714013764e-06
3.8708915471333022419371e-06
7.6239977467272525949479e-06
5.1807248898258331734634e-07
4.9355772640666440456659e-06
1.3294687654907126355855e-08
2.6106234306967241067107e-06
2.3715082035180350053081e-07
1.1322458756462270675411e-06
4.1307127055901266170367e-07
3.7871969492334155737333e-07
4.0474151173407568911683e-07
8.8420117462395889302009e-08
3.0007762142346742219483e-07
1.7898571211559491019374e-08
1.7939071283213804057404e-07
1.3417179696810244000641e-08
9.3669553299846484427031e-08
3.5026931202361770538546e-08
4.4048059986075146636727e-08
2.9095108193224628006072e-08
2.2140638298138239824744e-08
3.8770660359905385576167e-08
1.7393743157888017608644e-08
2.1238884692094966192477e-08
1.4756701393317320490812e-08
2.8699216964118470831195e-08
1.8384543881074697244948e-08
1.4548289880789179006842e-08
1.6343729491899713518132e-08
2.3725043493430923322653e-08
2.0139862774602752333268e-08
1.4016375698680809274657e-08
1.6432013638385831363139e-08
2.2890996112999616522265e-08
2.0250792895277161646616e-08
1.4644881499157139409646e-08
1.5986687535682411820223e-08
2.3256712098696115478033e-08
2.1426326214018670737061e-08
1.5822553884559367462884e-08
1.6607540390590649760812e-08
2.2926337960756333073357e-08
2.1573313631431296320950e-08
1.7020890250576855512194e-08
1.9791828531875546586806e-08
2.3892237853941436555545e-08
1.9606266655516788583411e-08
1.6345187080495726557311e-08
