9.4247779599312728748828e+00
9.4247764729891532198280e+00
9.4247757523268607116051e+00
9.4247720946749655723806e+00
9.4247742980406332691246e+00
9.4247730552469128895154e+00
9.4247734824798872210749e+00
9.4247727284900015831681e+00
9.4247734212516114382652e+00
9.4247730496421677770513e+00
9.4247728150704670468940e+00
9.4247729156852226850560e+00
9.4247729823644679214567e+00
9.4247728556711418690384e+00
9.4247728312718539456228e+00
9.4247728720984795813820e+00
9.4247728702886170992770e+00
9.4247728459841386694507e+00
9.4247728587569099545362e+00
9.4247728558442762647474e+00
9.4247728576523446264446e+00
9.4247728717368115525232e+00
9.4247728642323593817309e+00
9.4247728531756198577796e+00
9.4247728670666077732676e+00
9.4247728935340280287392e+00
9.4247729240861044530675e+00
9.4247729793441443746360e+00
9.4247730187172518157013e+00
9.4247729648584179784621e+00
9.4247731790060864653924e+00
9.4247745374916576110991e+00
9.4247769481882510689275e+00
9.4247800683624873840927e+00
9.4247806333405055312369e+00
9.4247805449628732077372e+00
9.4247908024290101280940e+00
9.4248034757252128201799e+00
9.4248172124521065740055e+00
9.4248212151362338317995e+00
9.4248205860685594359438e+00
9.4248470595439428620921e+00
9.4248769508219361057400e+00
9.4249212101226564897161e+00
9.4249398694902328799117e+00
9.4249231938617477055686e+00
9.4249804243625394661876e+00
9.4250129431583467010114e+00
9.4250631534789555132647e+00
9.4250960289626810606478e+00
9.4250523384655764402851e+00
9.4250801876567731341083e+00
9.4251299958829211078637e+00
9.4251935313069594712942e+00
9.4252396225931232009998e+00
9.4251784221819239206752e+00
9.4251758785605819213060e+00
9.4252204057603687914479e+00
9.4252763045745524550512e+00
9.4253283917138279690562e+00
9.4252644691103881768868e+00
9.4252537682973507315864e+00
9.4253077951308856796686e+00
9.4254136785437108159158e+00
9.4254918924235209232165e+00
9.4254774013136426447090e+00
9.4254915825560523501281e+00
9.4255459615201075962432e+00
9.4256367795450124447143e+00
9.4257459860286019193154e+00
9.4257444783809951616149e+00
9.4257586415299705606685e+00
9.4259027547655591661169e+00
9.4259744834894831910788e+00
9.4260180791541294809122e+00
9.4260291085950171918739e+00
9.4261226898759833403574e+00
9.4262794818922461814736e+00
9.4264532155532272383880e+00
9.4265539805695386377238e+00
9.4266309835793542504234e+00
9.4266303519140528521802e+00
9.4268233491469093365822e+00
9.4270714411489908712838e+00
9.4272585053470798754915e+00
9.4274086614161518582478e+00
9.4275171772148151916326e+00
9.4277047186133486889048e+00
9.4279280876913027498176e+00
9.4281055730323046759622e+00
9.4282825173418398634340e+00
9.4285351639703929294001e+00
9.4285705104413697341670e+00
9.4287734739737736333609e+00
9.4288519516073812098966e+00
9.4290406349125426288538e+00
9.4291754951726982625360e+00
9.4293847552878471418580e+00
9.4296524784634758731272e+00
9.4298102597640802713386e+00
9.4298841513040656536759e+00
9.4300337456173028982676e+00
9.4302107771020704518605e+00
9.4304204363754173812140e+00
9.4306925509961132547687e+00
9.4308556243892880388557e+00
9.4308819881124783535142e+00
9.4311133133188871369157e+00
9.4312726013442684802612e+00
9.4314609718191473319848e+00
9.4316124085954253786213e+00
9.4316738750931268242539e+00
9.4319328717550003915449e+00
9.4321706345553426587003e+00
9.4324091128199238909247e+00
9.4325572656366194479460e+00
9.4326553659468626022999e+00
9.4329068176648060983780e+00
9.4331900442089988700900e+00
9.4333670695342757284152e+00
9.4334468844899124206904e+00
