1.9755858247034353780691e+01
1.9755856659583276524472e+01
1.9756041714931772190766e+01
1.9756299148546748511990e+01
1.9757246583319329147344e+01
1.9758832200280121327296e+01
1.9763167287626046686455e+01
1.9772768636434740585628e+01
1.9780279970889175444881e+01
1.9793781939006414916093e+01
1.9801193580387838721890e+01
1.9820457489661830408068e+01
1.9830493907082473725723e+01
1.9845516831410705549388e+01
1.9864644107474980216921e+01
1.9877926959119427863243e+01
1.9887183197138934787063e+01
1.9891318679250609591236e+01
1.9901611588139274999776e+01
1.9911041781849316834041e+01
1.9911699239274494033225e+01
1.9915228893575175561637e+01
1.9918550062491942043152e+01
1.9924537102477536620881e+01
1.9928276889697770002385e+01
1.9940061793105062548648e+01
1.9950570486897877486854e+01
1.9960020967713830941648e+01
1.9966245785114232091928e+01
1.9971768402345709603196e+01
1.9981674350482865776257e+01
1.9991221089738949956427e+01
2.0003829284066426907884e+01
2.0012200818485197828522e+01
2.0013271154093391857032e+01
2.0036427644220836441491e+01
2.0070217868890924961534e+01
2.0100546557323156093844e+01
2.0144237093307715724677e+01
2.0199725648049867032796e+01
2.0255654787236757385926e+01
2.0310133642805467957260e+01
2.0356857076503136028123e+01
2.0410342846206038558421e+01
2.0458722338774204985157e+01
2.0504625041232955595660e+01
2.0560338664454018697825e+01
2.0598263996296811484399e+01
2.0651138765975669997488e+01
2.0719642101228142649916e+01
2.0778539223509781663779e+01
2.0859644448138716654739e+01
2.0954593965709921832286e+01
2.1021484865596516300457e+01
2.1095209006007198837551e+01
2.1233012808978667607107e+01
2.1360595723612707530492e+01
2.1496685195787524236266e+01
2.1598119660229542660090e+01
2.1722270274077324359041e+01
2.1850828809997910440188e+01
2.1967838542721718653183e+01
2.2046084270591062903577e+01
2.2137788315804982630652e+01
2.2257294861397241447776e+01
2.2384915963601763166935e+01
2.2532305625748051625123e+01
2.2642549694424769057832e+01
2.2806918035297488955848e+01
2.2981560328534186510296e+01
2.3136479335881201535585e+01
2.3253535223950464683185e+01
2.3383174708085807225189e+01
2.3532390420213953774464e+01
2.3719915978961431335392e+01
2.3877846351734664409605e+01
2.4007137407595607214716e+01
2.4159238959965023241239e+01
2.4322271346737483810330e+01
2.4448224704331490642062e+01
2.4665908890372104877997e+01
2.4861716643705836560230e+01
2.5025685759583154776919e+01
2.5213671769581043946573e+01
2.5390279325484542027880e+01
2.5559388891249550823659e+01
2.5699295759604645184027e+01
2.5889067410620175024860e+01
2.6134883523334778487879e+01
2.6295695996771186742080e+01
2.6454156294195225740395e+01
2.6591196197642936738248e+01
2.6769479750830249997762e+01
2.6980555654774565965681e+01
2.7158173064160500587150e+01
2.7290324830456579974225e+01
2.7456304555144185997051e+01
2.7633679519080388331531e+01
2.7800268928186707029226e+01
2.7911923397856540418616e+01
2.8023873005315646622648e+01
2.8186569624823736290864e+01
2.8390653268907030337687e+01
2.8546119954769778814807e+01
2.8681807037423173056823e+01
2.8797046565115177685357e+01
2.8927367191548903235798e+01
2.9082091015684600421309e+01
2.9263923528218807490475e+01
2.9398174139717294650609e+01
2.9506827830797959677511e+01
2.9613515860114237199241e+01
2.9700631681770634173745e+01
2.9807339957307252831242e+01
2.9905917573994386771119e+01
3.0028117681716111064816e+01
3.0134387205900161177397e+01
3.0249867001511692166105e+01
3.0329464139741659778338e+01
3.0390371581953907309526e+01
3.0469410941976974527279e+01
3.0605484106315831382972e+01
3.0724979895969735110839e+01
3.0826959312212736108449e+01
3.0910689140894056947673e+01
3.0997593356644948414669e+01
3.1091460053716215128361e+01
3.1151962416577134717954e+01
3.1219800444407063366725e+01
3.1280463873462167612161e+01
3.1326352975726734939599e+01
3.1377769372739077624601e+01
3.1432694801549928342865e+01
3.1494273383844284097677e+01
3.1558976507332328509392e+01
3.1620980715853523435044e+01
3.1677951790030924428265e+01
3.1714021589769977538253e+01
3.1747292949046450161177e+01
3.1801163292615303390676e+01
3.1872726124456910667959e+01
3.1938110545352401459240e+01
3.2000532093319620230432e+01
3.2040372064501447368912e+01
3.2084356117107120098808e+01
3.2130708423272913876190e+01
3.2179395550082752208709e+01
3.2226828877859247768356e+01
3.2252595247158716063041e+01
3.2283483183703125973807e+01
3.2316497077576819663136e+01
3.2361843514842483671146e+01
3.2409689679366977088648e+01
3.2448820010164730831548e+01
3.2472934147452001241163e+01
3.2509081118891700157292e+01
3.2544914097570256217296e+01
3.2578649566987841978971e+01
3.2610898252786448381357e+01
3.2638932651867484935337e+01
3.2678382411100422189065e+01
3.2721486212811136340406e+01
3.2755342273312379575145e+01
3.2798969180326380978840e+01
3.2837082710785260530884e+01
3.2871173262901955069992e+01
3.2906481730670016361273e+01
3.2928676044008369672156e+01
3.2959458582749043387139e+01
3.2986815853843907575538e+01
3.3014912037905190800302e+01
3.3046519926718971760238e+01
3.3068856652596451795034e+01
3.3095999685981396964962e+01
3.3127593721405332871655e+01
3.3149199172502449073363e+01
3.3177737000627637087291e+01
3.3211978483285115260060e+01
3.3235788126581468304721e+01
3.3257485544761486551124e+01
3.3283878050859627251157e+01
