1.2566370614326908494718e+01
1.2566370614326906718361e+01
1.2566370614326906718361e+01
1.2566370614326908494718e+01
1.2566370614326908494718e+01
1.2566370614326908494718e+01
1.2566370614326906718361e+01
1.2566370614326906718361e+01
1.2566370614326906718361e+01
1.2566370614326908494718e+01
1.2566370614326908494718e+01
1.2566370614326908494718e+01
1.2566370614326906718361e+01
1.2566370614326908494718e+01
1.2566370614326906718361e+01
1.2566370614326908494718e+01
1.2566370614326906718361e+01
1.2566370614326908494718e+01
1.2566370614326908494718e+01
1.2566370614326910271075e+01
1.2566370614326906718361e+01
1.2566370614326906718361e+01
1.2566370614326906718361e+01
1.2566370614326906718361e+01
1.2566370614326910271075e+01
1.2566370614326910271075e+01
1.2566370614326908494718e+01
1.2566370614326908494718e+01
1.2566370614326908494718e+01
1.2566370614326904942004e+01
1.2566370614326908494718e+01
1.2566370614326906718361e+01
1.2566370614326906718361e+01
1.2566370614326906718361e+01
1.2566370614326908494718e+01
1.2566370614326906718361e+01
1.2566370614326908494718e+01
1.2566370614326908494718e+01
1.2566370614326906718361e+01
1.2566370614326906718361e+01
1.2566370614326908494718e+01
1.2566370614326906718361e+01
1.2566370614326908494718e+01
1.2566370614326908494718e+01
1.2566370614326908494718e+01
1.2566370614326906718361e+01
1.2566370614326908494718e+01
1.2566370614326908494718e+01
1.2566370614326908494718e+01
1.2566370614326908494718e+01
1.2566370614326906718361e+01
1.2566370614326908494718e+01
1.2566370614326906718361e+01
1.2566370614326906718361e+01
1.2566370614326908494718e+01
1.2566370614326906718361e+01
1.2566370614326906718361e+01
1.2566370614326908494718e+01
1.2566370614326908494718e+01
1.2566370614326908494718e+01
1.2566370614326908494718e+01
1.2566370614326908494718e+01
1.2566370614326908494718e+01
1.2566370614326906718361e+01
1.2566370614326908494718e+01
1.2566370614326908494718e+01
1.2566370614326906718361e+01
1.2566370614326908494718e+01
1.2566370614326906718361e+01
1.2566370614326906718361e+01
1.2566370614326906718361e+01
1.2566370614326906718361e+01
1.2566370614326910271075e+01
1.2566370614326908494718e+01
1.2566370614326908494718e+01
1.2566370614326906718361e+01
1.2566370614326906718361e+01
1.2566370614326906718361e+01
1.2566370614326908494718e+01
1.2566370614326908494718e+01
1.2566370614326908494718e+01
1.2566370614326908494718e+01
1.2566370614326908494718e+01
1.2566370614326906718361e+01
1.2566370614326908494718e+01
1.2566370614326906718361e+01
1.2566370614326906718361e+01
1.2566370614326904942004e+01
1.2566370614326908494718e+01
1.2566370614326910271075e+01
1.2566370614326908494718e+01
1.2566370614326910271075e+01
1.2566370614326908494718e+01
1.2566370614326906718361e+01
1.2566370614326908494718e+01
1.2566370614326906718361e+01
1.2566370614326908494718e+01
1.2566370614326908494718e+01
1.2566370614326908494718e+01
1.2566370614326906718361e+01
1.2566370614326908494718e+01
1.2566370614326908494718e+01
1.2566370614326906718361e+01
1.2566370614326908494718e+01
1.2566370614326908494718e+01
1.2566370614326908494718e+01
1.2566370614326908494718e+01
1.2566370614326906718361e+01
1.2566370614326906718361e+01
1.2566370614326908494718e+01
1.2566370614326906718361e+01
1.2566370614326906718361e+01
1.2566370614326906718361e+01
1.2566370614326906718361e+01
1.2566370614326908494718e+01
1.2566370614326910271075e+01
1.2566370614326906718361e+01
1.2566370614326906718361e+01
1.2566370614326908494718e+01
1.2566370614326908494718e+01
1.2566370614326906718361e+01
