3.1885231173714533525754e+01
3.1885231173714533525754e+01
3.1885231173714533525754e+01
3.1885231173714533525754e+01
3.1885231173714533525754e+01
3.1885231173714540631181e+01
3.1885231173714540631181e+01
3.1885231173714533525754e+01
3.1885231173714533525754e+01
3.1885231173714540631181e+01
3.1885231173714540631181e+01
3.1885231173714540631181e+01
3.1885231173714540631181e+01
3.1885231173714540631181e+01
3.1885231173714540631181e+01
3.1885231173714533525754e+01
3.1885231173714540631181e+01
3.1885231173714533525754e+01
3.1885231173714533525754e+01
3.1885231173714533525754e+01
3.1885231173714533525754e+01
3.1885231173714540631181e+01
3.1885231173714540631181e+01
3.1885231173714533525754e+01
3.1885231173714533525754e+01
3.1885231173714540631181e+01
3.1885231173714533525754e+01
3.1885231173714533525754e+01
3.1885231173714533525754e+01
3.1885231173714533525754e+01
3.1885231173714533525754e+01
3.1885231173714540631181e+01
3.1885231173714540631181e+01
3.1885231173714540631181e+01
3.1885231173714540631181e+01
3.1885231173714540631181e+01
3.1885231173714540631181e+01
3.1885231173714533525754e+01
3.1885231173714540631181e+01
3.1885231173714540631181e+01
3.1885231173714533525754e+01
3.1885231173714540631181e+01
3.1885231173714540631181e+01
3.1885231173714533525754e+01
3.1885231173714533525754e+01
3.1885231173714533525754e+01
3.1885231173714533525754e+01
3.1885231173714533525754e+01
3.1885231173714533525754e+01
3.1885231173714540631181e+01
3.1885231173714540631181e+01
3.1885231173714540631181e+01
3.1885231173714533525754e+01
3.1885231173714540631181e+01
3.1885231173714540631181e+01
3.1885231173714540631181e+01
3.1885231173714540631181e+01
3.1885231173714540631181e+01
3.1885231173714540631181e+01
3.1885231173714533525754e+01
3.1885231173714540631181e+01
3.1885231173714540631181e+01
3.1885231173714533525754e+01
3.1885231173714540631181e+01
3.1885231173714540631181e+01
3.1885231173714533525754e+01
3.1885231173714533525754e+01
3.1885231173714540631181e+01
3.1885231173714540631181e+01
3.1885231173714540631181e+01
3.1885231173714540631181e+01
3.1885231173714540631181e+01
3.1885231173714540631181e+01
3.1885231173714540631181e+01
3.1885231173714533525754e+01
3.1885231173714540631181e+01
3.1885231173714540631181e+01
3.1885231173714540631181e+01
3.1885231173714540631181e+01
3.1885231173714540631181e+01
3.1885231173714540631181e+01
3.1885231173714547736608e+01
3.1885231173714533525754e+01
3.1885231173714540631181e+01
3.1885231173714540631181e+01
3.1885231173714540631181e+01
3.1885231173714540631181e+01
3.1885231173714540631181e+01
3.1885231173714540631181e+01
3.1885231173714540631181e+01
3.1885231173714540631181e+01
3.1885231173714540631181e+01
3.1885231173714540631181e+01
3.1885231173714533525754e+01
3.1885231173714540631181e+01
3.1885231173714540631181e+01
3.1885231173714533525754e+01
3.1885231173714540631181e+01
3.1885231173714547736608e+01
3.1885231173714533525754e+01
3.1885231173714547736608e+01
