3.3184129158446815210937e+01
3.3184129158446815210937e+01
3.3184129158446822316364e+01
3.3184129158446822316364e+01
3.3184129158446822316364e+01
3.3184129158446815210937e+01
3.3184129158446815210937e+01
3.3184129158446822316364e+01
3.3184129158446822316364e+01
3.3184129158446815210937e+01
3.3184129158446822316364e+01
3.3184129158446822316364e+01
3.3184129158446822316364e+01
3.3184129158446822316364e+01
3.3184129158446829421791e+01
3.3184129158446822316364e+01
3.3184129158446829421791e+01
3.3184129158446815210937e+01
3.3184129158446822316364e+01
3.3184129158446822316364e+01
3.3184129158446822316364e+01
3.3184129158446822316364e+01
3.3184129158446815210937e+01
3.3184129158446815210937e+01
3.3184129158446815210937e+01
3.3184129158446815210937e+01
3.3184129158446815210937e+01
3.3184129158446815210937e+01
3.3184129158446722840381e+01
3.3184129158444406471062e+01
3.3184129158411359128422e+01
3.3184129158098386369602e+01
3.3184129155788923526416e+01
3.3184129141344939739611e+01
3.3184129061521616677055e+01
3.3184128743636364333724e+01
3.3184127123195928277255e+01
3.3184120662797610634698e+01
3.3184099051915495692811e+01
3.3184019782061717762645e+01
3.3183999272119571344319e+01
3.3183947550806998094686e+01
3.3184201393705457405758e+01
3.3184419990060078475835e+01
3.3184656719771091104576e+01
3.3184922714859879988580e+01
3.3185340458534909657828e+01
3.3185415678568240593904e+01
3.3185599671164212054464e+01
3.3185234301185474237172e+01
3.3185645954961252357407e+01
3.3186380088992656567370e+01
3.3186924987245461693419e+01
3.3187442374441552317421e+01
3.3187941843163812905004e+01
3.3188708834067050190697e+01
3.3189590565117889298108e+01
3.3190037105479888168702e+01
3.3190362997970211722532e+01
3.3190593275399486117294e+01
3.3191163574057696905584e+01
3.3191817683745682643348e+01
3.3191905245329870410842e+01
3.3192235098458553466116e+01
3.3192679353202471759232e+01
3.3193375265315211208872e+01
3.3193658371554619179733e+01
3.3193860799391735838526e+01
3.3194295549567407022096e+01
3.3194897861152618645519e+01
3.3196128082835976158549e+01
3.3198619714080692233438e+01
3.3201341893956950457323e+01
3.3203316509036945092248e+01
3.3204389449201116235599e+01
3.3206416431584251824916e+01
3.3209272650747280408723e+01
3.3214052370729454821685e+01
3.3217172429293363222769e+01
3.3219216487180695196457e+01
3.3220740846289714909290e+01
3.3222046085551738769936e+01
3.3223952466108350733975e+01
3.3225823707461529465945e+01
3.3227398405058877983720e+01
3.3229559602919934491183e+01
3.3231735786733622717293e+01
3.3236458257549642780759e+01
3.3239157594705375231570e+01
3.3242118182801043246855e+01
3.3244452626519993998500e+01
3.3245976323798558382805e+01
3.3248381096475064566675e+01
3.3251725541149632192628e+01
3.3254528686220851341204e+01
3.3256357463000774998818e+01
3.3260078594885797542702e+01
3.3263883775323122904410e+01
3.3266322843038850010089e+01
3.3270158072033240159726e+01
3.3273276269338580846124e+01
3.3276161757419423281590e+01
3.3280161111821371378028e+01
3.3285511678811374736142e+01
3.3291502988886534808444e+01
3.3293604188720344438934e+01
3.3297057389732273691152e+01
3.3297891327135914707469e+01
3.3299593350464810725953e+01
3.3302503457220062443866e+01
3.3305337645475077579249e+01
3.3307160568826049029667e+01
3.3309436126759848662005e+01
3.3311356876471386101457e+01
3.3313383389862885053390e+01
3.3315144839417975219931e+01
3.3319646562174398241041e+01
3.3323799257237901372264e+01
3.3326798059689465958400e+01
3.3329032273911913364373e+01
3.3333849763844916935795e+01
3.3337218023822316581573e+01
3.3340245679688379709660e+01
3.3344397823570020022999e+01
3.3347911889037042953987e+01
3.3350761189950517859870e+01
3.3354645748395043369783e+01
3.3358901592152413684289e+01
3.3361993429201326932798e+01
3.3368555967633191983168e+01
3.3374155824621304589073e+01
3.3376727695510048476990e+01
3.3379903033998253647496e+01
3.3384439434548653480306e+01
3.3389342027319010242081e+01
3.3394112300269661375296e+01
3.3397939547704702079045e+01
3.3401945841871153675129e+01
3.3404395343106230598096e+01
3.3407499424692339573539e+01
3.3410919839314075829861e+01
3.3413494113004041707882e+01
3.3417900374363370019637e+01
3.3420071187439326365620e+01
3.3422888383584130167492e+01
3.3424245825526348596668e+01
3.3427333440682090781593e+01
3.3431551994368568614391e+01
3.3434255384233722452336e+01
3.3437124138674839457508e+01
3.3438335696841448907435e+01
3.3441285087997613345578e+01
3.3444056867602839133724e+01
3.3447063178877755262874e+01
3.3449798638686466745185e+01
3.3454544645500014610207e+01
3.3458547087823319543531e+01
3.3461529468008137655488e+01
3.3464457234154124876113e+01
3.3467069998327232838164e+01
3.3470295417907571788874e+01
3.3474472067687372600631e+01
3.3477986453789810639137e+01
3.3480240468920506202721e+01
3.3481936566556491641222e+01
3.3484921430606803482988e+01
3.3488861852199875102087e+01
3.3490964874471181644822e+01
3.3493270743187075311198e+01
3.3496279017204422245868e+01
3.3498599472971172019697e+01
3.3501019259923317861194e+01
3.3503325771353210882353e+01
3.3505258134079483056667e+01
3.3507190267253996296404e+01
3.3510007536830869412370e+01
3.3512705231681671591559e+01
3.3514775025081938508720e+01
3.3517867991262477289638e+01
3.3519030808691958611689e+01
3.3522654570449276434374e+01
3.3524239704024537900295e+01
3.3526448192399421088794e+01
3.3529058210660814154380e+01
3.3531006946173050664584e+01
3.3533164679398510088504e+01
3.3535712321504043131881e+01
3.3536965489688384423062e+01
3.3539055974082366162747e+01
3.3541132398383822987853e+01
3.3542763341066333282470e+01
3.3543686264743278968581e+01
3.3545813011458349706118e+01
3.3548894946718249343576e+01
3.3551046812881040182219e+01
3.3553097169363724106006e+01
3.3555344399515533382328e+01
3.3557414878365150912032e+01
3.3560271495476861502993e+01
3.3562252626251620313269e+01
3.3564847270507790710781e+01
3.3566418818075149488322e+01
3.3567482341358548580956e+01
3.3570480409469659832666e+01
3.3571876177055514745007e+01
3.3574167554263382839963e+01
3.3576824625389903644646e+01
3.3579954409272190218871e+01
3.3582080406016196150176e+01
3.3584504721637387092414e+01
3.3588333024927102599122e+01
3.3590296175757217156388e+01
3.3592198020662138446824e+01
3.3594160480725008710579e+01
3.3595713247608486540230e+01
3.3597856717561342065892e+01
3.3599760096967763445264e+01
3.3601848520118373642163e+01
3.3602845508182781486539e+01
3.3604555104572455093148e+01
3.3605935769692983683399e+01
3.3607475346275371919091e+01
3.3608778203937426098946e+01
3.3609908936761250686232e+01
3.3611752133051872704073e+01
3.3613308679354943819817e+01
3.3613754265317176361805e+01
3.3616002911632591576563e+01
3.3617332702126873300585e+01
3.3619611254883878359578e+01
3.3622778237579701965387e+01
3.3624265467885976477191e+01
3.3625351792680987728090e+01
3.3626931089716961764680e+01
3.3628693346914886319610e+01
3.3629851120773061268210e+01
3.3631462168207761465055e+01
3.3633166663070888091625e+01
3.3635153762046975600697e+01
3.3636380898781041537404e+01
3.3638521023328856074386e+01
3.3639228780970334753420e+01
3.3640840625503116712025e+01
3.3643086523889174088708e+01
3.3644190984588313142467e+01
3.3645949826190012288407e+01
3.3647207381396889047664e+01
3.3648682001456627688185e+01
3.3650220368836755824304e+01
3.3651886165581927912172e+01
3.3653807515357904378561e+01
3.3655491282080454595871e+01
3.3656790071120795460047e+01
3.3659247711197124885985e+01
3.3659600506274713893617e+01
3.3661657080798605079508e+01
3.3663478211863456124320e+01
3.3664723188698744138492e+01
3.3665776203141390965357e+01
3.3667383137643476231915e+01
3.3669684965980501090144e+01
3.3671821339473240186635e+01
3.3673877976527926136896e+01
3.3674245438601481339447e+01
3.3675923571698412217756e+01
3.3677622682978004320375e+01
3.3678219229723573846513e+01
3.3679610923450766790666e+01
3.3680735257830455964267e+01
3.3681811265427285206897e+01
3.3683129244181493788801e+01
3.3683936727421503576352e+01
3.3684683666865133488955e+01
3.3685349097863948486520e+01
3.3686577544864306332784e+01
3.3687597353401990574184e+01
3.3688484193608680072884e+01
3.3690196649773987758181e+01
3.3690780055773039691758e+01
3.3693394541950837606237e+01
3.3693648801120332336723e+01
3.3695082701527802271357e+01
3.3696747987273163005284e+01
3.3697823724108687315493e+01
3.3698925524160110001048e+01
3.3700667746392781509712e+01
3.3701676280466685398096e+01
3.3702010882146517189994e+01
3.3704106781240867007909e+01
3.3704995287590286068280e+01
3.3705943527664622649809e+01
3.3707169573385478145156e+01
3.3707925484509516422804e+01
3.3709163884812340938879e+01
3.3711808487662096922577e+01
3.3712306592334840615877e+01
3.3713925453525845910008e+01
3.3714771359934957217774e+01
3.3715757439215764179608e+01
3.3716331582895492147145e+01
3.3717500340817686321770e+01
3.3718738068128502050058e+01
3.3719441503831660611468e+01
3.3720131560810578719156e+01
3.3721802443672842741762e+01
3.3722861727227623873659e+01
3.3723929293270252571801e+01
3.3723884933176648814879e+01
3.3724600277734360531667e+01
3.3724910582700573513648e+01
3.3726066895417680768787e+01
3.3726943116320882154469e+01
3.3727678526534454306329e+01
3.3728142181052731984892e+01
3.3729312112311056637282e+01
3.3730341462512647865424e+01
3.3731269917113472445180e+01
3.3731799093879430984089e+01
3.3732994636681496558595e+01
3.3733770888932866682808e+01
3.3734557583785132806042e+01
3.3734990998687798935407e+01
3.3736328179469651900035e+01
3.3737284806979921825132e+01
3.3738508089887574215027e+01
3.3739222935746226994524e+01
3.3740136889472189807293e+01
3.3740598375416446685904e+01
3.3741149859598394300519e+01
3.3742421519459888656911e+01
3.3743048184676993628273e+01
3.3743345224009466676307e+01
3.3744350506836781278253e+01
3.3745102326118228575069e+01
3.3746120133784991423909e+01
3.3747218326692767220720e+01
3.3748025758369259108349e+01
3.3749222055125656538621e+01
3.3749805246862791818785e+01
3.3751305902302746630994e+01
3.3752235998575471853655e+01
3.3753330119683013776921e+01
3.3753829639995494460436e+01
3.3754432161572054837961e+01
3.3755485789852023970070e+01
3.3756756386908584488538e+01
3.3757454800430657826382e+01
3.3758565549140328698741e+01
3.3758926909858679721310e+01
3.3759629862600249339266e+01
3.3760065281335165821019e+01
3.3760980270433329053503e+01
3.3761377158117433339157e+01
3.3762150059417734837552e+01
3.3762130307103156212634e+01
3.3762505699095356703765e+01
3.3763031827755376923506e+01
3.3763724065575068777889e+01
3.3763880806899692288425e+01
3.3764837661720150663314e+01
3.3764880692371690429354e+01
3.3765359380013144630084e+01
3.3766307311387762979393e+01
3.3766502335400517154085e+01
3.3767876596060482086159e+01
3.3768392222725886142598e+01
3.3769307164142041699506e+01
3.3769625134194541260513e+01
3.3770600328757950592262e+01
3.3770371204007048504536e+01
3.3771525230804485318004e+01
3.3772097233933969562258e+01
3.3772779960345260974464e+01
3.3773091902090612848042e+01
3.3773975462929570312554e+01
3.3774723867872722848915e+01
3.3775705758686868307450e+01
3.3776212647418553558509e+01
3.3776915636106380702586e+01
3.3777914619259298945053e+01
3.3777893630882168451990e+01
3.3778646135245978143757e+01
3.3778850662144499494843e+01
3.3780014466888680146894e+01
3.3780261994363115718443e+01
3.3781152969967436661136e+01
3.3781749918486369210768e+01
3.3782360832909105852195e+01
3.3783386376084095559236e+01
3.3784628706903973238695e+01
3.3784521399354275672522e+01
3.3784995193009123681804e+01
3.3785945351956094384605e+01
3.3786566222537253167957e+01
3.3786646868170052471214e+01
3.3787527933125680590365e+01
3.3788003776599424554661e+01
3.3788730987118491100318e+01
3.3789034411277697245168e+01
3.3789734708536059315520e+01
3.3790132680615549531922e+01
3.3790411530835129383377e+01
3.3791392846247184422737e+01
3.3791850464203150750109e+01
3.3792093327334647767657e+01
3.3792641759966578263175e+01
3.3793147355393514885691e+01
3.3793731969566650263914e+01
3.3794023960283510632507e+01
3.3794942840772705494601e+01
3.3795561457451803732965e+01
3.3795398491852807865143e+01
3.3796231246177008245013e+01
3.3796290008699124030045e+01
3.3796365073518941812836e+01
3.3797223923414868806958e+01
3.3797881556483119425138e+01
3.3798615604408098533895e+01
3.3799204164409744066688e+01
3.3799913937318031287305e+01
3.3800717734593689556277e+01
3.3800892151794592166425e+01
3.3801686260375241488418e+01
3.3802184103259740766134e+01
3.3803578976114216914084e+01
3.3803844399763505634837e+01
3.3804280745247851314161e+01
3.3804784387596953365573e+01
3.3805509033207577829216e+01
3.3806281933841326292622e+01
3.3806435501779517949217e+01
3.3807072414095529211409e+01
3.3807094482765151610693e+01
3.3807625833063418951951e+01
3.3808733491155216199786e+01
3.3808805372679884726494e+01
3.3809686702912500777529e+01
3.3809882720559329527532e+01
3.3810421419884825411373e+01
3.3811101554855540030076e+01
3.3811543312725881094138e+01
3.3811808163756005285450e+01
3.3811945168409728523784e+01
3.3812349217306405080308e+01
3.3813026522220717140499e+01
3.3813868003056192890199e+01
3.3814774419578149888821e+01
3.3814878328535847629155e+01
3.3814950650402430198938e+01
3.3815914925282775982396e+01
3.3816196951014724447759e+01
3.3816534661515348147987e+01
3.3817065934051690589968e+01
3.3817070909916985499422e+01
3.3817488095387609803311e+01
3.3817798633601945823557e+01
3.3818219071435009936977e+01
3.3819035835540319112624e+01
3.3819532452436035896426e+01
3.3820067752186922405144e+01
3.3820966529497738406462e+01
3.3821334785067165285000e+01
3.3822192292346954900495e+01
3.3822383731233479409184e+01
3.3822641466970885915089e+01
3.3823045810157786661421e+01
3.3823539732184393358239e+01
3.3824074112790086132918e+01
3.3824415549504642797274e+01
3.3824186825811786150098e+01
3.3824762201894657209778e+01
3.3825656722151755673167e+01
3.3825783409933563916638e+01
3.3825942552984514577474e+01
3.3826462973490741603655e+01
3.3826995667719288007902e+01
3.3827825745321781880648e+01
3.3827898878805392257618e+01
3.3828194425313903082042e+01
3.3828565752011662937093e+01
3.3828968616577682837487e+01
3.3829492452000117452826e+01
3.3829793386599021687289e+01
3.3830368795979133267338e+01
3.3830757746260609053479e+01
3.3830574238935660957850e+01
3.3831244095577183372825e+01
3.3831653540834885518507e+01
3.3832454802959496475978e+01
3.3832675589265974736009e+01
3.3833366091581964951729e+01
3.3833360613703433728006e+01
3.3833581944729004931105e+01
3.3833824359059377684389e+01
3.3833637303544975338809e+01
3.3834212426765091663583e+01
3.3834434770893871302633e+01
3.3835171359521226008837e+01
3.3835302076965867001945e+01
3.3835499787835715324036e+01
3.3835210633313053563143e+01
3.3835367229153057166968e+01
3.3836254602951640890751e+01
3.3836780127616812308133e+01
3.3837157046424131578988e+01
3.3837927174685795250753e+01
3.3838125803646171618766e+01
3.3838881930336256687042e+01
3.3839199594642749957529e+01
3.3839790801925722973920e+01
3.3839893391072962458566e+01
3.3840644056153244889629e+01
3.3841025035124907560657e+01
3.3841781778282530979141e+01
3.3842283575923154614884e+01
3.3842884389951493062654e+01
3.3843332198561803636494e+01
3.3843244296913923108150e+01
3.3843574077138484312854e+01
3.3844410988809030982338e+01
3.3844904135370406095262e+01
3.3844830429474065169870e+01
3.3844908104547208438362e+01
3.3845004197054159078561e+01
3.3845721165294023080605e+01
3.3846355853086159015675e+01
3.3846668702848461407484e+01
3.3846785236336963009762e+01
3.3846863048428048159622e+01
3.3847168736771543251507e+01
3.3847022835412069241556e+01
3.3847717178516106173447e+01
3.3848109717068894042313e+01
3.3848987673706268708429e+01
3.3848967801289674639520e+01
3.3849145396776592065180e+01
3.3849662609873476526445e+01
3.3849933932091929023045e+01
3.3850261279723802942954e+01
3.3850589313476234565314e+01
3.3850315554408929585861e+01
3.3850892777148260393005e+01
3.3851242012077300103101e+01
3.3851362414832806280174e+01
3.3851986841304238851080e+01
3.3851989192720431276484e+01
3.3852535586307418213892e+01
3.3852814978752469698975e+01
3.3853124973561577348846e+01
3.3853419685057893673275e+01
3.3854007498473983162057e+01
3.3854138030884669774423e+01
3.3853539887534424224214e+01
3.3853813168650972897922e+01
3.3853981581659752464475e+01
3.3854504042176927214314e+01
3.3854157531937744352035e+01
3.3853577088722651922126e+01
3.3854507352041558476685e+01
3.3855242069658572745539e+01
3.3855965376696431690107e+01
3.3856240623224323371687e+01
3.3856341140415345591919e+01
3.3855799703365271113853e+01
3.3855627667470216124457e+01
3.3856718412338999257827e+01
3.3856905055671312254617e+01
3.3857228463231407999956e+01
3.3857669394731594536552e+01
3.3857859940888722860564e+01
3.3858276649642164102261e+01
3.3858561161450346332913e+01
3.3858983225095535374294e+01
3.3860133671686689638136e+01
3.3860429508852817548359e+01
3.3859865588381204304369e+01
3.3860716246940938845000e+01
3.3860581773414843098635e+01
3.3861175645986222093597e+01
3.3861305129635361765850e+01
3.3861867085541334176924e+01
3.3861890376132031121870e+01
3.3861825142941256672202e+01
3.3862280531075299450094e+01
3.3862262594494573875181e+01
3.3862611613246876629546e+01
3.3862709664999862013701e+01
3.3862677541716507789715e+01
3.3862808110172217368472e+01
3.3863569353886568080725e+01
3.3863198662270804106811e+01
3.3863453548825901862074e+01
3.3863917777751346704918e+01
3.3863836426073611107768e+01
3.3864358558143628386006e+01
3.3864015123474722201991e+01
3.3865322347921463119746e+01
3.3864199991851201332338e+01
3.3864077810276853597315e+01
3.3864064924356533481387e+01
3.3865017704804984077782e+01
3.3865217822203973696560e+01
3.3865757211602165455133e+01
3.3866259292361384325432e+01
3.3864776074980603937092e+01
3.3864876258492394356381e+01
3.3866089098019116931937e+01
3.3866137520199707466872e+01
3.3866473598146370704853e+01
3.3867013935434066240759e+01
3.3867671435043831706935e+01
3.3866679987216663505478e+01
3.3867719931394042021111e+01
3.3869134024359262014059e+01
3.3869823130755207785114e+01
3.3869721235920444257772e+01
3.3869104633032783624458e+01
3.3867969892731771608396e+01
3.3870285167903745104923e+01
3.3871180234404484110655e+01
3.3871924560931795156193e+01
3.3871491435041988893317e+01
3.3869352175839786411871e+01
3.3870463406994616661905e+01
3.3871536370467453025412e+01
3.3873033775833739866812e+01
3.3873044615807401669372e+01
3.3871606196807107380664e+01
3.3871031072190795896404e+01
3.3871675808187845291286e+01
3.3872869146248554272915e+01
3.3874320030613134235864e+01
3.3873702451642515143249e+01
3.3872455950663528767564e+01
3.3873198596439209495657e+01
3.3874480143434382739542e+01
3.3874555292757811741922e+01
3.3875090024626175022604e+01
3.3875927819486122416492e+01
3.3876038934943295544144e+01
3.3877049840528805191298e+01
3.3877652872543492890145e+01
3.3879518906454784143989e+01
3.3880338766788433702004e+01
3.3879970989897287836357e+01
3.3880989660812538488699e+01
3.3882267673785904094075e+01
3.3882657264301045074717e+01
3.3883804251398956353114e+01
3.3883997169028340579189e+01
3.3884482184127229231763e+01
3.3885094442107416057297e+01
3.3885423431757892842597e+01
3.3885788682656446724195e+01
3.3886362146926380489731e+01
3.3886658437818510947181e+01
3.3887466868578506762333e+01
3.3887974138898584897106e+01
3.3887976154331163058941e+01
3.3888583811697252201611e+01
3.3888954776943243984988e+01
3.3889168005240364323072e+01
3.3888979454618642250807e+01
3.3889432804538223820146e+01
3.3889245429242571105988e+01
3.3889570914844227900176e+01
3.3889650230837318645172e+01
3.3889986556328260292048e+01
3.3890468031252950709131e+01
3.3890831384944178239493e+01
3.3891299398717180224594e+01
3.3891500740465154706271e+01
3.3892102766707580485672e+01
3.3892283832575273549992e+01
3.3892758901674298499529e+01
3.3892906707031642099537e+01
3.3893400176663071476924e+01
3.3893929673248528899876e+01
3.3894173267195064624957e+01
3.3894312826471939104067e+01
3.3895040578983312684613e+01
3.3895375311088706382634e+01
3.3895618250658152703636e+01
3.3895927446363153023867e+01
3.3896577004960334988937e+01
3.3896172215254033233123e+01
3.3896231229661609063442e+01
3.3896510392085723140099e+01
3.3897151820372535269144e+01
3.3897378985890533442671e+01
3.3897762103398100919094e+01
3.3897909241479702302513e+01
3.3898086487157264912184e+01
3.3898594580040033008572e+01
3.3898706325925324733817e+01
3.3899095636839675194096e+01
3.3899301574132074676982e+01
3.3899867762740740317895e+01
3.3899771781965647221568e+01
3.3900147322920069825614e+01
3.3900590037375138763309e+01
3.3901081569682382621522e+01
3.3901187742643280387256e+01
3.3901506990264209662200e+01
3.3901911973419892376569e+01
3.3902089547842365391261e+01
3.3902368271232759866507e+01
3.3902979802162029443480e+01
3.3903329278682484471119e+01
3.3903879968226760865946e+01
3.3903570814651487808078e+01
3.3903826385208844840236e+01
3.3904150387011711131890e+01
3.3904405761106701788776e+01
3.3904570889489534124550e+01
3.3904582679517147880688e+01
3.3905014383058912130764e+01
3.3905378786706421578856e+01
3.3905810640650749121505e+01
3.3905823382682726219173e+01
3.3905658412373540500084e+01
3.3906407558872579954823e+01
3.3906697232980093303922e+01
3.3906624639723879965914e+01
3.3907172183882870797333e+01
3.3907648143282202113369e+01
3.3907900438654941410732e+01
3.3908271295948495094308e+01
3.3908534446382411431387e+01
3.3908572753634814489487e+01
3.3908832726306187055343e+01
3.3908875824592890069198e+01
3.3909560079720414194071e+01
3.3909557802426036232646e+01
3.3910068946767680131416e+01
3.3910544083996128961189e+01
3.3910808631611956798224e+01
3.3910958963570656976572e+01
3.3911480164360888522879e+01
3.3911733633594444370374e+01
3.3911894668715291345507e+01
3.3912021030458205927971e+01
3.3911977536089715101753e+01
3.3912252983246787607641e+01
3.3912477948205172140206e+01
3.3913033546244882643350e+01
3.3913231930857570262106e+01
3.3913532740036018253704e+01
3.3913386782322298529380e+01
3.3913869646468420171459e+01
3.3914170889351794357935e+01
3.3914777787454625013197e+01
3.3914662353784613912921e+01
3.3914895818316125541969e+01
3.3915029494720698721721e+01
3.3915137115134996292909e+01
3.3915518774375684074585e+01
3.3915583452943536713065e+01
3.3915952941653934260557e+01
3.3916209919799669592066e+01
3.3916513135728081351772e+01
3.3916619047518437923827e+01
3.3917265020175584311346e+01
3.3917373075213902211544e+01
3.3917936655574756343867e+01
3.3918286128831617531887e+01
3.3918469263344640296509e+01
3.3918596678070016992024e+01
3.3918751483789314704609e+01
3.3919182471871415884834e+01
3.3919674703247899572034e+01
3.3919720168405362414887e+01
3.3919775203207741753886e+01
3.3920606414229375502600e+01
3.3920519707909313922300e+01
3.3920930444568597295074e+01
3.3921242228656481643156e+01
3.3921434439470303345843e+01
3.3921633114811996279059e+01
3.3921915495196863332694e+01
3.3922474846284366378768e+01
3.3922373107372152389871e+01
3.3922823193616643777659e+01
3.3922918470100462684513e+01
3.3923364116986398641984e+01
3.3923464577526829089038e+01
3.3923601493442482990304e+01
3.3923943621433522821462e+01
3.3923941260495261929009e+01
3.3923980686372416926133e+01
3.3923991873036300148669e+01
3.3924137945817001593696e+01
3.3924442567599378151044e+01
3.3924819389281644532730e+01
3.3924696301155407240913e+01
3.3925098388722929598771e+01
3.3925226408040110470665e+01
3.3925605531086382882222e+01
3.3925981029067685312839e+01
3.3925877783458105341197e+01
3.3926245596811419602545e+01
3.3926354652793257571375e+01
3.3926627941416384715012e+01
3.3926601735530240944172e+01
3.3926739555952167393116e+01
3.3927012453019735005455e+01
3.3927234193003336315542e+01
3.3927252329032931754682e+01
3.3927615661866589391593e+01
3.3928106830295583051793e+01
3.3928344616342528183850e+01
3.3928691262735860334487e+01
3.3928829130707839567549e+01
3.3928643433204065615882e+01
3.3928920601918889587978e+01
3.3928938293181722940517e+01
3.3929144936910354601878e+01
3.3929288566359410594941e+01
3.3929885671874728814146e+01
3.3930242495848411010684e+01
3.3930562346989454169943e+01
3.3931058417040226515837e+01
3.3931271566826474384015e+01
3.3930972555321687877949e+01
3.3931687337419525363202e+01
3.3931913347726826657436e+01
3.3932077744193804846873e+01
3.3932398065975057477317e+01
3.3932374428834734203519e+01
3.3932528350868302879917e+01
3.3932609702940553120243e+01
3.3932844892499787192719e+01
3.3933036379196529708224e+01
3.3933112801195321139858e+01
3.3933584659445109821263e+01
3.3933566940365459174700e+01
3.3933925078104586248173e+01
3.3934326728853719146173e+01
3.3934579689378658429177e+01
3.3934584837035565385577e+01
3.3934840037996714556812e+01
3.3934902005146177828010e+01
3.3935290806279255093614e+01
3.3935499485190035784399e+01
3.3935536749359592079145e+01
3.3936019116298822950739e+01
3.3936249576282918383185e+01
3.3936381758393032725962e+01
3.3936518670090336513567e+01
3.3936711526539696137661e+01
3.3936754042017739152470e+01
3.3936783280488732827962e+01
3.3937467964162628675240e+01
3.3937558925641475582324e+01
3.3938203262117184522140e+01
3.3938289584329943693319e+01
3.3938862364900309387394e+01
3.3938845264864760054024e+01
3.3939003404780436312649e+01
3.3939292484538086114298e+01
3.3939180470216783191972e+01
3.3939601441979561968765e+01
3.3939771914747673520196e+01
3.3940072745421247191189e+01
3.3939986228061023609825e+01
3.3940191920064627595366e+01
3.3940256864867770048022e+01
3.3940624897135649007396e+01
3.3940536320468787323534e+01
3.3940787026452447605607e+01
3.3941051126296578388519e+01
3.3941253996776374890487e+01
3.3941478148986789165065e+01
3.3941900968709639130338e+01
3.3942106009325911486485e+01
3.3942385213406168986694e+01
3.3942381802812874980191e+01
3.3941921176703168328004e+01
3.3941558353777352863290e+01
3.3942273088752841658788e+01
3.3942261880988866096232e+01
3.3942420390566525156828e+01
3.3942736322511485980158e+01
3.3942986859502319418880e+01
3.3943241116118429090420e+01
3.3943340108294890455909e+01
3.3943554344217680807105e+01
3.3943886052493454030810e+01
3.3944038770752676725806e+01
3.3944203738493790467601e+01
3.3944392125519811997947e+01
3.3944259662420812162509e+01
3.3944640011560274217572e+01
3.3944837657038704037404e+01
3.3944811619770312915989e+01
3.3945262909889116542672e+01
3.3945220235844871581321e+01
3.3945820190239842872870e+01
3.3946044024478325695782e+01
3.3945821087487054512621e+01
3.3945955383903509527954e+01
3.3946405490841961238857e+01
3.3946415593717574665789e+01
3.3946997772312364816116e+01
3.3947267775026801928107e+01
3.3947465364673597321143e+01
3.3947843192910383436356e+01
3.3947951374022586890078e+01
3.3948042558036505056407e+01
3.3948362006068279583815e+01
3.3948389798599912126065e+01
3.3948721557502942403062e+01
3.3948803760895359005190e+01
3.3949337605547846408172e+01
3.3949747765572375612919e+01
3.3950058887819999142721e+01
3.3950106037354906618475e+01
3.3950189063026599001205e+01
3.3950527399894546931591e+01
3.3950687340631738209140e+01
3.3951087437499147370090e+01
3.3951545885270981273152e+01
3.3951770905416751133998e+01
3.3951983488780250297623e+01
3.3952232529513068470806e+01
3.3952419990100082713980e+01
3.3952454093913736699051e+01
3.3952970527049451732182e+01
3.3952963875868888976584e+01
3.3952772617271939736838e+01
3.3953474204240770006891e+01
3.3953868132064172868922e+01
3.3954167464080711624774e+01
3.3954410888712196481265e+01
3.3954470029234990136047e+01
3.3954620026392937859328e+01
3.3954788085256808471968e+01
3.3955287429884862149265e+01
3.3955488213202677627578e+01
3.3955583110221262188588e+01
3.3955798620849911628738e+01
3.3956100854926944521139e+01
3.3956662108187437354445e+01
3.3956936275769180610951e+01
3.3957233820920549760558e+01
3.3957593013751115051946e+01
3.3957947062956030492842e+01
3.3957857342964693714293e+01
3.3958082729710163505388e+01
3.3958315133493115922647e+01
3.3958779239738227317957e+01
3.3958678826803812000890e+01
3.3959028265110006827854e+01
3.3959152060275329176875e+01
3.3959266156576816797497e+01
3.3959536175463021834275e+01
3.3959428683952346261776e+01
3.3959794034023538245037e+01
3.3959760534889824157290e+01
3.3960006831086687384413e+01
3.3960016922085465296277e+01
3.3959993915071258641092e+01
3.3960236681567756988898e+01
3.3960252610719599886124e+01
3.3960175358371607501340e+01
3.3960291981606431477303e+01
3.3960461201689405186244e+01
3.3960571663592993729708e+01
3.3960836900912113378581e+01
3.3960904448959816193110e+01
3.3961332689958268815644e+01
3.3961433138030123757289e+01
3.3961536667235279196575e+01
3.3961518230743379831438e+01
3.3961870968438745421736e+01
3.3962158839922850006587e+01
3.3962626362560818904512e+01
3.3962924128685564539865e+01
3.3962826891557838848712e+01
3.3963039141857599645391e+01
3.3963110645716355406876e+01
3.3962879995420550471863e+01
3.3962726119191906093420e+01
3.3963253751853464734722e+01
3.3963336636088271802691e+01
3.3963530448245087711712e+01
3.3963503348735201825548e+01
3.3964076726233180636427e+01
3.3964114319034173661294e+01
3.3964393528543062927838e+01
3.3964731562724445268486e+01
3.3965134534784994002621e+01
3.3965277601533152562752e+01
3.3965331528391558890689e+01
3.3965259984854192509829e+01
3.3966135875428001611454e+01
3.3966121629732199949103e+01
3.3966261023005301922240e+01
3.3966359666966255304033e+01
3.3966862116937228677216e+01
3.3967159335207398385137e+01
3.3967333714473454620020e+01
3.3967819064052697797251e+01
3.3968428468421237198527e+01
3.3968495884847037302734e+01
3.3968650822835556368773e+01
3.3968654240874393224203e+01
3.3969117927081121877109e+01
3.3969170932144287178289e+01
3.3969269428316849257499e+01
3.3969566704439571935836e+01
3.3969505941956356309674e+01
3.3970050181547186696207e+01
3.3970027054704090119230e+01
3.3970617853238891825640e+01
3.3971050006860572523237e+01
3.3971284000295675298275e+01
3.3971262249169186020481e+01
3.3971761388870831410713e+01
3.3972026168849303928710e+01
3.3972234492699499242008e+01
3.3972273115027945777911e+01
3.3971805720302690190238e+01
3.3972455231439454337306e+01
3.3972506638933580802586e+01
3.3972708519592544007537e+01
3.3972991858058840364265e+01
3.3973237812350127740046e+01
3.3973683972366529815190e+01
3.3974015014573090809336e+01
3.3973929743941624792569e+01
3.3974505232586928116234e+01
3.3974830587068090892444e+01
3.3975092183775949195024e+01
3.3975408416272756539911e+01
3.3975686629266114380243e+01
3.3976021301189852863445e+01
3.3976271337053965737596e+01
3.3976630844375108608801e+01
3.3976419603375212830088e+01
3.3976769803752439713662e+01
3.3976878692985771124313e+01
3.3976817355374734574980e+01
3.3977480628577197308005e+01
3.3977407975123369965331e+01
3.3977721784243094305111e+01
3.3977980482507753379195e+01
3.3978253262403924850332e+01
3.3978468357251607301350e+01
3.3978989706942016368885e+01
3.3978757181056238323436e+01
3.3978825850252107443339e+01
3.3978816776809004807092e+01
3.3979102250472898560929e+01
3.3979807485966574631675e+01
3.3980040243214411077588e+01
3.3980238071205832284249e+01
3.3980390413495783263897e+01
3.3980532382156496851167e+01
3.3980564707600237284169e+01
3.3980684330159121486759e+01
3.3980990695994137240632e+01
3.3981010317277586807450e+01
3.3981433943239807149439e+01
3.3981556510692399797335e+01
3.3982102703297535128968e+01
3.3982399149366294466290e+01
3.3982640320479497120232e+01
3.3982526709180838508928e+01
3.3982718362555175417583e+01
3.3983175914887482349513e+01
3.3983105139078496392813e+01
3.3983139518559212888249e+01
3.3983004824231137774859e+01
3.3983315958979389392880e+01
3.3983343236837541212481e+01
3.3983612535853055192092e+01
3.3983851168126662400937e+01
3.3984400576869290944160e+01
3.3984411317961438214752e+01
3.3984469908803092152993e+01
3.3984990971436296547381e+01
3.3985573747451340409498e+01
3.3985624596983221579194e+01
3.3986089911673602159681e+01
3.3986115552700773889683e+01
3.3986457266936611176789e+01
3.3986441469630761957887e+01
3.3986851796992503693673e+01
3.3987276801485769794908e+01
3.3987421368810878163913e+01
3.3987540415674800442503e+01
3.3987917408685717646222e+01
3.3987826274771002488251e+01
3.3987745820659462481217e+01
3.3987995769514974142567e+01
3.3988241148659177781610e+01
3.3988246476466819956386e+01
3.3988164667434979548943e+01
3.3988485153884909095723e+01
3.3988602874242609175326e+01
3.3988903868896755966489e+01
3.3989267912378821279162e+01
3.3989079157508832906842e+01
3.3989093088504631623437e+01
3.3989381162772140498873e+01
3.3989516183502743729150e+01
3.3989640006087682877478e+01
3.3989560523532027502824e+01
3.3989757669875999113174e+01
3.3989896881259888061777e+01
3.3990013901901477311185e+01
3.3990231058041167955253e+01
3.3990170815497080525347e+01
3.3990513209436777231076e+01
3.3990626736377301142511e+01
3.3991050476914622890945e+01
3.3990991203545007692810e+01
3.3991137900606304356188e+01
3.3991273284506753782352e+01
3.3991599693845493845856e+01
3.3992012067794753704675e+01
3.3992039006957369906559e+01
3.3992166267034640725342e+01
3.3991959553775267011133e+01
3.3992042115144940339633e+01
3.3991987184675252819943e+01
3.3992429249280789349541e+01
3.3992574628872318953654e+01
3.3993321877253009688502e+01
3.3994068824244862980777e+01
3.3994550810441204191648e+01
3.3995349142857627100511e+01
3.3995701715390580943676e+01
3.3996219056759223065001e+01
3.3996368232004478215913e+01
3.3996703698080018796190e+01
3.3997024055707697698381e+01
3.3997200962223161013753e+01
3.3997058230865910388729e+01
3.3997163914049650657034e+01
3.3997954071067447046062e+01
3.3998092992458850858384e+01
3.3998369203732778487392e+01
3.3998741332047998753296e+01
3.3998916683628621626667e+01
3.3999259967024777040479e+01
3.3999409252911412693265e+01
3.3999229304095692327792e+01
3.3999429536694812270525e+01
3.3999569716515772199728e+01
3.4000103066544063779020e+01
3.4000247440057506764788e+01
3.4000068560749411972211e+01
3.3999916457336297526126e+01
3.4000018246281719314084e+01
3.4000283692088387965669e+01
3.4000727772339757848385e+01
3.4001098383654451140501e+01
3.4000889976052526719741e+01
3.4001208389235337392620e+01
3.4001312022535103096743e+01
3.4001451688141223428374e+01
3.4001815112025226994774e+01
3.4002138740985564879793e+01
3.4002316802672076789804e+01
3.4002894662537208603226e+01
3.4002869755480006119797e+01
3.4003356967980323588563e+01
3.4003700996233170883443e+01
3.4004053551727402293636e+01
3.4004518050954089858351e+01
3.4005264377461550395765e+01
3.4005740249311671163923e+01
3.4006212847939266907815e+01
3.4006820037179949167694e+01
3.4007909588543924428450e+01
3.4008478166371240547505e+01
3.4008906980641036454927e+01
3.4009555929305989252498e+01
3.4009993176654496949141e+01
3.4009995268838459026028e+01
3.4010300787331757987886e+01
3.4010389478375749661154e+01
3.4010168391167617585324e+01
3.4010378615363265453198e+01
3.4010426355117353125479e+01
3.4010815252737458536103e+01
3.4011570757294464328879e+01
3.4011896323112956963541e+01
3.4012392518522325701724e+01
3.4012627159736851467642e+01
3.4013233463808390411032e+01
3.4013811152348935706868e+01
3.4013753605827211856649e+01
3.4013791820883653826968e+01
3.4013864699268431479595e+01
3.4014083447272874138889e+01
3.4014132587010017516604e+01
3.4013971396542316938394e+01
3.4014165610058078925704e+01
3.4014457327959050303434e+01
3.4014726717167434344447e+01
3.4015008245642448514445e+01
3.4015205103940743924795e+01
3.4015040486224492610745e+01
3.4015478817316846971153e+01
3.4015778051957887839762e+01
3.4016073729484055832017e+01
3.4016285435652442004084e+01
3.4016358699930705711267e+01
3.4016730903953458664546e+01
3.4016596006528203588459e+01
3.4016851190824240802613e+01
3.4017283126359366463021e+01
3.4018063720399553062634e+01
3.4018514627930088067842e+01
3.4018273865580638926076e+01
3.4018896269013318089947e+01
3.4019478578283830927376e+01
3.4019929691780205871510e+01
3.4020328922271843907765e+01
3.4021448903786499329271e+01
3.4021590493027645152324e+01
3.4022126321348736155414e+01
3.4022485499887146431774e+01
3.4022715093977751621424e+01
3.4022775863349728808771e+01
3.4022960527371324701562e+01
3.4022854575226709528124e+01
3.4023131833330850781749e+01
3.4023582860845635877922e+01
3.4023698858731037830694e+01
3.4024181866014785668995e+01
3.4024469308238238340891e+01
3.4024792809917357772065e+01
3.4025151307717273141407e+01
3.4025358557781615331805e+01
3.4026034910194518090520e+01
3.4026265114414755430516e+01
3.4026337767440381298911e+01
3.4026664388082572543226e+01
3.4027089984005122857980e+01
3.4027137842852006599514e+01
3.4026984675746504649396e+01
3.4027224576621172502655e+01
3.4027504654869183298160e+01
3.4028145055440724320306e+01
3.4028109814572545133160e+01
3.4028254765291002570393e+01
3.4028575992097110258783e+01
3.4028885203086701949360e+01
3.4029191336955143754039e+01
3.4029483165483917161964e+01
3.4029964839993475322899e+01
3.4030472528839702306414e+01
3.4030663068561977979698e+01
3.4031106945239336880604e+01
3.4031524603450812094252e+01
3.4032413567680890764677e+01
3.4032942710530846852635e+01
3.4033885507310699836125e+01
3.4034326615330726895081e+01
3.4034939499100055115832e+01
3.4035454926100086936458e+01
3.4036443472557188272276e+01
3.4037488144889302077445e+01
3.4037732043336674792045e+01
3.4038956950651311217371e+01
3.4039229343522784176912e+01
3.4040027913223816824484e+01
3.4039905484518179434872e+01
3.4040299294833125998139e+01
3.4040422196175015301378e+01
3.4040756368180389301870e+01
3.4041063614778103385561e+01
3.4041795278070836161532e+01
3.4042176481402620424888e+01
3.4042584038765120624248e+01
3.4043027247062070728134e+01
3.4043701240349761860671e+01
3.4043876642709207658299e+01
3.4044492482878318639905e+01
3.4044985399175644147363e+01
3.4045459270432573362086e+01
3.4045487094598222199693e+01
3.4045642691475642038768e+01
3.4045833959445374716779e+01
3.4045904914009021524635e+01
3.4046091499848714079235e+01
3.4046145184046288534319e+01
3.4046852377410758094811e+01
3.4047140769763537093695e+01
3.4047406507919575346932e+01
3.4047391057752768972477e+01
3.4047744081407785188276e+01
3.4048647830363435673462e+01
3.4048894702604982853700e+01
3.4049259834644502120682e+01
3.4049880296198985263345e+01
3.4050129874238713512113e+01
3.4050408687711524180486e+01
3.4051171354849500971795e+01
3.4051262473550686138424e+01
3.4051833937621594827760e+01
3.4051978141438908664895e+01
3.4052473911075566093132e+01
3.4053193832935974683096e+01
3.4053555172884117041576e+01
3.4054685554228861121828e+01
3.4054955870981018506427e+01
3.4055861617106536698429e+01
3.4056840482981613149605e+01
3.4057774562597785461548e+01
3.4058565752914041979693e+01
3.4059263231712769481874e+01
3.4059566217047112957061e+01
3.4060046703600200146411e+01
3.4060402810448806576460e+01
3.4060923678800747893547e+01
3.4061661146954996581826e+01
3.4061354341034558501633e+01
3.4061732468635604220708e+01
3.4061548139015108915828e+01
3.4061757408689757653519e+01
3.4061883490927613138410e+01
3.4063515420910725595149e+01
3.4063670744325456496426e+01
3.4064223907717362749281e+01
3.4064818125096842038602e+01
3.4065695147275874887782e+01
3.4065935583164147715252e+01
3.4066074496060785747886e+01
3.4066536670269179865045e+01
3.4066644640839044200220e+01
3.4066721095154122167514e+01
3.4067212633509193153714e+01
3.4067271660497219443187e+01
3.4067673072302120829136e+01
3.4067714958159903915202e+01
3.4067691744846932522250e+01
3.4068036392833512593370e+01
3.4068088623912139212280e+01
3.4068878176289928205733e+01
3.4069635057303976566345e+01
3.4070278739364468378881e+01
3.4070340274081814868623e+01
3.4070993000443898779395e+01
3.4071518681186034882558e+01
3.4072035324787705690142e+01
3.4072705552901119574472e+01
3.4072911001979413470053e+01
3.4073898027066142901731e+01
3.4074615900205202478901e+01
3.4074729435685426892633e+01
3.4075458847933155936971e+01
3.4076656560167911891313e+01
3.4076862239717883085177e+01
3.4077568724123914023494e+01
3.4078148375138709980092e+01
3.4078440723617674734669e+01
3.4079385694591785238572e+01
3.4079748577011756083266e+01
3.4080094551886375597860e+01
3.4080401153658691271175e+01
3.4080926589320355901691e+01
3.4080897251005517034628e+01
3.4081684321159698924930e+01
3.4081186321677819250908e+01
3.4081876177946384132156e+01
3.4081832723858745737289e+01
3.4082354311242788469372e+01
3.4083482858188688169321e+01
3.4083899780265497270193e+01
3.4083708339963564526442e+01
3.4084054393854330555769e+01
3.4084472751003204393783e+01
3.4084880879154134447617e+01
3.4085151687911164231082e+01
3.4085487205678887789873e+01
3.4085720108296960972893e+01
3.4085930637199034265450e+01
3.4085640965956315540097e+01
3.4086119267518661501981e+01
3.4087008515147886100749e+01
3.4086885645349504159185e+01
3.4087386623163453691632e+01
3.4087845991969963677093e+01
3.4088327791908156427780e+01
3.4089147404244307892895e+01
3.4089259213855449104358e+01
3.4090021795777083468693e+01
3.4090351942049252897959e+01
3.4090718003629142174304e+01
3.4090998450652378437553e+01
3.4091334416659528017135e+01
3.4091718198700860398276e+01
3.4091906070122064420502e+01
3.4092239917150436667725e+01
3.4092638002988032042140e+01
3.4093204719121267487481e+01
3.4093745592334180116723e+01
3.4094544527935347844050e+01
3.4095037751564596817389e+01
3.4095568911596473071768e+01
3.4095698188540907835886e+01
3.4096162628821822693226e+01
3.4096974835104155943100e+01
3.4097894845146690556703e+01
3.4097793961183469946263e+01
3.4098955407322613098131e+01
3.4099230808567597250658e+01
3.4100185105330794499423e+01
3.4100051308840107822107e+01
3.4100428427917776730283e+01
3.4100659980903735402080e+01
3.4100546059701748902171e+01
3.4101387650219479041880e+01
3.4101283962221572210183e+01
3.4102262077459123190692e+01
3.4102730253237375279696e+01
3.4103516897999668344710e+01
3.4104062617608462915086e+01
3.4104298834617239322142e+01
3.4104235314915129606561e+01
3.4104623695205958711085e+01
3.4104912625360682909559e+01
3.4105165098438519066804e+01
3.4105649072780479968969e+01
3.4105899874096415658187e+01
3.4105935986127811077040e+01
3.4106001777421973031323e+01
3.4106385319180830606456e+01
3.4106833808352313042178e+01
3.4107213037400924804388e+01
3.4107098732966221632523e+01
3.4107213329689322733884e+01
3.4108458980590761200347e+01
3.4108511560366544301814e+01
3.4109500026328014143928e+01
3.4109916954090593321780e+01
3.4110374707616180955938e+01
3.4111650976186076889007e+01
3.4111831660029544366353e+01
3.4113099922261440610782e+01
3.4113692583398353974644e+01
3.4114065701704618049916e+01
3.4115034261239344459682e+01
3.4115349218066199910027e+01
3.4115940608804308453728e+01
3.4116349035763803954069e+01
3.4117077271963339057947e+01
3.4117331936959956806277e+01
3.4117581861103715823447e+01
3.4118361866760835710011e+01
3.4118689659747190034977e+01
3.4118862639125907776361e+01
3.4119664335009531441756e+01
3.4120658558540107208046e+01
3.4121012635440656879382e+01
3.4121677573066079958153e+01
3.4122060408175848067458e+01
3.4122373971560527650126e+01
3.4122696211072607752612e+01
3.4123169496551732038370e+01
3.4123467696899055567883e+01
3.4123782451238589885634e+01
3.4124267478152127353042e+01
3.4124701690209974458412e+01
3.4124922748703419017602e+01
3.4125177057064938423991e+01
3.4125466090385266682006e+01
3.4125682981843425523039e+01
3.4125878824456556515088e+01
3.4126143034765448192047e+01
3.4126392970642456248243e+01
3.4126605495116663746558e+01
3.4126785387696685347692e+01
3.4127164221390138720835e+01
3.4127574502468213779593e+01
3.4127959671705120570095e+01
3.4128470609200519447768e+01
3.4128714304381958299928e+01
3.4128962496482614596971e+01
3.4129382682108918345421e+01
3.4129505160329848933998e+01
3.4129688832167389023198e+01
3.4130300097516702351186e+01
3.4130598035970045600607e+01
3.4130968850203444731051e+01
3.4131375892285710449414e+01
3.4132324983677044372143e+01
3.4133093986812262699004e+01
3.4133613957922541715106e+01
3.4134431822749768059566e+01
3.4134645466727413065655e+01
3.4135077882164779339291e+01
3.4136043818839993946312e+01
3.4136279537467515865501e+01
3.4136907536517703931622e+01
3.4137631588295541007483e+01
3.4137891147284101123205e+01
3.4138096388918334866958e+01
3.4138335484423137700105e+01
3.4138478750922381266264e+01
3.4139234624904190695815e+01
3.4139847517703465484828e+01
3.4140217411444183426283e+01
3.4140166869629794632601e+01
3.4141080637892393667698e+01
3.4141073236806150248412e+01
3.4141397770117869470141e+01
3.4141805190544324943858e+01
3.4141857750867046661369e+01
3.4142201103052613575528e+01
3.4142407223468381971543e+01
3.4142755046282204034469e+01
3.4142614894113819445920e+01
3.4142798367406008708258e+01
3.4142911953625329601891e+01
3.4142936137772053939443e+01
3.4143108181970831083163e+01
3.4143572900693435201447e+01
3.4143527829714862775745e+01
3.4143435120284621575593e+01
3.4143929922202339355408e+01
3.4144118805947655914679e+01
3.4144552968343752752389e+01
3.4144902326954657212355e+01
3.4145045107683266394361e+01
3.4145240945243209296223e+01
3.4145731313664271056041e+01
3.4146393349117715843022e+01
3.4146046230646639685347e+01
3.4146623719839475086246e+01
3.4147142768763046660752e+01
3.4147525983148227624042e+01
3.4147807728263877891095e+01
3.4148254118938481838086e+01
3.4148593861990335085466e+01
3.4148460872772318452917e+01
3.4149016451684033768288e+01
3.4149173254440668756615e+01
3.4149902617926493064715e+01
3.4150181751323621881511e+01
3.4150467258221794963902e+01
3.4151131565147473168054e+01
3.4151396142106605680056e+01
3.4151782296274049599560e+01
3.4151900508074433560068e+01
3.4152222004687963874403e+01
3.4152477836191962978774e+01
3.4152915470668425257372e+01
3.4152759630783208422145e+01
3.4153404754251837971424e+01
3.4153968610742090561416e+01
3.4154198011724282935120e+01
3.4154385929771386543052e+01
3.4154685503396109425012e+01
3.4154658274453254307446e+01
3.4154740207965190279538e+01
3.4155021911030338799264e+01
3.4155074028632078864121e+01
3.4155205111659320493800e+01
3.4155560115540787080590e+01
3.4155603325077493082063e+01
3.4155587237703841196890e+01
3.4155950057277919995613e+01
3.4155863926603821312256e+01
3.4156242837327198458297e+01
3.4156600275104288755301e+01
3.4156796675644706340336e+01
3.4156932162235875694023e+01
3.4157423043008272145471e+01
3.4157795323575307122610e+01
3.4157841829585123605284e+01
3.4157986048338422335746e+01
3.4158084589819999621341e+01
3.4158539854551470682509e+01
3.4158865980067453449465e+01
3.4158885654522002539579e+01
3.4159269475404393290319e+01
3.4159507966152006019911e+01
3.4160057406597672979842e+01
3.4160286164089590954518e+01
3.4160477953414165597223e+01
3.4160632961538681229285e+01
3.4161061878181442352798e+01
3.4161134921412468656854e+01
3.4161772899980853424040e+01
3.4162306386801859048319e+01
3.4162124453416474523237e+01
3.4162914310425115615999e+01
3.4163053367433469986736e+01
3.4163132502053940697806e+01
3.4163181412017188165464e+01
3.4163785237818657947173e+01
3.4163984766623933353458e+01
3.4164167866143188234673e+01
3.4164581795393317520393e+01
3.4164909699368287476773e+01
3.4165084090704375796577e+01
3.4165250057759941171298e+01
3.4165420551433676621400e+01
3.4165458196919033184713e+01
3.4165647634042905167462e+01
3.4165658481544497249160e+01
3.4165894586558273715582e+01
3.4166228740068760316717e+01
3.4166203299631639822564e+01
3.4166370349442942710994e+01
3.4166515608198004372298e+01
3.4166914380959013897154e+01
3.4167057474219049595376e+01
3.4166967153596218054190e+01
3.4166975279618817751270e+01
3.4167093678334694573095e+01
3.4167138753922003502339e+01
3.4167566908954825066758e+01
3.4167977328527129543545e+01
3.4167960762819802766899e+01
3.4167999315201029730815e+01
3.4168075461419071814362e+01
3.4168437651976098834439e+01
3.4168717604694798239962e+01
3.4168958875769696703628e+01
3.4169324988458861014351e+01
3.4169415452908374675189e+01
3.4169810850437741578389e+01
3.4169966099428890515810e+01
3.4170550978696532240519e+01
3.4170710746754494380184e+01
3.4171136554594205847479e+01
3.4171381190159145546659e+01
3.4171620776413682563089e+01
3.4171681382454160313955e+01
3.4171967502093067992064e+01
3.4172358286854482400940e+01
3.4172390602967261941103e+01
3.4172845534676227430282e+01
3.4173003022172878218043e+01
3.4173513435456811748736e+01
3.4173509881611394689571e+01
3.4173869312489081551121e+01
3.4173636651348623161084e+01
3.4173890709937033705046e+01
3.4174279053040542919462e+01
3.4174481025570301540029e+01
3.4174682362410706559785e+01
3.4174740692693845289796e+01
3.4174871344038635356810e+01
3.4174912739549817786155e+01
3.4174915463662571823988e+01
3.4174982697649021190500e+01
3.4175173300498961737048e+01
3.4175244880720640594518e+01
3.4175608610940450660109e+01
3.4175782631073879258565e+01
3.4175722819760508741638e+01
3.4176035297453928762934e+01
3.4176230900438724802370e+01
3.4176362849861313009114e+01
3.4176628520483731676904e+01
3.4176500672770330879757e+01
3.4176542840813489476659e+01
3.4176812539833484549945e+01
3.4177006429340934801075e+01
3.4176875586776439774894e+01
3.4176848185021391657301e+01
3.4177027750794906069132e+01
3.4177282184100810979999e+01
3.4177282508795691740033e+01
3.4177765243490249247316e+01
3.4177848323476830216805e+01
3.4177968021783549090742e+01
3.4178089321923692978089e+01
3.4178326974421750605870e+01
3.4178849657488832747276e+01
3.4179210400270761738284e+01
3.4179484004575343192300e+01
3.4179599443298478433917e+01
3.4179735505379177595842e+01
3.4180011343581064409136e+01
3.4180401501231592931163e+01
3.4180795622119930499139e+01
3.4180750133865359430274e+01
3.4180808477545433277101e+01
3.4181117763148584742794e+01
3.4181459349222876653585e+01
3.4181399289614262215764e+01
3.4181478105068045181270e+01
3.4181745991776111281979e+01
3.4181906906474083029934e+01
3.4182025132933326005968e+01
3.4182238913454533246750e+01
3.4182316045033459772640e+01
3.4182262045751933499105e+01
3.4182160489179111095837e+01
3.4182534816429601676191e+01
3.4182933743938626491854e+01
3.4183224288764549214648e+01
3.4183268739266111424513e+01
3.4183370487391840697455e+01
3.4183245213669316342475e+01
3.4183575208812676748948e+01
3.4183536039256019023469e+01
3.4183748189071870626776e+01
3.4183621259303897943482e+01
3.4183828538146457276525e+01
3.4183830192530450631239e+01
3.4183973805247241273264e+01
3.4184009629166261845512e+01
3.4184137155524709328347e+01
3.4184287398723185447125e+01
3.4184763113926415201149e+01
3.4184690055800963648380e+01
3.4184772406871893224434e+01
3.4184985522923383882699e+01
3.4185191020253945737295e+01
3.4185736667413493705681e+01
3.4185754124464445169451e+01
3.4185891835748115852311e+01
3.4186358856061680455696e+01
3.4186642715428938288369e+01
3.4186625066021903762703e+01
3.4186981539958956943792e+01
3.4186796397056063767650e+01
3.4187166080376329091450e+01
3.4187368048234361594950e+01
3.4187518789549947939577e+01
3.4187843894288150181637e+01
3.4188030464085322535084e+01
3.4188112859330445303385e+01
3.4188171207347863855830e+01
3.4188263600323921309609e+01
3.4188717355315908719149e+01
3.4188706576700802486357e+01
3.4188853779381815911620e+01
3.4188896855235121563510e+01
3.4188989949763758602330e+01
3.4189190515698619776686e+01
3.4189225338508769880264e+01
3.4189544622576519827817e+01
3.4189621124304011345885e+01
3.4189754772758718104342e+01
3.4189594550538011219487e+01
3.4189953528485993672348e+01
3.4190180802200629273102e+01
3.4190149348722201239070e+01
3.4190339823594122492523e+01
3.4190315658332721682200e+01
3.4190537848741008986053e+01
3.4190422186754851452406e+01
3.4190460704676908676447e+01
3.4190353653922173293722e+01
3.4190622991213984960268e+01
3.4190802175368695259294e+01
3.4190930535705518877876e+01
3.4191177894526866509750e+01
3.4191360156059211306001e+01
3.4191271113398954639706e+01
3.4191578296862807917478e+01
3.4191617117059138308832e+01
3.4191842898673861839143e+01
3.4191952809293070458807e+01
3.4192142570340323004530e+01
3.4192060828611289480250e+01
3.4192253513596405412045e+01
3.4192523604426895644792e+01
3.4192493830582286307163e+01
3.4192719344146837556764e+01
3.4192887413701598120497e+01
3.4193171578103850549724e+01
3.4192952749051613636766e+01
3.4193025091466097364901e+01
3.4193349496319136449074e+01
3.4193188482950205298039e+01
3.4193702059784875757487e+01
3.4193961170270817717665e+01
3.4193749756167825637476e+01
3.4193951599831734711188e+01
3.4194390889276071732183e+01
3.4194507825245651133628e+01
3.4194700171381178677166e+01
3.4194737601282973571415e+01
3.4194735315168522049589e+01
3.4194614232371122852783e+01
3.4194772514299529575510e+01
3.4194869435246715738685e+01
3.4195082104530179378798e+01
3.4194845369126724676789e+01
3.4195090748590864393464e+01
3.4195164813148920757158e+01
3.4195290166376899776424e+01
3.4195505159727218824628e+01
3.4195772056010447670360e+01
3.4195745648704196639756e+01
3.4195639880116679876210e+01
3.4195939469753277251129e+01
3.4196066464465332046530e+01
3.4196142192179671326357e+01
3.4196223411125622249074e+01
3.4196309923808726694006e+01
3.4196077646854071474536e+01
3.4196395968377451879405e+01
3.4196416956159545463834e+01
3.4196433612566984550085e+01
3.4196929753294007525710e+01
3.4197016567329207248349e+01
3.4197063148962861589553e+01
3.4197260784918206866223e+01
3.4197317239822680789985e+01
3.4197321795243830422351e+01
3.4197631168220155473136e+01
3.4197490591711954266430e+01
3.4197693865917855760017e+01
3.4198217672539314548885e+01
3.4198133304206081106713e+01
3.4198372686276222509605e+01
3.4198329835499137629995e+01
3.4198535752983737268096e+01
3.4198679570944086947293e+01
3.4198763054735941580020e+01
3.4199121925126824805830e+01
3.4199203224336152118212e+01
3.4199356412353928647008e+01
3.4198965940394671747526e+01
3.4199194613415336618800e+01
3.4199581631488399580121e+01
3.4199804946916437131677e+01
3.4199770168997353891882e+01
3.4199639167669147354900e+01
3.4199736086576947968751e+01
3.4200003738949028786465e+01
3.4200043358766741619092e+01
3.4200003369904663941270e+01
3.4200065772949507447720e+01
3.4200238245647142321104e+01
3.4200266143881833613705e+01
3.4200234706238262560873e+01
3.4200406139935971339128e+01
3.4200385251581380430252e+01
3.4200608335438253959637e+01
3.4200727149331356713446e+01
3.4200677030271826595254e+01
3.4200850275612332040964e+01
3.4200932774794303270482e+01
3.4201085053350055886767e+01
3.4200960776601242230299e+01
3.4201022110777550722105e+01
3.4201139354791585844850e+01
3.4201263544767414259695e+01
3.4201370109463766766567e+01
3.4201606549078434227340e+01
3.4201624808587844484009e+01
3.4201325248238710230453e+01
3.4201430826288977016247e+01
3.4201574317980522721427e+01
3.4201979730131569112928e+01
3.4202064050260922556390e+01
3.4201852848654311856080e+01
3.4201911699992777471380e+01
3.4202142448980332289921e+01
3.4202294499416815654058e+01
3.4202260869078223493034e+01
3.4202201281527457865650e+01
3.4202470169211792949682e+01
3.4202663587850608450935e+01
3.4202752482058350835814e+01
3.4202833115896254412291e+01
3.4203046842420526729711e+01
3.4203105659770393742747e+01
3.4203267846846557631579e+01
3.4203468665393039316314e+01
3.4203607633498620543833e+01
3.4203647667089477124591e+01
3.4203953886025139752292e+01
3.4203807447325580426423e+01
3.4203823976444205356984e+01
3.4203843811453438661374e+01
3.4203860458711041303559e+01
3.4204027673100135586992e+01
3.4203978521930622491709e+01
3.4204079129652029678255e+01
3.4204276510957235757360e+01
3.4204354043810930363634e+01
3.4204406686734635911762e+01
3.4204420687878233309220e+01
3.4204403244747190626640e+01
3.4204580078795835618166e+01
3.4204835339886280110022e+01
3.4204909151575741077522e+01
3.4205067032341410993013e+01
3.4205189950980091850852e+01
3.4205020422177319971979e+01
3.4205154166274709837126e+01
3.4205187179954542386895e+01
3.4205189407946043900210e+01
3.4205404785335709050287e+01
3.4205471238964527458393e+01
3.4205376057256287936070e+01
3.4205469721912706404510e+01
3.4205469257519688142111e+01
3.4205375271147190119336e+01
3.4205385390404138945541e+01
3.4205528760275157651449e+01
3.4205620722974721559240e+01
3.4205705753257468870743e+01
3.4205776161284120462369e+01
3.4206068120169852875279e+01
3.4206203245301431081771e+01
3.4206248818012419121715e+01
3.4206489099405374076923e+01
3.4206522214977923113111e+01
3.4206733728308179820488e+01
3.4206900741897520390467e+01
3.4206763962209791429814e+01
3.4207103604658151141393e+01
3.4207170328197399555847e+01
3.4207268199182124135405e+01
3.4207479612783281197608e+01
3.4207624293705947593480e+01
3.4207749459547024173389e+01
3.4207796362305892046152e+01
3.4207922249780779111461e+01
3.4207996904321497311230e+01
3.4208162077822549917983e+01
3.4208350825581248955132e+01
3.4208101628911997238447e+01
3.4208005236572624596647e+01
3.4208054929416228162609e+01
3.4208163732249289523679e+01
3.4208312922693544066988e+01
3.4208345768754007565349e+01
3.4208361146859303403289e+01
3.4208504581216210738148e+01
3.4208565673172827814597e+01
3.4208661918304031246407e+01
3.4208740573337585999525e+01
3.4208979247727022254821e+01
3.4209087916246730287639e+01
3.4209226066550357359120e+01
3.4209210955325559666562e+01
3.4209060821222671222586e+01
3.4208996739297433009597e+01
3.4209199476959511798668e+01
3.4209218223277190418230e+01
3.4209260237397550952210e+01
3.4209351656893019821837e+01
3.4209423105281921095866e+01
3.4209640393870316188440e+01
3.4209659721133299115081e+01
3.4209773004818501362934e+01
3.4209710593753470675438e+01
3.4209717976659980820386e+01
3.4209841040434859849029e+01
3.4209795568202146398562e+01
3.4209869215271893949648e+01
3.4209966080466791993331e+01
3.4210090007853168003749e+01
3.4210176152995366294363e+01
3.4210204739028171161408e+01
3.4210188971916025479914e+01
3.4210326803037190757095e+01
3.4210190970049154657318e+01
3.4210358437761207994754e+01
3.4210465980642190686467e+01
3.4210659665916367089267e+01
3.4210730436279256139187e+01
3.4210782825998371947662e+01
3.4210988986304478487455e+01
3.4211135090114858314791e+01
3.4211326601895194698955e+01
3.4211175497353458752059e+01
3.4211327580557039595988e+01
3.4211335796931223285355e+01
3.4211367516823599999043e+01
3.4211453171809651507829e+01
3.4211482608992625387145e+01
3.4211486202684930901796e+01
3.4211428678045784579353e+01
3.4211472261185747356649e+01
3.4211481024846179366250e+01
3.4211614649041472091540e+01
3.4211650915453432730828e+01
3.4211495402837492463277e+01
3.4211617933068033892141e+01
3.4211564053388158868074e+01
3.4211646168743058638029e+01
3.4211649713624815660751e+01
3.4211664586982081459610e+01
3.4211528940373433727018e+01
3.4211744409729085703020e+01
3.4212014730747903001884e+01
3.4212269441712621187435e+01
3.4212355799463104233382e+01
3.4212337410619198863060e+01
3.4212398902576040882195e+01
3.4212748176672832300937e+01
3.4212694403199485293499e+01
3.4212891227033374264010e+01
