1.7830593323193618005007e+01
1.7830593323193621557721e+01
1.7830593323193621557721e+01
1.7830593323193618005007e+01
1.7830593323193618005007e+01
1.7830593323193575372443e+01
1.7830593323193536292592e+01
1.7830593323193440369323e+01
1.7830593323193216548361e+01
1.7830593323193117072378e+01
1.7830593323192442056779e+01
1.7830593323192449162207e+01
1.7830593323191234134129e+01
1.7830593323191262555838e+01
1.7830593323189763310666e+01
1.7830593323189503962567e+01
1.7830593323188221432929e+01
1.7830593323187361676219e+01
1.7830593323186644028056e+01
1.7830593323185183862734e+01
1.7830593323185020437904e+01
1.7830593323183276055488e+01
1.7830593323183357767903e+01
1.7830593323181776810316e+01
1.7830593323181755494033e+01
1.7830593323180647047366e+01
1.7830593323180337961276e+01
1.7830593323179765974373e+01
1.7830593323179215303753e+01
1.7830593323179037668069e+01
1.7830593323178405285034e+01
1.7830593323178423048603e+01
1.7830593323177804876423e+01
1.7830593323178035802812e+01
1.7830593323176028519583e+01
1.7830593323187706289445e+01
1.7830593323142768014122e+01
1.7830593323247310166835e+01
1.7830593323073848921467e+01
1.7830593323211090250879e+01
1.7830593323092411850439e+01
1.7830593322999767735837e+01
1.7830593323225301105595e+01
1.7830593322863780514353e+01
1.7830593323178984377364e+01
1.7830593322946967305143e+01
1.7830593323101663116859e+01
1.7830593323000435646009e+01
1.7830593323043839149022e+01
1.7830593323063254729277e+01
1.7830593323044460873916e+01
1.7830593323049690468451e+01
1.7830593323046127096632e+01
1.7830593323057485122263e+01
1.7830593323057716048652e+01
1.7830593323043448350518e+01
1.7830593322912644538292e+01
1.7830593322894902286180e+01
1.7830593322580373438768e+01
1.7830593322186999216683e+01
1.7830593322567924730038e+01
