7.3692486576085002525360e+01
7.3692485917313476306845e+01
7.3692485627545607940192e+01
7.3692485432487885077535e+01
7.3692485686131647071306e+01
7.3692486874709402400185e+01
7.3692488409541553551207e+01
7.3692488865542628673211e+01
7.3692489762732066083117e+01
7.3692492693886862298314e+01
7.3692490287923249070445e+01
7.3692492626765130125932e+01
7.3692494476136118919385e+01
7.3692495147720208592546e+01
7.3692497103918810807954e+01
7.3692498822085028109541e+01
7.3692500822501017410104e+01
7.3692505649827722891132e+01
7.3692516351940511754037e+01
7.3692536346077631037588e+01
7.3692568172378500435116e+01
7.3692599144483395434690e+01
7.3692621612175443601700e+01
7.3692643575723920434939e+01
7.3692669696307092408460e+01
7.3692703064771905019370e+01
7.3692696202239844183168e+01
7.3692519581964518238237e+01
7.3692338995346943875120e+01
7.3692218349183292502858e+01
7.3692088592190586382458e+01
7.3691981259703979389997e+01
7.3691864280120341845759e+01
7.3691800148138952408772e+01
7.3691822864933286041378e+01
7.3691809152882413513908e+01
7.3691639113689916484873e+01
7.3691636962871669425112e+01
7.3691458370284507850556e+01
7.3691270073806478535516e+01
7.3691160608556529609814e+01
7.3691275262339885898655e+01
7.3691318143733667511697e+01
7.3691478997831197261803e+01
7.3691569500237250167629e+01
7.3691899864408284770434e+01
7.3691956917107475533157e+01
7.3692275642718229278216e+01
7.3691495093082139078433e+01
7.3691790089970396593344e+01
7.3692354383491746716572e+01
7.3692557068996421776319e+01
7.3695487296933336551774e+01
7.3700818541898655666955e+01
7.3701728551594555938209e+01
7.3698568740352797590276e+01
7.3696247149632426953758e+01
7.3690355087939593659030e+01
7.3695944291129052317046e+01
7.3692176584376525738662e+01
7.3694981580764547857143e+01
7.3694489895189107642182e+01
7.3695096816576423748302e+01
7.3698990696018668700162e+01
7.3701531643646887914656e+01
7.3704010919725988060236e+01
7.3706465486930824226874e+01
7.3705829003071954730331e+01
7.3701918587452851738817e+01
7.3695138330644823554394e+01
7.3693653182601437379162e+01
7.3695307719149695913075e+01
7.3700496730015913726675e+01
7.3710813110013518212327e+01
7.3718506567322094724659e+01
7.3731721038416225155743e+01
7.3742238345693778001078e+01
7.3745113325192420461462e+01
7.3739931613133691712392e+01
7.3743850323065331053840e+01
7.3749793385090811170812e+01
7.3750724386697896761689e+01
7.3761559909425415071382e+01
7.3766919301331554947865e+01
7.3775301285157937059012e+01
7.3784102722746894187367e+01
7.3793754078858384559680e+01
7.3805082186754844997267e+01
7.3811230752089670659188e+01
7.3816436518676596278965e+01
7.3817607086068520061417e+01
7.3821354883788558254309e+01
7.3829334985856448270169e+01
7.3835410457065862033232e+01
7.3839637199409622780877e+01
7.3843301499250259212204e+01
7.3844320760861904773265e+01
7.3855322530914691014914e+01
7.3859609053220893315483e+01
7.3865089805385537147231e+01
7.3868513392072074452699e+01
