1.7830593323193621557721e+01
1.7830593323193681953853e+01
1.7830593323193681953853e+01
1.7830593323193703270135e+01
1.7830593323193710375563e+01
1.7830593323193781429836e+01
1.7830593323193848931396e+01
1.7830593323194413812871e+01
1.7830593323195380150992e+01
1.7830593323198787203410e+01
1.7830593323205530253972e+01
1.7830593323217122758706e+01
1.7830593323246400672133e+01
1.7830593323271216377179e+01
1.7830593323362606383853e+01
1.7830593323392246674075e+01
1.7830593323615584466779e+01
1.7830593323627191182368e+01
1.7830593324073774397220e+01
1.7830593324216895467771e+01
1.7830593324768372553990e+01
1.7830593323416199069698e+01
1.7830593308098020344232e+01
1.7830593165597122151667e+01
1.7830591912734739423740e+01
1.7830580986206587823517e+01
1.7830485680974025086698e+01
1.7829779599091359898466e+01
1.7827864176409743635077e+01
1.7827509226718866841566e+01
1.7827434379183799251223e+01
1.7827451742468941375819e+01
1.7827470073346180612361e+01
1.7827478819834446710502e+01
1.7827467766082545352901e+01
1.7827427129638273584078e+01
1.7827311362453279741658e+01
1.7827134951290936726309e+01
1.7827013488370862859256e+01
1.7826931062729848065374e+01
1.7826878905629126137455e+01
1.7826841245280533598816e+01
1.7826806046086922208360e+01
1.7826777793848044950664e+01
1.7826711291832236128130e+01
1.7826685064448785311697e+01
1.7826628747556927834239e+01
1.7826579652559289002056e+01
1.7826544856501900682133e+01
1.7826327990077917462486e+01
1.7826361984739982347037e+01
1.7825948579672225235981e+01
1.7825923346717310380427e+01
1.7825740016319517877719e+01
1.7825540063613214414318e+01
1.7825456646009790517837e+01
1.7825104807320506949964e+01
1.7825101757034314431394e+01
1.7824938079966916149033e+01
1.7825143500218288750148e+01
1.7824545193046606783582e+01
