2.0078431372549019329199e+01
1.9918047457246576215084e+01
1.9910774433699614860416e+01
1.9903263225406334413492e+01
1.9895582962450294672863e+01
1.9887786760027470478462e+01
1.9879912897102553159812e+01
1.9871987309041386993158e+01
1.9864026350400866505197e+01
1.9856039417389563794814e+01
1.9848031159178542992549e+01
1.9840003181037594970348e+01
1.9831955259677311431687e+01
1.9823886163762026058066e+01
1.9815794148561987952917e+01
1.9807677265227013663207e+01
1.9799533491474250013198e+01
1.9791360846871189238527e+01
1.9783157370680658715401e+01
1.9774921139178506024336e+01
1.9766650264562695582526e+01
1.9758342907994602910549e+01
1.9749997232058216667383e+01
1.9741611390362752587180e+01
1.9733183527275169666382e+01
1.9724711850261794410244e+01
1.9716194509405848833694e+01
1.9707629626617162443836e+01
1.9699015372858145411783e+01
1.9690349827770269541816e+01
1.9681631307691979770880e+01
1.9672857774243471595810e+01
1.9664027404136255938738e+01
1.9655138370830432137382e+01
1.9646188722021193484579e+01
1.9637176714900355989357e+01
1.9628100268713264853204e+01
1.9618957802888694175181e+01
1.9609747454703438052093e+01
1.9600467235012484223944e+01
1.9591115502290993077850e+01
1.9581690292768087147124e+01
1.9572189930646302968853e+01
1.9562612580618136348676e+01
1.9552956575184445853210e+01
1.9543220135707215945331e+01
1.9533401502048473474815e+01
1.9523498894021070526605e+01
1.9513510488708391221735e+01
1.9503434904476165456799e+01
1.9493270042628047633571e+01
1.9483014308689796223462e+01
1.9472665568519264667202e+01
1.9462222598769422177156e+01
1.9451683674136315715941e+01
1.9441046585055303808076e+01
1.9430309376569240953359e+01
1.9419470409496693008577e+01
1.9408528450947329702103e+01
1.9397481153115261776065e+01
1.9386326346588781177616e+01
1.9375062257257965825374e+01
1.9363687318321765928886e+01
1.9352199919430198349346e+01
1.9340597399240110121355e+01
1.9328877215665990263460e+01
1.9317039544163947084598e+01
1.9305081520573388331741e+01
1.9292999576952105655892e+01
1.9280793405221466230159e+01
1.9268461741216864169246e+01
1.9256000455521196101927e+01
1.9243408472401295483678e+01
1.9230684598351587055731e+01
1.9217825673029953037485e+01
1.9204830386424401211798e+01
1.9191696273532013350405e+01
1.9178421304603123331844e+01
1.9165003905087861113543e+01
1.9151442181251759677707e+01
1.9137733094671059319580e+01
1.9123875360593370231754e+01
1.9109867633184851598571e+01
1.9095706003808157191770e+01
1.9081388807568842480578e+01
1.9066916427960972413302e+01
1.9052283251292422505685e+01
1.9037487690752517011106e+01
1.9022529457756437665239e+01
1.9007405705643499516100e+01
1.8992114156029018090521e+01
1.8976653597019854657901e+01
1.8961023079900751753257e+01
1.8945219188284596611993e+01
1.8929242261131157931686e+01
1.8913091747418043553353e+01
1.8896763961190874425711e+01
1.8880258924611560189533e+01
1.8863576135825464774598e+01
1.8846713551253017726594e+01
1.8829669974897157658233e+01
1.8812444262189874422120e+01
1.8795035979179118612592e+01
1.8777441369508419910517e+01
1.8759660978774988393525e+01
1.8741695509343646364186e+01
1.8723538278540672763484e+01
1.8705190899430132134285e+01
1.8686653937990694629434e+01
1.8667920252129402314267e+01
1.8648991530086902912444e+01
1.8629865251629880162909e+01
1.8610537511519922304615e+01
1.8591009112098603850427e+01
1.8571277486061696038178e+01
1.8551339770846595911280e+01
1.8531193707752468213812e+01
1.8510839723525553068839e+01
1.8490276692688464521552e+01
1.8469502866416963371421e+01
1.8448517054189341735082e+01
