1.2566370614303819502194e-03
2.1412568161403565413815e-04
2.4569209568450252204400e-04
1.6829143550938345801245e-04
8.0839941971461840345380e-05
1.3445323283263301071370e-04
1.9875672413679490582250e-05
9.4174520901610999246839e-05
2.0313905661465511216974e-06
5.8660556210391286624181e-05
2.1510312282899340504440e-07
3.2754515090289782538058e-05
2.2757186114318046275362e-06
1.6329622123131374173419e-05
3.8543153292332031086649e-06
7.1314872261152518207448e-06
4.1291712945275834157895e-06
2.6077824379992006906747e-06
3.5007972075677756481921e-06
7.1376962887744671625110e-07
2.5368105092679223540536e-06
9.9735614413027747258748e-08
1.6227764135692720383493e-06
4.7664716439112619508397e-10
9.2677741489116577991550e-07
4.6352478317407601422222e-08
4.7133474701510777265628e-07
9.3972856763262868656471e-08
2.1180943711548456263943e-07
1.2763811785982157848080e-07
1.7525526770878629687471e-07
2.7946311664339216106746e-07
2.3212872761716696177126e-07
2.8236635885855686062569e-07
2.1565224651281327767084e-07
2.5743664000929819368177e-07
2.0801287985419157577522e-07
2.3099327719950599274296e-07
2.0436372292844966167159e-07
2.1099787060327256103242e-07
1.9021424180160470337686e-07
1.8485768157332548105376e-07
1.7801645163888290423308e-07
1.7506939469221262650857e-07
1.7975601433448249421590e-07
1.7118075751070911348086e-07
1.6548863361284199498041e-07
1.6758332014472835925504e-07
1.8467195051898069145394e-07
1.9010550927514387028500e-07
1.7482070944018558316127e-07
1.5715031060344036732744e-07
1.7045163329077311178112e-07
2.0683581107988062263090e-07
2.1461899380166811125357e-07
1.7127234017812088014172e-07
1.3663049269017219743748e-07
1.7486621562742831138502e-07
2.6670863132518012508557e-07
2.4448160865582329219907e-07
1.3071590409981133155215e-07
