1.2566370624060064793009e-03
1.1209830249165754056245e-03
7.7740822688709704940679e-04
3.8078947673535044502954e-04
9.3054261516797523055497e-05
6.7036389204817503717952e-08
7.7339305997572630304096e-05
2.2006400873786702353067e-04
3.1359222545646124168800e-04
2.9887246060587982022030e-04
1.9528121904253891122187e-04
7.3997933616046197239507e-05
5.3415322681760263326335e-06
1.5639551104126476230131e-05
7.8094774147739363327064e-05
1.3922091067004258848824e-04
1.5571252687011116777084e-04
1.2017952369873534021732e-04
5.9452297885948492063742e-05
1.1918215506350884888630e-05
1.7214490496662272967014e-06
2.5853716823673096472744e-05
6.0546599542047050193910e-05
7.9784431286940413110415e-05
7.1425882651762634422722e-05
4.3525197009886873228315e-05
1.4220399843743000998847e-05
8.4010738158141008434700e-07
6.6683149073101082241334e-06
2.3876019796050696613905e-05
3.7683862348802139722367e-05
3.9388821684979005775633e-05
2.8048047322833826155422e-05
1.2660635037561826260911e-05
2.0389844525024889692754e-06
2.2965027194542474312325e-06
8.7375962193524799942945e-06
1.7753184906680130828111e-05
2.0822627758888025546703e-05
1.7405106265822845691216e-05
9.6000214281163931303838e-06
3.4134739860890539596037e-06
3.7180074515656211231045e-07
3.1723874827047462534647e-06
7.5691174701323371836088e-06
1.1097053061917915950212e-05
1.0638469033145668156187e-05
7.2709443556912824204700e-06
2.9808101465503178038007e-06
1.1021498246731839903392e-06
8.8355636239887627561074e-07
3.3440650634164000114788e-06
5.1202621813048351424326e-06
5.6444751887613175652444e-06
4.2911861491763786629998e-06
3.0544326759381139540313e-06
1.1124470274685933972948e-06
8.8054706048742088361558e-07
1.4778215781284394051575e-06
2.7740175657485011137342e-06
3.5061117818222322945615e-06
3.2807752655308227924863e-06
1.8303997704997558892200e-06
1.6583171926875660453219e-06
5.7072142550450690412050e-07
1.1010647320266731737792e-06
2.0037728333613072061723e-06
2.1909887791258681678428e-06
1.9627956490107885189700e-06
1.8007272759292560435627e-06
1.0297609026412953351482e-06
1.1916905340392010326966e-06
4.4464956286653651669746e-07
1.2991283273481613848505e-06
1.3119941433735871947979e-06
1.4071147540497409427911e-06
1.6380952580949417934691e-06
1.4290249023969087482987e-06
6.3825162541473269520474e-07
9.0837427019698821072536e-07
9.2367985802408901912114e-07
1.3828957325407016865142e-06
1.2513870475890251424123e-06
1.5498701090127343652967e-06
9.9679265269329324376183e-07
1.5023897812563226467574e-06
1.1258966014562891795120e-06
7.8430441031748802410857e-07
1.0801788935787537201277e-06
1.1638145202230027332424e-06
6.9848376038156571028699e-07
1.2356691887863552315168e-06
9.6174374583758621439205e-07
1.0547827523945868604213e-06
7.1567668195714923316748e-07
1.0482160618290516061881e-06
1.4555027396251833317505e-06
1.4197527050959366552995e-06
9.4622085592649076860532e-07
1.3652382251618007973006e-06
7.3382523938569808205726e-07
1.2841363971707230003306e-06
1.0182741231571403870061e-06
8.4387012343057482046933e-07
8.8500330127051617823696e-07
1.3062758118037274542256e-06
9.5611400942922837473082e-07
1.1770992917541581083247e-06
8.1939029119612442122875e-07
1.2009876583354931645520e-06
1.0856229356038479967709e-06
1.4669329646537330663012e-06
8.3084781834875287670722e-07
1.0591736143770253313821e-06
1.2616093916138360883422e-06
1.2697645381184175419328e-06
1.0500390955164721428731e-06
1.8222112115856373176548e-06
1.0005041765046725002610e-06
9.6517745650610033373987e-07
7.3491921070634878056802e-07
1.5054980997972708343653e-06
1.2818275968979950009679e-06
9.2743011471781402494253e-07
1.1732272772910585201223e-06
1.0954972869556281142057e-06
9.9858014203039156650346e-07
1.7751482285176421509822e-06
8.7846110900893873088698e-07
1.0529106782054428591993e-06
1.4464755008895884129145e-06
9.9547740161591419713583e-07
8.5551986831334001097534e-07
1.3110234032734704159921e-06
9.7234956290554682464388e-07
1.2527995870357936856570e-06
1.1535606476418850933370e-06
1.0380982339695182597398e-06
9.1750639820854853599702e-07
1.7697862533990948005942e-06
1.1125965816249594726001e-06
8.8833201821875539311079e-07
9.8954789033596978114549e-07
1.0712016778379979167329e-06
1.0957326589626318073725e-06
9.9570784764161119083153e-07
1.3964423448892721068074e-06
1.9077960783375919005529e-06
8.8362821734021827027345e-07
1.1192318802561483097362e-06
8.5772875182988472607105e-07
1.1475501782825101967553e-06
1.1716269236818683767675e-06
1.0314485250210313361786e-06
8.2393969551335221581447e-07
1.7577003257607341972046e-06
1.2237800935054043734564e-06
1.7269863932691042992574e-06
1.4187679766974784359229e-06
1.0967049693405400069448e-06
9.4571833148294621906502e-07
1.2215828973843492310635e-06
1.0297419452065090373071e-06
1.1857217651248247069411e-06
1.1934852571497597416885e-06
1.4433052316281154126259e-06
1.1002737329211645066072e-06
1.4750992258533083113878e-06
1.5160298829629302939096e-06
1.4895070426449904083487e-06
8.8811228874346719939083e-07
1.4316666736799435316732e-06
1.1641035770440535021520e-06
1.1055295458554452195198e-06
8.5432854177808563243119e-07
1.7192246667450632005602e-06
1.1068830065666338284878e-06
1.5993857166143590857997e-06
1.2144989435860877784943e-06
1.1405479616838973075133e-06
1.5782896949810825632855e-06
1.7006543744013447076534e-06
8.8074731242130612667626e-07
9.4792793941233106621083e-07
1.0349020782435850265743e-06
1.1853241081686246736012e-06
1.4828481630374671527614e-06
1.7752447530390861133045e-06
1.6935909976917875080960e-06
1.2934070731181904338915e-06
9.6971538269514946527434e-07
1.2883516441885837862158e-06
8.9199868321849181177462e-07
1.6729471738099748560620e-06
1.0174611096309841240076e-06
1.0801079795593611587262e-06
1.1739336204973793149453e-06
2.0519004212708124628903e-06
1.2481431413001362419802e-06
1.1393260464566264378419e-06
1.4389945487109058890231e-06
