3.9820903249200835125521e+05
3.9820903249198768753558e+05
3.9820903249194769887254e+05
3.9820903249192389193922e+05
3.9820903249192395014688e+05
3.9820903249192552175373e+05
3.9820903249191318172961e+05
3.9820903249187342589721e+05
3.9820903249201935250312e+05
3.9820903244508727220818e+05
3.9820903236962883966044e+05
3.9820903226223133970052e+05
3.9820903212645032908767e+05
3.9820903206915297778323e+05
3.9820903201729623833671e+05
3.9820903199464367935434e+05
3.9820903188487619627267e+05
3.9820903174495632993057e+05
3.9820903159009385854006e+05
3.9820903124750725692138e+05
3.9820903098109859274700e+05
3.9820903079878923017532e+05
3.9820903070489160018042e+05
3.9820903082549216924235e+05
3.9820903098264429718256e+05
3.9820903100525855552405e+05
3.9820903089026128873229e+05
3.9820903078151488443837e+05
3.9820903071379859466106e+05
3.9820903096019104123116e+05
3.9820903092785220360383e+05
3.9820903075614804401994e+05
3.9820903048094874247909e+05
3.9820903036469587823376e+05
3.9820903028927923878655e+05
3.9820903105961857363582e+05
3.9820903098120645154268e+05
3.9820903055534954182804e+05
3.9820903037534287432209e+05
3.9820903010805242229253e+05
3.9820903008022718131542e+05
3.9820902990813349606469e+05
3.9820902970450004795566e+05
3.9820903021963097853586e+05
3.9820903045076649868861e+05
3.9820903073678363580257e+05
3.9820903086084575625136e+05
3.9820903114674269454554e+05
3.9820903061188873834908e+05
3.9820903041762055363506e+05
3.9820903032955620437860e+05
3.9820903046687529422343e+05
3.9820903022533573675901e+05
3.9820903057613316923380e+05
3.9820903022926993435249e+05
3.9820903060202539199963e+05
3.9820903049125190591440e+05
3.9820903010649466887116e+05
3.9820903030986437806860e+05
3.9820903075610636733472e+05
3.9820903081775736063719e+05
3.9820903045663615921512e+05
3.9820903028312762035057e+05
3.9820902997346653137356e+05
3.9820903019147802842781e+05
3.9820903059182991273701e+05
3.9820903031973628094420e+05
3.9820903004166338359937e+05
3.9820902980604558251798e+05
3.9820902977371873566881e+05
3.9820902982061082730070e+05
3.9820903011714265448973e+05
3.9820903030139132170007e+05
3.9820903008910431526601e+05
3.9820902979888679692522e+05
3.9820903002758673392236e+05
3.9820903057234029984102e+05
3.9820903022807062370703e+05
3.9820903005100256996229e+05
3.9820902963529358385131e+05
3.9820902869759046006948e+05
3.9820902862656529759988e+05
3.9820902864112902898341e+05
3.9820902849795785732567e+05
3.9820902869638300035149e+05
3.9820902859053865540773e+05
3.9820902815524372272193e+05
3.9820902829733461840078e+05
3.9820902889528032392263e+05
3.9820902906724880449474e+05
3.9820902894462429685518e+05
3.9820902869049279252067e+05
3.9820902838685509050265e+05
3.9820902845098683610559e+05
3.9820902903855778276920e+05
3.9820902905287715839222e+05
3.9820902874592330772430e+05
3.9820902869648003252223e+05
3.9820902884047583211213e+05
3.9820902923640928929672e+05
3.9820902923430880764499e+05
3.9820902974243887001649e+05
3.9820902958913042675704e+05
3.9820902929493883857504e+05
3.9820902902103011729196e+05
3.9820902893316897097975e+05
3.9820902910173608688638e+05
3.9820902914628613507375e+05
3.9820902905618463410065e+05
3.9820902915887493873015e+05
3.9820902915615314850584e+05
3.9820902938874560641125e+05
3.9820902982446725945920e+05
3.9820902982172509655356e+05
3.9820902952632470987737e+05
3.9820902923566836398095e+05
3.9820902914230898022652e+05
3.9820902892191725550219e+05
3.9820902909509226446971e+05
3.9820902912255574483424e+05
3.9820902928796346532181e+05
3.9820902918215352110565e+05
3.9820902877260034438223e+05
3.9820902907147421501577e+05
3.9820902994777070125565e+05
3.9820902943427563877776e+05
3.9820902923946327064186e+05
3.9820902895385987358168e+05
3.9820902902843989431858e+05
3.9820902916478755651042e+05
3.9820902919986966298893e+05
3.9820902921208867337555e+05
3.9820902902677404927090e+05
3.9820902887596085201949e+05
3.9820902905491925776005e+05
3.9820902910581935429946e+05
3.9820902963777875993401e+05
3.9820902950475370744243e+05
3.9820902912684465991333e+05
3.9820902888306591194123e+05
3.9820902890337834833190e+05
3.9820902889973990386352e+05
3.9820902888417191570625e+05
3.9820902897685021162033e+05
3.9820902878321451134980e+05
3.9820902877205994445831e+05
3.9820902881363703636453e+05
3.9820902874119591433555e+05
3.9820902914751629577950e+05
3.9820902940173330716789e+05
3.9820902962569595547393e+05
3.9820902959870267659426e+05
3.9820902958641445729882e+05
3.9820902963491750415415e+05
3.9820902991170715540648e+05
3.9820903001766145462170e+05
3.9820903008962486637756e+05
3.9820903001638554269448e+05
3.9820902989692304981872e+05
3.9820903022000525379553e+05
3.9820903070171590661630e+05
3.9820903075463778804988e+05
3.9820903045401471899822e+05
3.9820902987829566700384e+05
3.9820902966316865058616e+05
3.9820902987184264929965e+05
3.9820903029736317694187e+05
3.9820903014548833016306e+05
3.9820903033997636521235e+05
3.9820902999663917580619e+05
3.9820902966335514793172e+05
3.9820903018595284083858e+05
3.9820903058905253419653e+05
3.9820903050681698368862e+05
3.9820903022537002107129e+05
3.9820903038337460020557e+05
3.9820903067876433487982e+05
3.9820903080154978670180e+05
3.9820903106435341760516e+05
3.9820903120605862932280e+05
3.9820903128765313886106e+05
3.9820903101816558046266e+05
3.9820903079819597769529e+05
3.9820903121657151496038e+05
3.9820903112765570404008e+05
3.9820903117691905936226e+05
3.9820903119995776796713e+05
3.9820903125446458579972e+05
3.9820903140471410006285e+05
3.9820903143577527953312e+05
3.9820903191922703990713e+05
3.9820903207227907842025e+05
3.9820903211954078869894e+05
3.9820903201720985816792e+05
3.9820903196761757135391e+05
3.9820903230208862805739e+05
3.9820903279221104457974e+05
3.9820903277964855078608e+05
3.9820903227390622487292e+05
3.9820903205488319508731e+05
3.9820903207950829528272e+05
3.9820903189597954042256e+05
3.9820903218424250371754e+05
3.9820903226282994728535e+05
3.9820903203822352224961e+05
3.9820903200647950870916e+05
3.9820903187587484717369e+05
3.9820903203671332448721e+05
3.9820903216139879077673e+05
3.9820903250954806571826e+05
3.9820903286205796757713e+05
3.9820903265023435233161e+05
3.9820903246084915008396e+05
3.9820903180504194460809e+05
3.9820903229348664171994e+05
3.9820903262295987224206e+05
3.9820903258492122404277e+05
3.9820903255171811906621e+05
3.9820903244957025162876e+05
3.9820903265659260796383e+05
3.9820903309936064761132e+05
3.9820903298421687213704e+05
3.9820903290559968445450e+05
3.9820903316410240950063e+05
3.9820903346188855357468e+05
3.9820903356863890076056e+05
3.9820903361082356423140e+05
3.9820903357951925136149e+05
3.9820903350273863179609e+05
3.9820903345051116775721e+05
3.9820903347716748248786e+05
3.9820903345643245847896e+05
3.9820903355320642003790e+05
3.9820903357821149984375e+05
3.9820903369912388734519e+05
3.9820903354361292440444e+05
3.9820903357953962404281e+05
3.9820903344862343510613e+05
3.9820903365291323279962e+05
3.9820903370741277467459e+05
3.9820903351910598576069e+05
3.9820903347485471749678e+05
3.9820903397724824026227e+05
3.9820903381100023398176e+05
3.9820903415000182576478e+05
3.9820903367099183378741e+05
3.9820903346610459266230e+05
3.9820903283272805856541e+05
3.9820903270839439937845e+05
3.9820903272054449189454e+05
3.9820903320292895659804e+05
3.9820903306351817445830e+05
3.9820903291660227114335e+05
3.9820903272751584881917e+05
3.9820903284240147331730e+05
3.9820903255492262542248e+05
3.9820903354282304644585e+05
3.9820903343880071770400e+05
3.9820903335004131076857e+05
3.9820903324732556939125e+05
3.9820903324097278527915e+05
3.9820903315328515600413e+05
3.9820903354577289428562e+05
3.9820903377856861334294e+05
3.9820903335811907891184e+05
3.9820903326031740289181e+05
3.9820903328929701820016e+05
3.9820903352081694174558e+05
3.9820903421620937297121e+05
3.9820903397397790104151e+05
3.9820903383340360596776e+05
3.9820903359428729163483e+05
3.9820903327855223324150e+05
3.9820903335416998015717e+05
3.9820903376476251287386e+05
3.9820903387001383816823e+05
3.9820903363635163987055e+05
3.9820903353325888747349e+05
3.9820903390275285346434e+05
3.9820903426873445278034e+05
3.9820903453577921027318e+05
3.9820903408418840263039e+05
3.9820903396312898257747e+05
3.9820903380103112431243e+05
3.9820903361953364219517e+05
3.9820903379641339415684e+05
3.9820903419551538536325e+05
3.9820903387371555436403e+05
3.9820903387762536294758e+05
3.9820903373177553294227e+05
3.9820903403936926042661e+05
3.9820903465296165086329e+05
3.9820903400627104565501e+05
3.9820903386883699567989e+05
3.9820903346756246173754e+05
3.9820903319328470388427e+05
3.9820903336051461519673e+05
3.9820903319670358905569e+05
3.9820903323536837706342e+05
3.9820903325282392324880e+05
3.9820903292635519756004e+05
3.9820903289511962793767e+05
3.9820903365417034365237e+05
3.9820903368857939494774e+05
3.9820903367791674099863e+05
3.9820903358044137712568e+05
3.9820903339694614987820e+05
3.9820903317143383901566e+05
3.9820903314980509458110e+05
3.9820903296613460406661e+05
3.9820903311825095443055e+05
3.9820903307208599289879e+05
3.9820903302005637669936e+05
3.9820903287433332297951e+05
3.9820903301045927219093e+05
3.9820903347653977107257e+05
3.9820903352369659114629e+05
3.9820903313625353621319e+05
3.9820903321430162759498e+05
3.9820903323402960086241e+05
3.9820903323433687910438e+05
3.9820903333866863977164e+05
3.9820903328425093786791e+05
3.9820903331708506448194e+05
3.9820903333595779258758e+05
3.9820903368836519075558e+05
3.9820903420682187424973e+05
3.9820903423269378254190e+05
3.9820903387056122301146e+05
3.9820903344386204844341e+05
3.9820903294707444729283e+05
3.9820903273263882147148e+05
3.9820903260695742210373e+05
3.9820903305428364546970e+05
3.9820903297771292272955e+05
3.9820903292655578115955e+05
3.9820903300781158031896e+05
3.9820903325574292102829e+05
3.9820903317638073349372e+05
3.9820903371662524295971e+05
3.9820903321379254339263e+05
3.9820903292380808852613e+05
3.9820903284038888523355e+05
3.9820903296620718901977e+05
3.9820903300837526330724e+05
3.9820903321335022337735e+05
3.9820903297353739617392e+05
3.9820903288523427909240e+05
3.9820903286489652236924e+05
3.9820903337213327176869e+05
3.9820903312460659071803e+05
3.9820903349683718988672e+05
3.9820903319244651356712e+05
3.9820903270020132185891e+05
3.9820903233810403617099e+05
3.9820903232424677116796e+05
3.9820903267641557613388e+05
3.9820903281918703578413e+05
3.9820903251346707111225e+05
3.9820903248566371621564e+05
3.9820903233275999082252e+05
3.9820903241841285489500e+05
3.9820903276598412776366e+05
3.9820903250080498401076e+05
3.9820903237045102287084e+05
3.9820903208945464575663e+05
3.9820903190969082061201e+05
3.9820903172346792416647e+05
3.9820903213570057414472e+05
3.9820903228676086291671e+05
3.9820903202840685844421e+05
3.9820903193835029378533e+05
3.9820903216103388695046e+05
3.9820903191113524371758e+05
3.9820903168683563126251e+05
3.9820903215649985941127e+05
3.9820903235302248504013e+05
3.9820903197911294410005e+05
3.9820903190316754626110e+05
3.9820903210538416169584e+05
3.9820903236115333857015e+05
3.9820903235439013224095e+05
3.9820903221934800967574e+05
3.9820903206376591697335e+05
3.9820903204752842430025e+05
3.9820903231049980968237e+05
3.9820903292047645663843e+05
3.9820903263731300830841e+05
3.9820903238406847231090e+05
3.9820903225982678122818e+05
3.9820903236827597720549e+05
3.9820903229432541411370e+05
3.9820903260969847906381e+05
3.9820903252106852596626e+05
3.9820903235314605990425e+05
3.9820903213913674699143e+05
3.9820903228916064836085e+05
3.9820903255962615367025e+05
3.9820903284895716933534e+05
3.9820903260318713728338e+05
3.9820903256848338060081e+05
3.9820903254887729417533e+05
3.9820903241281298687682e+05
3.9820903258515754714608e+05
3.9820903287587157683447e+05
3.9820903286672028480098e+05
3.9820903275758214294910e+05
3.9820903264615515945479e+05
3.9820903295683255419135e+05
3.9820903295705688651651e+05
3.9820903331783099565655e+05
3.9820903332564863376319e+05
3.9820903359596844529733e+05
3.9820903362641652347520e+05
3.9820903368539718212560e+05
3.9820903391531330998987e+05
3.9820903414950374281034e+05
3.9820903411155508365482e+05
3.9820903405196731910110e+05
3.9820903380811575334519e+05
3.9820903432124480605125e+05
3.9820903471696010092273e+05
3.9820903476272092666477e+05
3.9820903442699095467106e+05
3.9820903398331016069278e+05
3.9820903385025711031631e+05
3.9820903373081400059164e+05
3.9820903363883250858635e+05
3.9820903357820527162403e+05
3.9820903369716863380745e+05
3.9820903366127779008821e+05
3.9820903338325419463217e+05
3.9820903348008223110810e+05
3.9820903389765461906791e+05
3.9820903397268650587648e+05
3.9820903370351827470586e+05
3.9820903348138998262584e+05
3.9820903324455884285271e+05
3.9820903284834010992199e+05
3.9820903289078472880647e+05
3.9820903302381053799763e+05
3.9820903308533201925457e+05
3.9820903301381767960265e+05
3.9820903297092259163037e+05
3.9820903287794749485329e+05
3.9820903294444532366470e+05
3.9820903307686862535775e+05
3.9820903285425179637969e+05
3.9820903260957100428641e+05
3.9820903240441216621548e+05
3.9820903251202392857522e+05
3.9820903301178745459765e+05
3.9820903303826547926292e+05
3.9820903283615253167227e+05
3.9820903286008577561006e+05
3.9820903290844988077879e+05
3.9820903288495319429785e+05
3.9820903328684141160920e+05
3.9820903329462400870398e+05
3.9820903305964602623135e+05
3.9820903333634149748832e+05
3.9820903319632686907426e+05
3.9820903343716188101098e+05
3.9820903368226770544425e+05
3.9820903374343144241720e+05
3.9820903351529268547893e+05
3.9820903352579125203192e+05
3.9820903363869630265981e+05
3.9820903368307731579989e+05
3.9820903425200423225760e+05
3.9820903398062993073836e+05
3.9820903386210248572752e+05
3.9820903351318888599053e+05
3.9820903349268354941159e+05
3.9820903348993801046163e+05
3.9820903358123765792698e+05
3.9820903342378401430324e+05
3.9820903339142457116395e+05
3.9820903321137384045869e+05
3.9820903324521693866700e+05
3.9820903351919783744961e+05
3.9820903383869945537299e+05
3.9820903392919804900885e+05
3.9820903390391275752336e+05
3.9820903388191817793995e+05
3.9820903369891201145947e+05
3.9820903389997070189565e+05
3.9820903429438546299934e+05
3.9820903412344667594880e+05
3.9820903406838310183957e+05
3.9820903401391307124868e+05
3.9820903417595161590725e+05
3.9820903444930998375639e+05
3.9820903465088631492108e+05
3.9820903466282726731151e+05
3.9820903462636348558590e+05
3.9820903464322374202311e+05
3.9820903454719029832631e+05
3.9820903459071356337517e+05
3.9820903477333369664848e+05
3.9820903497311612591147e+05
3.9820903486533561954275e+05
3.9820903468356101075187e+05
3.9820903479532117489725e+05
3.9820903513571451185271e+05
3.9820903520717174978927e+05
3.9820903477880678838119e+05
3.9820903450424945913255e+05
3.9820903428337111836299e+05
3.9820903391786396969110e+05
3.9820903410816733958200e+05
3.9820903452700929483399e+05
3.9820903450384520692751e+05
3.9820903418481838889420e+05
3.9820903393971518380567e+05
3.9820903379950928501785e+05
3.9820903442345542134717e+05
3.9820903437248413683847e+05
3.9820903416485479101539e+05
3.9820903405156137887388e+05
3.9820903408881457289681e+05
3.9820903437808848684654e+05
3.9820903456245764391497e+05
3.9820903456125297816470e+05
3.9820903448989469325170e+05
3.9820903417049971176311e+05
3.9820903399433521553874e+05
3.9820903371378371957690e+05
3.9820903399873129092157e+05
3.9820903418828547000885e+05
3.9820903445149213075638e+05
3.9820903449825389543548e+05
3.9820903465991839766502e+05
3.9820903498558304272592e+05
3.9820903514851024374366e+05
3.9820903479918051743880e+05
3.9820903458853485062718e+05
3.9820903446302138036117e+05
3.9820903472119796788320e+05
3.9820903509277442935854e+05
3.9820903533196594798937e+05
3.9820903492404776625335e+05
3.9820903480411227792501e+05
3.9820903465440904255956e+05
3.9820903455524728633463e+05
3.9820903489855426596478e+05
3.9820903524755389662459e+05
3.9820903532763302791864e+05
3.9820903491940262028947e+05
3.9820903482983511639759e+05
3.9820903487649530870840e+05
3.9820903532468929188326e+05
3.9820903552973008481786e+05
3.9820903511541621992365e+05
3.9820903493459965102375e+05
3.9820903497443330707029e+05
3.9820903510228538652882e+05
3.9820903512376057915390e+05
3.9820903535377077059820e+05
3.9820903491932700853795e+05
3.9820903480507421772927e+05
3.9820903479094791691750e+05
3.9820903517571929842234e+05
3.9820903548830898944288e+05
3.9820903558616078225896e+05
3.9820903544279001653194e+05
3.9820903529267309932038e+05
3.9820903534747782396153e+05
3.9820903547357715433463e+05
3.9820903572866210015491e+05
3.9820903560034540714696e+05
3.9820903553153941174969e+05
3.9820903538261842913926e+05
3.9820903539652464678511e+05
3.9820903545559250051156e+05
3.9820903570648899767548e+05
3.9820903560639993520454e+05
3.9820903517158498289064e+05
3.9820903532494092360139e+05
3.9820903545634378679097e+05
3.9820903534360096091405e+05
3.9820903572200471535325e+05
3.9820903566132119158283e+05
3.9820903553917858516797e+05
3.9820903535567456856370e+05
3.9820903547318739583716e+05
3.9820903610081906663254e+05
3.9820903613835398573428e+05
3.9820903572574135614559e+05
3.9820903541997249703854e+05
3.9820903505144186783582e+05
3.9820903465780895203352e+05
3.9820903472845704527572e+05
3.9820903531831776490435e+05
3.9820903529522579628974e+05
3.9820903505329880863428e+05
3.9820903488863585516810e+05
3.9820903499509103130549e+05
3.9820903502814093371853e+05
3.9820903553681034827605e+05
3.9820903543445898685604e+05
3.9820903522531245835125e+05
3.9820903504222468473017e+05
3.9820903503432089928538e+05
3.9820903537554224021733e+05
3.9820903526390052866191e+05
3.9820903539465396897867e+05
3.9820903517218504566699e+05
3.9820903505648369900882e+05
3.9820903601631557103246e+05
3.9820903541357698850334e+05
3.9820903538181673502550e+05
3.9820903494616970419884e+05
3.9820903452959109563380e+05
3.9820903435880201868713e+05
3.9820903436298033921048e+05
3.9820903446833201451227e+05
3.9820903478500986238942e+05
3.9820903450720850378275e+05
3.9820903448468999704346e+05
3.9820903428943408653140e+05
3.9820903457204782171175e+05
3.9820903525850584264845e+05
3.9820903481623978586867e+05
3.9820903467951429774985e+05
3.9820903460691653890535e+05
3.9820903469287854386494e+05
3.9820903457416524179280e+05
3.9820903501179296290502e+05
3.9820903490832826355472e+05
3.9820903474270855076611e+05
3.9820903466219763504341e+05
3.9820903484764532186091e+05
3.9820903480535739799961e+05
3.9820903526126226643100e+05
3.9820903481875522993505e+05
3.9820903464595630066469e+05
3.9820903424619586439803e+05
3.9820903412702004425228e+05
3.9820903414790669921786e+05
3.9820903452351904707029e+05
3.9820903468150144908577e+05
3.9820903444475668948144e+05
3.9820903420778317376971e+05
3.9820903443742817034945e+05
3.9820903435034508584067e+05
3.9820903471498278668150e+05
3.9820903433201322332025e+05
3.9820903396388480905443e+05
3.9820903358413191745058e+05
3.9820903352185193216428e+05
3.9820903384028060827404e+05
3.9820903421450685709715e+05
3.9820903410645219264552e+05
3.9820903380271641071886e+05
3.9820903355911053949967e+05
3.9820903412878722883761e+05
3.9820903351152350660414e+05
3.9820903405202517751604e+05
3.9820903403104306198657e+05
3.9820903390627662884071e+05
3.9820903374329052167013e+05
3.9820903351333184400573e+05
3.9820903371290949871764e+05
3.9820903420223941793665e+05
3.9820903415143792517483e+05
3.9820903400861815316603e+05
3.9820903385211975546554e+05
3.9820903398157405899838e+05
3.9820903404193231835961e+05
3.9820903432812239043415e+05
3.9820903416565211955458e+05
3.9820903434318187646568e+05
3.9820903438336483668536e+05
3.9820903437370335450396e+05
3.9820903457997547229752e+05
3.9820903456185228424147e+05
3.9820903440172068076208e+05
3.9820903448964108247310e+05
3.9820903451822238275781e+05
3.9820903478979167994112e+05
3.9820903503801213810220e+05
3.9820903498801769455895e+05
3.9820903486043022712693e+05
3.9820903470213280525059e+05
3.9820903466806717915460e+05
3.9820903472844214411452e+05
3.9820903481571137672290e+05
3.9820903505953476997092e+05
3.9820903485454263864085e+05
3.9820903461503778817132e+05
3.9820903445559577085078e+05
3.9820903470449236920103e+05
3.9820903503614140208811e+05
3.9820903469777334248647e+05
3.9820903478634287603199e+05
3.9820903457221231656149e+05
3.9820903445154672954232e+05
3.9820903450519032776356e+05
3.9820903489209682447836e+05
3.9820903492717206245288e+05
3.9820903474571695551276e+05
3.9820903470486350124702e+05
3.9820903485516062937677e+05
3.9820903517404216108844e+05
3.9820903496449207887053e+05
3.9820903486397536471486e+05
3.9820903461324778618291e+05
3.9820903433705412317067e+05
3.9820903404394921381027e+05
3.9820903410374617669731e+05
3.9820903435781784355640e+05
3.9820903435950016137213e+05
3.9820903428157255984843e+05
3.9820903420177212683484e+05
3.9820903440141136525199e+05
3.9820903428239066852257e+05
3.9820903459322935668752e+05
3.9820903430436283815652e+05
3.9820903411371656693518e+05
3.9820903407755639636889e+05
3.9820903386706428136677e+05
3.9820903429582813987508e+05
3.9820903457993007032201e+05
3.9820903452039952389896e+05
3.9820903433958964888006e+05
3.9820903420333436224610e+05
3.9820903444185876287520e+05
3.9820903445390373235568e+05
3.9820903499066230142489e+05
3.9820903485778835602105e+05
3.9820903481163969263434e+05
3.9820903474518348230049e+05
3.9820903459787188330665e+05
3.9820903481187857687473e+05
3.9820903499640960944816e+05
3.9820903493577055633068e+05
3.9820903485333977732807e+05
3.9820903457498777424917e+05
3.9820903495456313248724e+05
3.9820903524428844684735e+05
3.9820903482155327219516e+05
3.9820903461240004980937e+05
3.9820903442346403608099e+05
3.9820903436637826962397e+05
3.9820903417846420779824e+05
3.9820903431658481713384e+05
3.9820903453868190990761e+05
3.9820903457845980301499e+05
3.9820903442765143699944e+05
3.9820903440063318703324e+05
3.9820903411141777178273e+05
3.9820903470316488528624e+05
3.9820903472525376128033e+05
3.9820903465452243108302e+05
3.9820903456091566476971e+05
3.9820903441116394242272e+05
3.9820903434176102746278e+05
3.9820903435383056057617e+05
3.9820903424334124429151e+05
3.9820903424107609316707e+05
3.9820903420319198630750e+05
3.9820903433535760268569e+05
3.9820903462918678997084e+05
3.9820903438614646438509e+05
3.9820903438517515314743e+05
3.9820903433400357607752e+05
3.9820903444886248325929e+05
3.9820903469086065888405e+05
3.9820903466599667444825e+05
3.9820903494058432988822e+05
3.9820903509220480918884e+05
3.9820903486717067426071e+05
3.9820903485397004988045e+05
3.9820903497584461001679e+05
3.9820903534388961270452e+05
3.9820903557844198076054e+05
3.9820903537216712720692e+05
3.9820903507832629838958e+05
3.9820903465317172231153e+05
3.9820903442058770451695e+05
3.9820903440002741990611e+05
3.9820903472513769520447e+05
3.9820903458784573012963e+05
3.9820903447765047894791e+05
3.9820903436013741884381e+05
3.9820903470776055473834e+05
3.9820903456125652883202e+05
3.9820903487532539293170e+05
3.9820903500138747040182e+05
3.9820903502248524455354e+05
3.9820903483438835246488e+05
3.9820903451772645348683e+05
3.9820903502338449470699e+05
3.9820903541509498609230e+05
3.9820903541652148123831e+05
3.9820903525596694089472e+05
3.9820903506301762536168e+05
3.9820903527064167428762e+05
3.9820903561276156688109e+05
3.9820903578288236167282e+05
3.9820903569243475794792e+05
3.9820903580590506317094e+05
3.9820903585236170329154e+05
3.9820903579228412127122e+05
3.9820903588975244201720e+05
3.9820903617447987198830e+05
3.9820903618395986268297e+05
3.9820903607793198898435e+05
3.9820903591986361425370e+05
3.9820903622671490302309e+05
3.9820903612085076747462e+05
3.9820903625346533954144e+05
3.9820903634484764188528e+05
3.9820903620962123386562e+05
3.9820903621520474553108e+05
3.9820903607888397527859e+05
3.9820903588097559986636e+05
3.9820903615815105149522e+05
3.9820903610843711066991e+05
3.9820903578043152811006e+05
3.9820903534428315469995e+05
3.9820903538170468527824e+05
3.9820903574049926828593e+05
3.9820903591724974103272e+05
3.9820903604072140296921e+05
3.9820903591387573396787e+05
3.9820903578069398645312e+05
3.9820903584532096283510e+05
3.9820903608298872131854e+05
3.9820903626614104723558e+05
3.9820903607789252419025e+05
3.9820903585947846295312e+05
3.9820903598869842244312e+05
3.9820903619516093749553e+05
3.9820903637945529771969e+05
3.9820903621922928141430e+05
3.9820903627769614104182e+05
3.9820903608287038514391e+05
3.9820903576832800172269e+05
3.9820903587920102290809e+05
3.9820903623880445957184e+05
3.9820903601487493142486e+05
3.9820903600765677401796e+05
3.9820903594714647624642e+05
3.9820903644303028704599e+05
3.9820903664483939064667e+05
3.9820903654894145438448e+05
3.9820903629508294397965e+05
3.9820903621036914410070e+05
3.9820903610786003991961e+05
3.9820903587756660999730e+05
3.9820903572895558318123e+05
3.9820903599840874085203e+05
3.9820903591710893670097e+05
3.9820903594187949784100e+05
3.9820903575479268329218e+05
3.9820903563417354598641e+05
3.9820903590130817610770e+05
3.9820903599545249016955e+05
3.9820903590711817378178e+05
3.9820903623124764999375e+05
3.9820903632504935376346e+05
3.9820903640836186241359e+05
3.9820903653059562202543e+05
3.9820903642226470401511e+05
3.9820903650644933804870e+05
3.9820903622160060331225e+05
3.9820903615162533242255e+05
3.9820903631815675180405e+05
3.9820903676114568952471e+05
3.9820903641888790298253e+05
3.9820903641511389287189e+05
3.9820903605285187950358e+05
3.9820903592537035001442e+05
3.9820903561173524940386e+05
3.9820903584474854869768e+05
3.9820903610755142290145e+05
3.9820903597229678416625e+05
3.9820903586049331352115e+05
3.9820903591143374796957e+05
3.9820903574394539464265e+05
3.9820903633369872113690e+05
3.9820903584187064552680e+05
3.9820903584680700441822e+05
3.9820903566946467617527e+05
3.9820903567274560919032e+05
3.9820903545250825118273e+05
3.9820903577909769956023e+05
3.9820903587769815931097e+05
3.9820903576737828552723e+05
3.9820903552828577812761e+05
3.9820903558259032433853e+05
3.9820903615875996183604e+05
3.9820903635625721653923e+05
3.9820903582224302226678e+05
3.9820903556908626342192e+05
3.9820903538769512670115e+05
3.9820903523499547736719e+05
3.9820903514691704185680e+05
3.9820903528331365669146e+05
3.9820903539354191161692e+05
3.9820903525668737711385e+05
3.9820903491156868403777e+05
3.9820903541646088706329e+05
3.9820903604811005061492e+05
3.9820903561990521848202e+05
3.9820903540072240866721e+05
3.9820903546407230896875e+05
3.9820903560041124001145e+05
3.9820903575967263896018e+05
3.9820903597583255032077e+05
3.9820903591202583629638e+05
3.9820903573191969189793e+05
3.9820903566053317626938e+05
3.9820903539451351389289e+05
3.9820903559522604336962e+05
3.9820903610582341207191e+05
3.9820903603538050083444e+05
3.9820903622969001298770e+05
3.9820903630251076538116e+05
3.9820903656274557579309e+05
3.9820903692081547342241e+05
3.9820903705343825276941e+05
3.9820903678305028006434e+05
3.9820903672994754742831e+05
3.9820903652561228955165e+05
3.9820903677991457516328e+05
3.9820903715609974460676e+05
3.9820903748790262034163e+05
3.9820903722149843815714e+05
3.9820903695108479587361e+05
3.9820903685588535154238e+05
3.9820903651297820033506e+05
3.9820903660511126508936e+05
3.9820903707233135355636e+05
3.9820903702660289127380e+05
3.9820903693319956073537e+05
3.9820903666687285294756e+05
3.9820903722333320183679e+05
3.9820903733637218829244e+05
3.9820903771939722355455e+05
3.9820903769097704207525e+05
3.9820903747248073341325e+05
3.9820903738481935579330e+05
3.9820903742160595720634e+05
3.9820903750038071302697e+05
3.9820903747136535821483e+05
3.9820903758336504688486e+05
3.9820903737597283907235e+05
3.9820903700562333688140e+05
3.9820903717702371068299e+05
3.9820903772805019980296e+05
3.9820903776949667371809e+05
3.9820903767672664253041e+05
3.9820903798705805093050e+05
3.9820903815259004477412e+05
3.9820903842444356996566e+05
3.9820903865177941042930e+05
3.9820903900338493986055e+05
3.9820903860565961804241e+05
3.9820903842287877341732e+05
3.9820903813762974459678e+05
3.9820903863334428751841e+05
3.9820903904981911182404e+05
3.9820903864719794364646e+05
3.9820903853408689610660e+05
3.9820903852597542572767e+05
3.9820903869784920243546e+05
3.9820903857996256556362e+05
3.9820903875210124533623e+05
3.9820903857099160086364e+05
3.9820903845972771523520e+05
3.9820903850407851859927e+05
3.9820903867457754677162e+05
3.9820903927003708668053e+05
3.9820903889484744286165e+05
3.9820903845279588131234e+05
3.9820903822431614389643e+05
3.9820903817239252384752e+05
3.9820903791376313893124e+05
3.9820903803556400816888e+05
3.9820903844177082646638e+05
3.9820903841467807069421e+05
3.9820903819925995776430e+05
3.9820903807950636837631e+05
3.9820903835030319169164e+05
3.9820903833133971784264e+05
3.9820903885920828906819e+05
3.9820903838903253199533e+05
3.9820903795323439408094e+05
3.9820903761372825829312e+05
3.9820903747253963956609e+05
3.9820903733651054790244e+05
3.9820903761592850787565e+05
3.9820903772577206837013e+05
3.9820903758844395633787e+05
3.9820903739338385639712e+05
3.9820903739139589015394e+05
3.9820903768494847463444e+05
3.9820903789744322421029e+05
3.9820903770036983769387e+05
3.9820903751732694217935e+05
3.9820903742728073848411e+05
3.9820903717509208945557e+05
3.9820903709981968859211e+05
3.9820903749195113778114e+05
3.9820903760131273884326e+05
3.9820903736801270861179e+05
3.9820903709151234943420e+05
3.9820903736260801088065e+05
3.9820903755279036704451e+05
3.9820903733719926094636e+05
3.9820903727502824040130e+05
3.9820903700084844604135e+05
3.9820903673007193719968e+05
3.9820903648652631090954e+05
3.9820903673685551621020e+05
3.9820903682529629440978e+05
3.9820903679744031978771e+05
3.9820903687395749147981e+05
3.9820903700908884638920e+05
3.9820903698855760740116e+05
3.9820903751756454585120e+05
3.9820903728805034188554e+05
3.9820903708598105004057e+05
3.9820903697390138404444e+05
3.9820903683963837102056e+05
3.9820903692748752655461e+05
3.9820903701746626757085e+05
3.9820903719367756275460e+05
3.9820903706323209917173e+05
3.9820903706591564696282e+05
3.9820903715865570120513e+05
3.9820903728980309097096e+05
3.9820903768318210495636e+05
3.9820903735870745731518e+05
3.9820903733203385490924e+05
3.9820903730981622356921e+05
3.9820903719144017668441e+05
3.9820903748571843607351e+05
3.9820903791645204182714e+05
3.9820903775021992623806e+05
3.9820903749886725563556e+05
3.9820903740569256478921e+05
3.9820903795620100572705e+05
3.9820903799092042027041e+05
3.9820903765614645089954e+05
3.9820903758755250601098e+05
3.9820903788083652034402e+05
3.9820903832122206222266e+05
3.9820903845140524208546e+05
3.9820903842622111551464e+05
3.9820903860141884069890e+05
3.9820903864961105864495e+05
3.9820903851394995581359e+05
3.9820903835048963082954e+05
3.9820903870550391729921e+05
3.9820903910597495269030e+05
3.9820903907065169187263e+05
3.9820903916867129737511e+05
3.9820903915266675176099e+05
3.9820903934359381673858e+05
3.9820903922636964125559e+05
3.9820903956777614075691e+05
3.9820903976324864197522e+05
3.9820903970009129261598e+05
3.9820903955147968372330e+05
3.9820903948582004522905e+05
3.9820903977343870792538e+05
3.9820903989477053983137e+05
3.9820904022734757745638e+05
3.9820904016504890751094e+05
3.9820904025191196706146e+05
3.9820904032289196038619e+05
3.9820904039237921824679e+05
3.9820904083689680555835e+05
3.9820904079891985747963e+05
3.9820904064199392450973e+05
3.9820904045582679100335e+05
3.9820904045329667860642e+05
3.9820904033637215616181e+05
3.9820904108344961423427e+05
3.9820904096037283306941e+05
3.9820904092612327076495e+05
3.9820904052868211874738e+05
3.9820904026851576054469e+05
3.9820904001283209072426e+05
3.9820904058890650048852e+05
3.9820904032111039850861e+05
3.9820904028418555390090e+05
3.9820904016396746737882e+05
3.9820904008719779085368e+05
3.9820904051382275065407e+05
3.9820904061175155220553e+05
3.9820904036200989503413e+05
3.9820904017976386239752e+05
3.9820904010973178083077e+05
3.9820903996324667241424e+05
3.9820904012766631785780e+05
3.9820904049207374919206e+05
3.9820904042230034247041e+05
3.9820904029167990665883e+05
3.9820904014757275581360e+05
3.9820904019241908099502e+05
3.9820904083709279075265e+05
3.9820904115696495864540e+05
3.9820904103169037261978e+05
3.9820904098912543850020e+05
3.9820904108672961592674e+05
3.9820904107417323393747e+05
3.9820904156168963527307e+05
3.9820904177801823243499e+05
3.9820904169513506349176e+05
3.9820904163313983008265e+05
3.9820904155278758844361e+05
3.9820904147277743322775e+05
3.9820904145360196707770e+05
3.9820904178390465676785e+05
3.9820904184504243312404e+05
3.9820904165187844773754e+05
3.9820904172048124019057e+05
3.9820904171551915351301e+05
3.9820904194374167127535e+05
3.9820904179108428070322e+05
3.9820904183282761368901e+05
3.9820904145226767286658e+05
3.9820904130542848724872e+05
3.9820904149303172016516e+05
3.9820904178572329692543e+05
3.9820904162930708844215e+05
3.9820904174781264737248e+05
3.9820904169808427104726e+05
3.9820904160277551272884e+05
3.9820904175599728478119e+05
3.9820904207390645751730e+05
3.9820904212513880338520e+05
3.9820904196679784217849e+05
3.9820904175949480850250e+05
3.9820904185430827783421e+05
3.9820904190207569627091e+05
3.9820904237469431245700e+05
3.9820904221743968082592e+05
3.9820904201700020348653e+05
3.9820904185907932696864e+05
3.9820904154869267949834e+05
3.9820904197086027124897e+05
3.9820904227432009065524e+05
3.9820904224350926233456e+05
3.9820904207315813982859e+05
3.9820904177767556393519e+05
3.9820904215317405760288e+05
3.9820904236535547534004e+05
3.9820904234097519656643e+05
3.9820904198947636177763e+05
3.9820904164841392775998e+05
3.9820904145722230896354e+05
3.9820904143983637914062e+05
3.9820904193105100421235e+05
3.9820904172321379883215e+05
3.9820904154610150726512e+05
3.9820904156729497481138e+05
3.9820904172499151900411e+05
3.9820904148245498072356e+05
3.9820904173078195890412e+05
3.9820904167111829156056e+05
3.9820904179669369477779e+05
3.9820904156854440225288e+05
3.9820904139443120220676e+05
3.9820904114891221979633e+05
3.9820904111739480867982e+05
3.9820904129307047696784e+05
3.9820904114229592960328e+05
3.9820904094675515079871e+05
3.9820904082714440301061e+05
3.9820904113450733711943e+05
3.9820904221590276574716e+05
3.9820904186426871456206e+05
3.9820904177473607705906e+05
3.9820904156223556492478e+05
3.9820904161423229379579e+05
3.9820904147791914874688e+05
3.9820904189675621455535e+05
3.9820904183911258587614e+05
3.9820904162474942859262e+05
3.9820904154180566547439e+05
3.9820904157144139753655e+05
3.9820904223758424632251e+05
3.9820904229158489033580e+05
3.9820904181944834999740e+05
3.9820904175529739586636e+05
3.9820904165364766959101e+05
3.9820904158395825652406e+05
3.9820904129652323899791e+05
3.9820904156131966738030e+05
3.9820904158706852467731e+05
3.9820904150563344592229e+05
3.9820904144035506760702e+05
3.9820904174385353690013e+05
3.9820904213145800167695e+05
3.9820904222688562003896e+05
3.9820904212235170416534e+05
3.9820904175872501218691e+05
3.9820904169118043500930e+05
3.9820904163381364196539e+05
3.9820904176088282838464e+05
3.9820904164988803677261e+05
3.9820904174680076539516e+05
3.9820904157309269066900e+05
3.9820904155588248977438e+05
3.9820904184818651992828e+05
3.9820904235535149928182e+05
3.9820904200772813055664e+05
3.9820904155706748133525e+05
3.9820904119121446274221e+05
3.9820904100913333240896e+05
3.9820904109171469463035e+05
3.9820904151895124232396e+05
3.9820904137682396685705e+05
3.9820904108692175941542e+05
3.9820904100273217773065e+05
3.9820904115290567278862e+05
3.9820904103226936422288e+05
3.9820904149422823684290e+05
3.9820904122182377614081e+05
3.9820904091561009408906e+05
3.9820904045983782270923e+05
3.9820904028206423390657e+05
3.9820904033984226407483e+05
3.9820904065104213077575e+05
3.9820904078954912256449e+05
3.9820904053145501529798e+05
3.9820904022705461829901e+05
3.9820904057659150566906e+05
3.9820904106669587781653e+05
3.9820904068498814012855e+05
3.9820904061302664922550e+05
3.9820904025482101133093e+05
3.9820904001337545923889e+05
3.9820904011705750599504e+05
3.9820904028588254004717e+05
3.9820904014537384500727e+05
3.9820904010825254954398e+05
3.9820904015445837285370e+05
3.9820904057573812315241e+05
3.9820904025364585686475e+05
3.9820904061923659173772e+05
3.9820904026668466394767e+05
3.9820903998565272195265e+05
3.9820903977315622614697e+05
3.9820903977431432576850e+05
3.9820904040714661823586e+05
3.9820904069059324683622e+05
3.9820904065783409168944e+05
3.9820904032588150585070e+05
3.9820904008900042390451e+05
3.9820904058298288146034e+05
3.9820904009515157667920e+05
3.9820904032975551672280e+05
3.9820904039262450532988e+05
3.9820904008601780515164e+05
3.9820903955807135207579e+05
3.9820903924621373880655e+05
3.9820903946176968747750e+05
3.9820903995862184092402e+05
3.9820903992662823293358e+05
3.9820903960556548554450e+05
3.9820903948114515515044e+05
3.9820903986775444354862e+05
3.9820903981412958819419e+05
3.9820903983414411777630e+05
3.9820903941767470678315e+05
3.9820903951938613317907e+05
3.9820903960877400822937e+05
3.9820903962704620789737e+05
3.9820903965264698490500e+05
3.9820903976875334046781e+05
3.9820903963699663290754e+05
3.9820903958091913955286e+05
3.9820903948811721056700e+05
3.9820903979976708069444e+05
3.9820903995111194672063e+05
3.9820904011534305755049e+05
3.9820903991038515232503e+05
3.9820903968628204893321e+05
3.9820903960615216055885e+05
3.9820903991869633318856e+05
3.9820904022584814811125e+05
3.9820904033582768170163e+05
3.9820904013316641794518e+05
3.9820904003635630942881e+05
3.9820904008171451278031e+05
3.9820904068819765234366e+05
3.9820904099260922521353e+05
3.9820904061993805225939e+05
3.9820904050385812297463e+05
3.9820904047107259975746e+05
3.9820904031379375373945e+05
3.9820904048882232746109e+05
3.9820904099930624943227e+05
3.9820904113073210464790e+05
3.9820904077276785392314e+05
3.9820904069823998725042e+05
3.9820904108226869720966e+05
3.9820904140716622350737e+05
3.9820904134296410484239e+05
3.9820904133312910562381e+05
3.9820904136919975280762e+05
3.9820904139819170814008e+05
3.9820904122474265750498e+05
3.9820904143004684010521e+05
3.9820904195788805373013e+05
3.9820904192268097540364e+05
3.9820904176565416855738e+05
3.9820904175617487635463e+05
3.9820904176327795721591e+05
3.9820904194425808964297e+05
3.9820904206944233737886e+05
3.9820904201368195936084e+05
3.9820904215527366613969e+05
3.9820904210828302893788e+05
3.9820904228996788151562e+05
3.9820904245639237342402e+05
3.9820904241285054013133e+05
3.9820904244400031166151e+05
3.9820904246738151414320e+05
3.9820904271052009426057e+05
3.9820904245106491725892e+05
3.9820904278831486590207e+05
3.9820904272092453902587e+05
3.9820904257836821489036e+05
3.9820904244898085016757e+05
3.9820904236071731429547e+05
3.9820904240938328439370e+05
3.9820904251742787891999e+05
3.9820904256896063452587e+05
3.9820904250526940450072e+05
3.9820904249928431818262e+05
3.9820904262265725992620e+05
3.9820904258836811641231e+05
3.9820904332646587863564e+05
3.9820904284546046983451e+05
3.9820904255066526820883e+05
3.9820904245370224816725e+05
3.9820904224512126529589e+05
3.9820904236970638157800e+05
3.9820904282771178986877e+05
3.9820904283178190235049e+05
3.9820904268078401219100e+05
3.9820904261312272865325e+05
3.9820904260184877784923e+05
3.9820904308022733312100e+05
3.9820904302669863682240e+05
3.9820904309843992814422e+05
3.9820904338599846232682e+05
3.9820904350329103181139e+05
3.9820904342762788292021e+05
3.9820904348699946422130e+05
3.9820904372998088365421e+05
3.9820904366871825186536e+05
3.9820904361242672894150e+05
3.9820904358606867026538e+05
3.9820904365563666215166e+05
3.9820904409725358709693e+05
3.9820904428929230198264e+05
3.9820904420812474563718e+05
3.9820904408989188959822e+05
3.9820904404850723221898e+05
3.9820904396280774381012e+05
3.9820904428606911096722e+05
3.9820904452105693053454e+05
3.9820904456274124095216e+05
3.9820904444894491462037e+05
3.9820904432335722958669e+05
3.9820904480461997445673e+05
3.9820904449195641791448e+05
3.9820904446482652565464e+05
3.9820904426569712813944e+05
3.9820904408157843863592e+05
3.9820904378735384671018e+05
3.9820904380671237595379e+05
3.9820904399889317573979e+05
3.9820904419708199566230e+05
3.9820904400019021704793e+05
3.9820904386221955064684e+05
3.9820904392384545644745e+05
3.9820904440815804991871e+05
3.9820904454343015095219e+05
3.9820904429943754803389e+05
3.9820904428977495990694e+05
3.9820904413807467790321e+05
3.9820904395376122556627e+05
3.9820904396702605299652e+05
3.9820904417309560813010e+05
3.9820904430589784169570e+05
3.9820904413176578236744e+05
3.9820904400727880420163e+05
3.9820904425152391195297e+05
3.9820904442701948573813e+05
3.9820904446679638931528e+05
3.9820904439004720188677e+05
3.9820904462481406517327e+05
3.9820904496876435587183e+05
3.9820904514233092777431e+05
3.9820904523966752458364e+05
3.9820904567461780970916e+05
3.9820904553627985296771e+05
3.9820904540051287040114e+05
3.9820904523089865688235e+05
3.9820904546550032682717e+05
3.9820904555037297541276e+05
3.9820904577595344744623e+05
3.9820904563619615510106e+05
3.9820904540671140421182e+05
3.9820904550252470653504e+05
3.9820904538394353585318e+05
3.9820904572217602981254e+05
3.9820904573771340074018e+05
3.9820904572322906460613e+05
3.9820904576600441941991e+05
3.9820904572025121888146e+05
3.9820904600119288079441e+05
3.9820904610113333910704e+05
3.9820904608457407448441e+05
3.9820904605814185924828e+05
3.9820904591360298218206e+05
3.9820904590322595322505e+05
3.9820904614422778831795e+05
3.9820904641057207481936e+05
3.9820904640899645164609e+05
3.9820904602464882191271e+05
3.9820904590450081741437e+05
3.9820904595369758317247e+05
3.9820904618021741043776e+05
3.9820904650029691401869e+05
3.9820904619056353112683e+05
3.9820904589508776552975e+05
3.9820904558652522973716e+05
3.9820904527374566532671e+05
3.9820904515925864689052e+05
3.9820904531580157345161e+05
3.9820904539669217774644e+05
3.9820904530890169553459e+05
3.9820904511901736259460e+05
3.9820904573939164401963e+05
3.9820904550337052205577e+05
3.9820904554637055844069e+05
3.9820904538284469163045e+05
3.9820904538220481481403e+05
3.9820904539443715475500e+05
3.9820904535853065317497e+05
3.9820904542885540286079e+05
3.9820904559180664364249e+05
3.9820904572652454953641e+05
3.9820904555530054494739e+05
3.9820904548745200736448e+05
3.9820904577713127946481e+05
3.9820904625245422357693e+05
3.9820904610053478972986e+05
3.9820904578474391018972e+05
3.9820904550173733150586e+05
3.9820904521629394730553e+05
3.9820904531450598733500e+05
3.9820904553299403050914e+05
3.9820904575204954016954e+05
3.9820904557747958460823e+05
3.9820904532789275981486e+05
3.9820904538508102996275e+05
3.9820904517735564149916e+05
3.9820904563717439305037e+05
3.9820904532703640870750e+05
3.9820904507163754897192e+05
3.9820904468631889903918e+05
3.9820904453547962475568e+05
3.9820904442643426591530e+05
3.9820904531697224592790e+05
3.9820904487798566697165e+05
3.9820904463106504408643e+05
3.9820904458333348156884e+05
3.9820904466688423417509e+05
3.9820904460246505914256e+05
3.9820904479455662658438e+05
3.9820904509012959897518e+05
3.9820904468292108504102e+05
3.9820904426254495047033e+05
3.9820904391329444479197e+05
3.9820904431220906553790e+05
3.9820904497049504425377e+05
3.9820904448061209404841e+05
3.9820904425913223531097e+05
3.9820904391755250981078e+05
3.9820904412595508620143e+05
3.9820904469035944202915e+05
3.9820904474268626654521e+05
3.9820904440029565012082e+05
3.9820904452440934255719e+05
3.9820904477687797043473e+05
3.9820904475235112477094e+05
3.9820904495795047841966e+05
3.9820904484260443132371e+05
3.9820904468557063955814e+05
3.9820904466906585730612e+05
3.9820904488075728295371e+05
3.9820904512825893471017e+05
3.9820904536472685867921e+05
3.9820904521474015200511e+05
3.9820904513224167749286e+05
3.9820904475415172055364e+05
3.9820904482210503192618e+05
3.9820904485330561874434e+05
3.9820904536373529117554e+05
3.9820904515769321005791e+05
3.9820904504723992431536e+05
3.9820904482267884304747e+05
3.9820904510201432276517e+05
3.9820904567840759409592e+05
3.9820904586365655995905e+05
3.9820904581725603202358e+05
3.9820904559066763613373e+05
3.9820904541685356525704e+05
3.9820904530407721176744e+05
3.9820904541168210562319e+05
3.9820904580613883445039e+05
3.9820904572034417651594e+05
3.9820904563181335106492e+05
3.9820904567132168449461e+05
3.9820904611891496460885e+05
3.9820904631055885693058e+05
3.9820904671510064508766e+05
3.9820904622940201079473e+05
3.9820904587666870793328e+05
3.9820904543631849810481e+05
3.9820904565685830311850e+05
3.9820904560851887799799e+05
3.9820904571043472969905e+05
3.9820904560982354450971e+05
3.9820904550258989911526e+05
3.9820904530124639859423e+05
3.9820904542121459962800e+05
3.9820904565750167239457e+05
3.9820904554095928324386e+05
3.9820904556275537470356e+05
3.9820904569900216301903e+05
3.9820904587064072256908e+05
3.9820904601850901963189e+05
3.9820904636517679318786e+05
3.9820904625296831363812e+05
3.9820904600619833217934e+05
3.9820904589557449799031e+05
3.9820904636087350081652e+05
3.9820904672837659018114e+05
3.9820904705965350149199e+05
3.9820904685700143454596e+05
3.9820904655799444299191e+05
3.9820904632262210361660e+05
3.9820904643717588623986e+05
3.9820904643408767879009e+05
3.9820904671755991876125e+05
3.9820904648613900644705e+05
3.9820904655921377707273e+05
3.9820904641487030312419e+05
3.9820904674155724933371e+05
3.9820904685515025630593e+05
3.9820904647817183285952e+05
3.9820904628325934754685e+05
3.9820904638150631217286e+05
3.9820904653333965688944e+05
3.9820904657138232141733e+05
3.9820904669300792738795e+05
3.9820904685470875119790e+05
3.9820904651961993658915e+05
3.9820904644061578437686e+05
3.9820904620657337363809e+05
3.9820904635308263823390e+05
3.9820904707997740479186e+05
3.9820904705955914687365e+05
3.9820904690340382512659e+05
3.9820904677795560564846e+05
3.9820904691312258364633e+05
3.9820904684273240854964e+05
3.9820904684762528631836e+05
3.9820904681277484633029e+05
3.9820904677674046251923e+05
3.9820904675884480820969e+05
3.9820904707213328219950e+05
3.9820904707308486104012e+05
3.9820904721732198959216e+05
3.9820904675674397731200e+05
3.9820904648201999953017e+05
3.9820904644878453109413e+05
3.9820904627105680992827e+05
3.9820904626400384586304e+05
3.9820904645366279873997e+05
3.9820904641184513457119e+05
3.9820904640443867538124e+05
3.9820904618556145578623e+05
3.9820904632963833864778e+05
3.9820904628282960038632e+05
3.9820904651067254599184e+05
3.9820904624167579459026e+05
3.9820904602873401017860e+05
3.9820904598833603085950e+05
3.9820904617088299710304e+05
3.9820904631875798804685e+05
3.9820904643487359862775e+05
3.9820904641642235219479e+05
3.9820904612669686321169e+05
3.9820904590947274118662e+05
3.9820904568214697064832e+05
3.9820904653249011607841e+05
3.9820904676340904552490e+05
3.9820904686517309164628e+05
3.9820904657461482565850e+05
3.9820904642297327518463e+05
3.9820904641054692910984e+05
3.9820904671538504771888e+05
3.9820904662594624096528e+05
3.9820904656400869134814e+05
3.9820904640684381593019e+05
3.9820904664418112952262e+05
3.9820904723299003671855e+05
3.9820904702597268624231e+05
3.9820904671583254821599e+05
3.9820904657966620288789e+05
3.9820904652819084003568e+05
3.9820904631718015298247e+05
3.9820904653716582106426e+05
3.9820904691166634438559e+05
3.9820904688539047492668e+05
3.9820904672638751799241e+05
3.9820904658468475099653e+05
3.9820904680939344689250e+05
3.9820904717980569694191e+05
3.9820904753255198011175e+05
3.9820904699506750330329e+05
3.9820904677768243709579e+05
3.9820904673775989795104e+05
3.9820904654147499240935e+05
3.9820904699967260239646e+05
3.9820904721773636993021e+05
3.9820904687856155214831e+05
3.9820904689094854984432e+05
3.9820904694767278851941e+05
3.9820904725163092371076e+05
3.9820904763213457772508e+05
3.9820904769112309440970e+05
3.9820904768324276665226e+05
3.9820904738229472422972e+05
3.9820904735427763080224e+05
3.9820904744260059669614e+05
3.9820904754867113661021e+05
3.9820904735872609307989e+05
3.9820904739353124750778e+05
3.9820904722259950358421e+05
3.9820904731874802382663e+05
3.9820904761960776522756e+05
3.9820904805214121006429e+05
3.9820904762921907240525e+05
3.9820904742732056183740e+05
3.9820904717137594707310e+05
3.9820904709273664047942e+05
3.9820904684622865170240e+05
3.9820904710584832355380e+05
3.9820904697424412006512e+05
3.9820904701708530774340e+05
3.9820904702954227104783e+05
3.9820904740093549480662e+05
3.9820904742948402417824e+05
3.9820904752054042182863e+05
3.9820904715534811839461e+05
3.9820904696140304440632e+05
3.9820904697421652963385e+05
3.9820904703250958118588e+05
3.9820904700544622028247e+05
3.9820904690886923344806e+05
3.9820904697501152986661e+05
3.9820904703873605467379e+05
3.9820904699665069347247e+05
3.9820904730475635733455e+05
3.9820904720988124608994e+05
3.9820904671433224575594e+05
3.9820904669035715050995e+05
3.9820904654963291250169e+05
3.9820904648398241261020e+05
3.9820904640922712860629e+05
3.9820904661410034168512e+05
3.9820904662277229363099e+05
3.9820904651301336707547e+05
3.9820904634699050802737e+05
3.9820904652992018964142e+05
3.9820904683739482425153e+05
3.9820904702521837316453e+05
3.9820904669321858091280e+05
3.9820904664312367094681e+05
3.9820904656289942795411e+05
3.9820904653249680995941e+05
3.9820904662204056512564e+05
3.9820904716753633692861e+05
3.9820904697402217425406e+05
3.9820904682509304257110e+05
3.9820904681284824619070e+05
3.9820904737250029575080e+05
3.9820904746597888879478e+05
3.9820904726369504351169e+05
3.9820904721274902112782e+05
3.9820904716917546465993e+05
3.9820904729457542998716e+05
3.9820904719954007305205e+05
3.9820904728760215220973e+05
3.9820904758307128213346e+05
3.9820904747127054724842e+05
3.9820904742222581990063e+05
3.9820904741966450819746e+05
3.9820904756503959652036e+05
3.9820904757171421078965e+05
3.9820904773915332043543e+05
3.9820904741256783017889e+05
3.9820904726857721107081e+05
3.9820904714255733415484e+05
3.9820904705263738287613e+05
3.9820904706524935318157e+05
3.9820904714715649606660e+05
3.9820904711122170556337e+05
3.9820904704612144269049e+05
3.9820904723269998794422e+05
3.9820904707878775661811e+05
3.9820904750073392642662e+05
3.9820904753731557866558e+05
3.9820904739634925499558e+05
3.9820904737825208576396e+05
3.9820904754272103309631e+05
3.9820904747202119324356e+05
3.9820904796859447378665e+05
3.9820904782039526617154e+05
3.9820904762278078123927e+05
3.9820904762735933763906e+05
3.9820904804793262155727e+05
3.9820904838286194717512e+05
3.9820904859851411310956e+05
3.9820904830468446016312e+05
3.9820904819446831243113e+05
3.9820904805711499648169e+05
3.9820904768937360495329e+05
3.9820904774826165521517e+05
3.9820904815870849415660e+05
3.9820904838385817129165e+05
3.9820904810556879965588e+05
3.9820904788890236523002e+05
3.9820904833718779264018e+05
3.9820904837612505070865e+05
3.9820904873310221591964e+05
3.9820904857725044712424e+05
3.9820904874312074389309e+05
3.9820904880508198402822e+05
3.9820904875208879821002e+05
3.9820904912354197585955e+05
3.9820904928397794719785e+05
3.9820904925209289649501e+05
3.9820904919267527293414e+05
3.9820904917623155051842e+05
3.9820904944562196033075e+05
3.9820904988713678903878e+05
3.9820904996463708812371e+05
3.9820904977310571121052e+05
3.9820904958413547137752e+05
3.9820904942995478631929e+05
3.9820904915285663446411e+05
3.9820904927576461341232e+05
3.9820904956711741397157e+05
3.9820904946567426668480e+05
3.9820904936316644307226e+05
3.9820904961321153678000e+05
3.9820904994503868510947e+05
3.9820905013846524525434e+05
3.9820904957384365843609e+05
3.9820904944905667798594e+05
3.9820904941107088234276e+05
3.9820904921254259534180e+05
3.9820904937120579415932e+05
3.9820904960629832930863e+05
3.9820904978046077303588e+05
3.9820904943814623402432e+05
3.9820904925633542006835e+05
3.9820904969790799077600e+05
3.9820904969905555481091e+05
3.9820904935736773768440e+05
3.9820904939435259439051e+05
3.9820904947933653602377e+05
3.9820904947721795178950e+05
3.9820904906618932727724e+05
3.9820904932681034551933e+05
3.9820904948833759408444e+05
3.9820904957229428691790e+05
3.9820904936440777964890e+05
3.9820904926894087111577e+05
3.9820904930467612575740e+05
3.9820904973019764292985e+05
3.9820904972349409945309e+05
3.9820904992378700990230e+05
3.9820904986528703011572e+05
3.9820904998757183784619e+05
3.9820904993886896409094e+05
3.9820905007344426121563e+05
3.9820905017979926196858e+05
3.9820905007482087239623e+05
3.9820905007752601522952e+05
3.9820905027238349430263e+05
3.9820905032004701206461e+05
3.9820905069537082454190e+05
3.9820905053730320651084e+05
3.9820905041385290678591e+05
3.9820905039855773793533e+05
3.9820905032004503300413e+05
3.9820905045339278876781e+05
3.9820905078837549081072e+05
3.9820905080227606231347e+05
3.9820905060505552683026e+05
3.9820905058972246479243e+05
3.9820905096417607273906e+05
3.9820905154956120532006e+05
3.9820905131194356363267e+05
3.9820905082009104080498e+05
3.9820905079997878056020e+05
3.9820905074700701516122e+05
3.9820905084931338205934e+05
3.9820905067815235815942e+05
3.9820905092782236170024e+05
3.9820905083469994133338e+05
3.9820905075346515513957e+05
3.9820905058197531616315e+05
3.9820905065894819563255e+05
3.9820905103029502788559e+05
3.9820905083124979864806e+05
3.9820905046365427551791e+05
3.9820905049712903564796e+05
3.9820905044817784801126e+05
3.9820905032149306498468e+05
3.9820905038330802926794e+05
3.9820905047222203575075e+05
3.9820905034429708030075e+05
3.9820905021836864762008e+05
3.9820905052280699601397e+05
3.9820905026693653780967e+05
3.9820905051817372441292e+05
3.9820905055611504940316e+05
3.9820905035717185819522e+05
3.9820905035777814919129e+05
3.9820905037601228104904e+05
3.9820905042842630064115e+05
3.9820905089337175013497e+05
3.9820905081322399200872e+05
3.9820905065076309256256e+05
3.9820905057608889183030e+05
3.9820905120247823651880e+05
3.9820905084996513323858e+05
3.9820905137009429745376e+05
3.9820905115093971835449e+05
3.9820905081246182089671e+05
3.9820905072551051853225e+05
3.9820905038275633705780e+05
3.9820905050570779712871e+05
3.9820905077626381535083e+05
3.9820905073731188895181e+05
3.9820905056302761659026e+05
3.9820905037098738830537e+05
3.9820905009871127549559e+05
3.9820905082338652573526e+05
3.9820905070287256967276e+05
3.9820905057014146586880e+05
3.9820905081315233837813e+05
3.9820905112867301795632e+05
3.9820905121095001231879e+05
3.9820905113379278918728e+05
3.9820905125120247248560e+05
3.9820905120478163007647e+05
3.9820905102878157049417e+05
3.9820905065630166791379e+05
3.9820905069879180518910e+05
3.9820905095001030713320e+05
3.9820905118344898801297e+05
3.9820905136554926866665e+05
3.9820905115099030081183e+05
3.9820905136014084564522e+05
3.9820905143164785113186e+05
3.9820905158659198787063e+05
3.9820905147398501867428e+05
3.9820905140106217004359e+05
3.9820905135774082737043e+05
3.9820905157303891610354e+05
3.9820905187767482129857e+05
3.9820905230635131010786e+05
3.9820905204961146228015e+05
3.9820905199427588377148e+05
3.9820905210067186271772e+05
3.9820905216446449048817e+05
3.9820905206254107179120e+05
3.9820905212542542722076e+05
3.9820905218093236908317e+05
3.9820905201495712390170e+05
3.9820905167300655739382e+05
3.9820905242055520648137e+05
3.9820905251534876879305e+05
3.9820905280202475842088e+05
3.9820905244641739409417e+05
3.9820905221788032213226e+05
3.9820905216997792012990e+05
3.9820905210182204609737e+05
3.9820905213805573293939e+05
3.9820905213318765163422e+05
3.9820905215446744114161e+05
3.9820905201528727775440e+05
3.9820905206059827469289e+05
3.9820905243915697792545e+05
3.9820905294347502058372e+05
3.9820905270956305321306e+05
3.9820905252217035740614e+05
3.9820905226761987432837e+05
3.9820905224067938979715e+05
3.9820905224114155862480e+05
3.9820905268554750364274e+05
3.9820905273837328422815e+05
3.9820905246615887153894e+05
3.9820905227805295726284e+05
3.9820905254591070115566e+05
3.9820905299930647015572e+05
3.9820905298409855458885e+05
3.9820905272516212426126e+05
3.9820905263481254223734e+05
3.9820905265838594641536e+05
3.9820905250069079920650e+05
3.9820905259876721538603e+05
3.9820905276348057668656e+05
3.9820905271821044152603e+05
3.9820905264271295163780e+05
3.9820905244416749337688e+05
3.9820905280683340970427e+05
3.9820905322770203929394e+05
3.9820905327627487713471e+05
3.9820905294393637450412e+05
3.9820905278574733529240e+05
3.9820905265974911162630e+05
3.9820905258602852700278e+05
3.9820905303724895929918e+05
3.9820905300956382416189e+05
3.9820905288212629966438e+05
3.9820905286152136977762e+05
3.9820905302983266301453e+05
3.9820905295180884422734e+05
3.9820905329089530277997e+05
3.9820905324639257742092e+05
3.9820905293299636105075e+05
3.9820905243298260029405e+05
3.9820905216738261515275e+05
3.9820905224478081800044e+05
3.9820905282390653155744e+05
3.9820905265708285151049e+05
3.9820905245792801724747e+05
3.9820905235866614384577e+05
3.9820905295216874219477e+05
3.9820905344968778081238e+05
3.9820905323395796585828e+05
3.9820905272981279995292e+05
3.9820905264636478386819e+05
3.9820905264896107837558e+05
3.9820905260335397906601e+05
3.9820905244837701320648e+05
3.9820905254615726880729e+05
3.9820905250030691968277e+05
3.9820905239610868738964e+05
3.9820905231004353845492e+05
3.9820905245664826361462e+05
3.9820905277225078316405e+05
3.9820905277177365496755e+05
3.9820905254865571623668e+05
3.9820905252345738699660e+05
3.9820905237835290608928e+05
3.9820905250352481380105e+05
3.9820905295180738903582e+05
3.9820905284099205164239e+05
3.9820905280516075436026e+05
3.9820905269430583575740e+05
3.9820905331140977796167e+05
3.9820905284207628574222e+05
3.9820905302731425035745e+05
3.9820905293109652120620e+05
3.9820905278860568068922e+05
3.9820905269147397484630e+05
3.9820905276823096210137e+05
3.9820905289747001370415e+05
3.9820905302794545423239e+05
3.9820905317238584393635e+05
3.9820905293001397512853e+05
3.9820905251894640969113e+05
3.9820905274313170230016e+05
3.9820905337325012078509e+05
3.9820905325819255085662e+05
3.9820905330402153776959e+05
3.9820905370645143557340e+05
3.9820905422996653942391e+05
3.9820905406092427438125e+05
3.9820905438513593981043e+05
