4.8731988529958583100665e+00
4.8731988529830942979970e+00
4.8731988529716590008434e+00
4.8731988529661993680975e+00
4.8731988529620497985206e+00
4.8731988529484828731597e+00
4.8731988535396792983079e+00
4.8732001056038161124206e+00
4.8740176980898999303804e+00
4.8758296229312945158085e+00
4.8770996899761067666645e+00
4.8777418052103582724044e+00
4.8798016170771774113746e+00
4.8828071997587079167147e+00
4.8862473973685522921073e+00
4.8895507678123530936887e+00
4.8915684116839566186741e+00
4.8949925742697022457151e+00
4.8949159368457033636446e+00
4.8960186692144294084983e+00
4.8992588963840510984937e+00
4.8994175173300176240332e+00
4.8990399100038430901805e+00
4.8998983846380372852991e+00
4.8990535884790755716267e+00
4.9001389883030501692929e+00
4.9025458018447078956115e+00
4.9036344047522009148565e+00
4.9063036041032281886487e+00
4.9066510147637716343638e+00
4.9043715808840726566586e+00
4.9070923793902103682285e+00
4.9084700806619165902589e+00
4.9108353024609545656176e+00
4.9049141712813089100109e+00
4.9042691122796657765548e+00
4.8999194003669082064789e+00
4.8994628282048733325382e+00
4.9003493209282495968182e+00
4.9007288907755803819555e+00
4.9017005589075068883176e+00
4.9058476795162091477209e+00
4.9103780941771058010659e+00
4.9101295565262024211961e+00
4.9086870267217834751250e+00
4.9077650948870896741028e+00
4.9058520150985343022398e+00
4.9046473411690225674420e+00
4.9043533201724907044650e+00
4.9070404261243805166259e+00
4.9081239540653509578760e+00
4.9113726640444372861793e+00
4.9110821163832971691932e+00
4.9094525072879831029127e+00
4.9125803788983404274404e+00
4.9152060030963173886676e+00
4.9150204475470404830162e+00
4.9197797364356929961104e+00
4.9134426569030020814921e+00
4.9128875009301511411763e+00
4.9102643198530042667471e+00
4.9098639749689274580646e+00
4.9105383799192532379152e+00
4.9125681826494043136222e+00
4.9126782492110274702668e+00
4.9153390049136387318640e+00
4.9162171686257423175448e+00
4.9171558371093473382984e+00
4.9160484890872186980459e+00
4.9113843660865912355007e+00
4.9088918473006453169205e+00
4.9082597242030230333398e+00
4.9071305321748344141497e+00
4.9075332203611132797505e+00
4.9093757448978188051569e+00
4.9089253730431510192034e+00
4.9066164605637965223650e+00
4.9069405051745924595252e+00
4.9090582463692138404099e+00
4.9111493641066816806529e+00
4.9098429517828288126680e+00
4.9078437435904147534416e+00
4.9038745275660122757699e+00
4.9020030944536499006858e+00
4.9006125184857047827336e+00
4.9040961658654733668072e+00
4.9032607246491108909936e+00
4.9072056087946149816048e+00
4.9067150115481670269446e+00
4.9084607857348583337398e+00
4.9083894268027092877560e+00
4.9103781985085186434503e+00
4.9118568585190551800679e+00
4.9037562381625772189864e+00
4.8993696127860717481894e+00
4.8959382056543958583461e+00
4.8961048133672981919062e+00
4.8960445470351583452384e+00
4.8986689138086871864175e+00
4.8953579300638931925960e+00
4.8999113136783991606649e+00
4.9009099832683276076750e+00
4.9026808612508521179052e+00
4.9042885430464870921696e+00
4.9026875315585360937121e+00
4.9003868797784662092454e+00
4.8965594631059694563646e+00
4.8944277293537759021547e+00
4.8982009682190357224840e+00
4.9008888203566201013928e+00
4.8994888028260321632956e+00
4.8979346922622566395944e+00
4.8978974189557948903939e+00
4.8973955609960926338431e+00
4.8996338639888419308477e+00
4.9021737164227419114582e+00
4.8993008674315028372348e+00
4.8928484327394281550028e+00
4.8932386683516977399222e+00
4.8906036366939158455125e+00
4.8927151604966523379403e+00
4.8922873743713921612652e+00
4.8927695250973233243030e+00
4.8911547736841214373271e+00
4.8921282493341839980872e+00
4.8940400412456890322233e+00
4.8941093273040845446076e+00
4.8946661179737427360692e+00
4.8976510543676328168772e+00
4.8949797531466598954353e+00
4.8926922047307268570648e+00
4.8922698690901151863386e+00
4.8892276917200367947203e+00
4.8879361132083287699857e+00
4.8884246497857537505638e+00
4.8889575935959683761212e+00
4.8915440485923600277829e+00
4.8916879885650716985879e+00
4.8922750681953450779815e+00
4.8937030229876059550520e+00
4.8936382663473532161902e+00
4.8895884469142769646055e+00
4.8899139368202977351530e+00
4.8862585234023372393608e+00
4.8847333965556032353561e+00
4.8843454910187897866081e+00
4.8843804940042137019418e+00
4.8844329686184382310898e+00
4.8849775193479034740562e+00
4.8885308273564405112666e+00
4.8902122996410817279411e+00
4.8942640547458839961337e+00
4.8910168999085144037053e+00
4.8903388076290790209555e+00
4.8849218180017563994966e+00
4.8848700676798140207779e+00
4.8838570535937062544463e+00
4.8841876972859719074904e+00
4.8809667149293041177316e+00
4.8808456332659693188702e+00
4.8841200597137364169953e+00
4.8864354612696239144043e+00
4.8868101748420516017291e+00
4.8872488296888363379367e+00
4.8885651382171060319592e+00
4.8859476791020171049240e+00
4.8845642251063594585503e+00
4.8832744145339983532494e+00
4.8833900394775202613573e+00
4.8818293088837325655049e+00
4.8845430523889685758832e+00
4.8836729315389666439273e+00
4.8877796733672758122680e+00
4.8882926721137875958334e+00
4.8866603957762153598310e+00
4.8871144070194318942413e+00
4.8886572390475446781011e+00
4.8833864300033296146353e+00
4.8808596716028720408076e+00
4.8798047360517404769098e+00
4.8805276131192121269464e+00
4.8772304004864421855814e+00
4.8793185885332457374375e+00
4.8799565903818251655366e+00
4.8801803456476413600740e+00
4.8820703110539511726529e+00
4.8856331356709290503204e+00
4.8857714778916419007260e+00
4.8871956585521791893711e+00
4.8850468340522068544374e+00
4.8777861710087373481315e+00
4.8744359946462720856175e+00
4.8750184067907635920847e+00
4.8772050113862617237714e+00
4.8771678720998670186759e+00
4.8786189424994912400280e+00
4.8810625574180344088404e+00
4.8820803287631271416558e+00
4.8820427538383386334431e+00
4.8817013876027584018402e+00
4.8801590608451057562434e+00
4.8766531712407674703513e+00
4.8743780818557729261897e+00
4.8718134956770171584139e+00
4.8697701629666720890555e+00
4.8706772826995603509204e+00
4.8698328686756955363535e+00
4.8683801502053229981470e+00
4.8717704772365797438738e+00
4.8743723131855398733592e+00
4.8765129602570382871818e+00
4.8802722760790526734809e+00
4.8767738687421555709989e+00
4.8769870672418331736253e+00
4.8745054155257330208428e+00
4.8737338807593104661464e+00
4.8740605288009621887113e+00
4.8737078102264037582358e+00
4.8770197070375811421172e+00
4.8761727505977159324857e+00
4.8801064047170257254038e+00
4.8801080123397140297925e+00
4.8791801946652535448834e+00
4.8770330610684986538672e+00
4.8766972769423535538635e+00
4.8744875626399153389912e+00
4.8720451302585221498020e+00
4.8673023132348403052561e+00
4.8684293813761740921109e+00
4.8710078314136007193724e+00
4.8702598333573252631368e+00
4.8699392215965620067664e+00
4.8755452437349706684699e+00
4.8766162963709476230179e+00
4.8809275935119336153889e+00
4.8877118115517115271018e+00
4.8845344878435597024691e+00
4.8751261869242599189533e+00
4.8696628915103810086862e+00
4.8678976941074250106567e+00
4.8703934518442677514827e+00
4.8716108429493543141575e+00
4.8697018890333225726863e+00
4.8701839459729390213738e+00
4.8737427140768510014368e+00
4.8801282558253822330130e+00
4.8796847043713729163983e+00
4.8802297771762006561858e+00
4.8756685165971500595106e+00
4.8702465532622056798573e+00
4.8669923223241893239788e+00
4.8660299448764554597346e+00
4.8685148979501198240882e+00
4.8688318825231249320495e+00
4.8688287517915815882930e+00
4.8705328340682481069734e+00
4.8736301442255633986633e+00
4.8764665404504556889265e+00
4.8790469594070806635955e+00
4.8802461961089731445895e+00
4.8773403039206550957374e+00
4.8705107476377227371245e+00
4.8632458051018296885104e+00
4.8638794212077618439594e+00
4.8659566240831528816102e+00
4.8674699050029115454663e+00
4.8672745450527372668148e+00
4.8676952518531733105078e+00
4.8720983623935198991717e+00
4.8744471375105282717755e+00
4.8743292230388464147950e+00
4.8783057572833898873910e+00
4.8748896478456469338880e+00
4.8689175372485076209728e+00
4.8690048267154431016479e+00
4.8691667466317696266742e+00
4.8668828664881340628767e+00
4.8699167645679466431829e+00
4.8655450654062573079273e+00
4.8663430725084166894590e+00
4.8704542219216548915028e+00
4.8716992789468207547543e+00
4.8729242377360586502277e+00
4.8704012834153074251731e+00
4.8672303037409117010270e+00
4.8679643683487370253715e+00
4.8644547800323962860602e+00
4.8660444995136407086989e+00
4.8654197141813249061215e+00
4.8668613487793450644858e+00
4.8677466199778507416340e+00
4.8712816862797243544492e+00
4.8725778535428290183518e+00
4.8729088103078641580623e+00
4.8747511428506271613514e+00
4.8754450105947979565713e+00
4.8692418569374744663492e+00
4.8677612471214199985070e+00
4.8657065241096200125526e+00
4.8647443439147624033581e+00
4.8650164076107351718292e+00
4.8614344646175933206678e+00
4.8600448827660729378408e+00
4.8645959055100531642779e+00
4.8656308113058939213147e+00
4.8654504606945270239748e+00
4.8654718836431500861295e+00
4.8689080740198118490980e+00
4.8668629950049480115126e+00
4.8649139400915508701928e+00
4.8613390892086334460487e+00
4.8619308623961199344876e+00
4.8623262112467813267358e+00
4.8639997862987236487697e+00
4.8612377284253920350920e+00
4.8642436055045186193979e+00
4.8656297651127990988584e+00
4.8678582548422069109506e+00
4.8694406445379110337512e+00
4.8675955405087405480913e+00
4.8624804272334216648233e+00
4.8609612811196036830097e+00
4.8598201325579646336905e+00
4.8620343082402781575979e+00
4.8622647672448291444880e+00
4.8625377535395886141600e+00
4.8636956168575418146816e+00
4.8669363127980869165867e+00
4.8726746836579764021735e+00
4.8734777717348993775204e+00
4.8740800340451091443583e+00
4.8689425881520795869051e+00
4.8642874920280183559385e+00
4.8613115458822004910644e+00
4.8588345300726771824884e+00
4.8573574767159177767439e+00
4.8590473003445735500350e+00
4.8593592075070741742593e+00
4.8633025981720461317082e+00
4.8659133657206474765644e+00
4.8694735603505421295267e+00
4.8726707040161976181025e+00
4.8745409609884573498562e+00
4.8723027812975496786407e+00
4.8679944029576436292928e+00
4.8618736226381953358100e+00
4.8608030213662996033008e+00
4.8618411642390233495803e+00
4.8633610919090051183389e+00
4.8605341954542335969336e+00
4.8651460785077258464071e+00
4.8691840995005248871053e+00
4.8715844799813199372807e+00
4.8732540105834747379276e+00
4.8759720236437233964466e+00
4.8692054382888576569144e+00
4.8627645235077023855297e+00
4.8586007925017202779827e+00
4.8613928600402314117446e+00
4.8622148736950521197286e+00
4.8605227903706254011240e+00
4.8611683563561767229544e+00
4.8617398979239263567820e+00
4.8657917289935559423952e+00
4.8696188289575799146292e+00
4.8723935876834687519477e+00
4.8721375696465720750439e+00
4.8659065952302773538918e+00
4.8599311817570773897046e+00
4.8563487005556380537996e+00
4.8605444021924855135808e+00
4.8608604102102574984201e+00
4.8603432839719449276572e+00
4.8586867229351105024193e+00
4.8652451007394077464596e+00
4.8694339778109707594922e+00
4.8687898187922975523634e+00
4.8716317989435644619789e+00
4.8670690260140245797515e+00
4.8673558641803280622185e+00
4.8654051866830476669179e+00
4.8606554787345164214685e+00
4.8628236372061675041323e+00
4.8638574088069903567089e+00
4.8657513108786778488479e+00
4.8634959691487127386722e+00
4.8699039021503267576918e+00
4.8707836048622272784314e+00
4.8722841354046870776529e+00
4.8767222465641726358854e+00
4.8740059897234502273022e+00
4.8702968656978633532617e+00
4.8643887858920829003750e+00
4.8627845405991783067634e+00
4.8603543915149405307830e+00
4.8622155080512889924194e+00
4.8597065395705163481921e+00
4.8598376801137277425369e+00
4.8642439667030101801970e+00
4.8644548050007125894467e+00
4.8661413763948369037848e+00
4.8704932171821546660340e+00
4.8680987229258123605291e+00
4.8611609687474128804752e+00
4.8625372210683215357108e+00
4.8602854490699396450282e+00
4.8632419966535778144134e+00
4.8662293121429280873258e+00
4.8642501315631037073217e+00
4.8648994225598176655012e+00
4.8662050136310837089582e+00
4.8696510910195094368191e+00
4.8708125259841379417480e+00
4.8680862892141369968613e+00
4.8646712910090110781880e+00
4.8621203248228157534072e+00
4.8625246882868591313809e+00
4.8631152939329238549249e+00
4.8647836836539601890195e+00
4.8627468759936824937995e+00
4.8622342361003996202840e+00
4.8653529870898193365747e+00
4.8685989296473781706709e+00
4.8713090988744447429326e+00
4.8717147042534652001677e+00
4.8695048506600633331232e+00
4.8658321404408546584364e+00
4.8641338163351823808966e+00
4.8628645063784308177901e+00
4.8640914316891787905206e+00
4.8633661743314116066017e+00
4.8620381112501345199917e+00
4.8586620585850299747221e+00
4.8624430640013107662867e+00
4.8646807093464667914873e+00
4.8661467182725397506715e+00
4.8677029327247520740229e+00
4.8646747443191493687209e+00
4.8583478674049880297048e+00
4.8583539155175810009268e+00
4.8573293114787068347482e+00
4.8602438648181260916203e+00
4.8646842080899252991344e+00
4.8651749421408423401658e+00
4.8646236401280189554086e+00
4.8654858478861591208897e+00
4.8659712900953220326983e+00
4.8657903709461507446576e+00
4.8677087168934800587294e+00
4.8671918345306224296110e+00
4.8646409361440383634090e+00
4.8596074643623712319140e+00
4.8564581054890183509087e+00
4.8586495263537043953761e+00
4.8617399559959464383496e+00
4.8598409554853532199559e+00
4.8639380835351770926422e+00
4.8667023380207510285800e+00
4.8687301619489060655610e+00
4.8707421169781826009171e+00
4.8715433814869086859289e+00
4.8672894164678073281038e+00
4.8615246647980416838664e+00
4.8587080442368728583347e+00
4.8579243717678197711507e+00
4.8583016422473370710122e+00
4.8610185418070530616319e+00
4.8620303293689248747000e+00
4.8638572825253465481410e+00
4.8663829427683351624978e+00
4.8661539730564076222663e+00
4.8659549414733112016052e+00
4.8652091500454002215292e+00
4.8636448905787679208856e+00
4.8593611185545464437041e+00
4.8592728582563866623900e+00
4.8603796838238952915390e+00
4.8609572803087157666369e+00
4.8623470501939598520380e+00
4.8612154263686067068306e+00
4.8627031228176207378056e+00
4.8636746408929818485944e+00
4.8674254873121416409276e+00
4.8666243828611799315809e+00
4.8730330139523845289773e+00
4.8704899522266469347187e+00
4.8675000493085498476376e+00
4.8633699162838706087086e+00
4.8627897550470251530896e+00
4.8616233393885082136876e+00
4.8621067943154541168838e+00
4.8598056021240543245199e+00
4.8621562388879260296903e+00
4.8625764655391305879562e+00
4.8661393217553454704216e+00
4.8656380970378707573332e+00
4.8640633929223735520964e+00
4.8603061859975946745749e+00
4.8598075491952554827435e+00
4.8597707084650467734832e+00
4.8623800758004129818346e+00
4.8624550703870674794871e+00
4.8669956308703774539026e+00
4.8631941694665794528873e+00
4.8653820643291512126893e+00
4.8650121780005282090542e+00
4.8667795430113667265459e+00
4.8678712627349840502688e+00
4.8653951435163040883936e+00
4.8641753751166474373235e+00
4.8617408846360898877492e+00
4.8576909134324974814945e+00
4.8602407195120695959645e+00
4.8610710196945241534650e+00
4.8637270779694992128839e+00
4.8611535334299817989745e+00
4.8623856852142388618176e+00
4.8633827873761834581501e+00
4.8658918220781792740581e+00
4.8669503392399002805746e+00
4.8658872444923328970390e+00
4.8613345101315594831703e+00
4.8591939574283697922397e+00
4.8574895812614373724614e+00
4.8584855909080486568996e+00
4.8607776498885240101799e+00
4.8603208779561350993959e+00
4.8588482451615169210868e+00
4.8611975420170505657325e+00
4.8613428440022925514086e+00
4.8636845231826102420314e+00
4.8688475499468095719635e+00
4.8708794295749759939440e+00
4.8653019793543448301421e+00
4.8622107660232503079101e+00
4.8606298435265404833672e+00
4.8600139471088672493693e+00
4.8629350456253144230345e+00
4.8613547506714240853398e+00
4.8581245221561504266106e+00
4.8619790875351238668145e+00
4.8613246600534347763301e+00
4.8641320349817060986197e+00
4.8655159680588360160414e+00
4.8645376417380692402048e+00
4.8594399005776747202390e+00
4.8578139205979367076793e+00
4.8587924003497020564168e+00
4.8619339093069005031111e+00
4.8604794348005571080762e+00
4.8595499943051549962547e+00
4.8615213544923312483093e+00
4.8605279548901672015404e+00
4.8620500043548720014996e+00
4.8640541268678676445347e+00
4.8677441748755789774350e+00
4.8640623401413058957132e+00
4.8623265907690251808049e+00
4.8607986111217247326977e+00
4.8584166737173735128863e+00
4.8588864581295725386667e+00
4.8591141297452189462547e+00
4.8579906594012625120627e+00
4.8605360819368303992860e+00
4.8624936794823945263033e+00
4.8628340395085176695034e+00
4.8667432375879151607023e+00
4.8700340384317781783352e+00
4.8633047808073603945900e+00
4.8590549750604106193919e+00
4.8577710221875802787395e+00
4.8594862612964098147472e+00
4.8603198961502753761010e+00
4.8595566986507199302991e+00
4.8585951274315837267181e+00
4.8605313670334560072206e+00
4.8624762182174645630539e+00
4.8634928297399300234360e+00
4.8687124683410045733467e+00
4.8628769245936274145947e+00
4.8584857183620844267580e+00
4.8599070520352150026611e+00
4.8576504971875804628212e+00
4.8602143632432621700445e+00
4.8592476829304560581591e+00
4.8584362831764327239625e+00
4.8586329137628503360702e+00
4.8636331428125743059354e+00
4.8627371794332931997928e+00
4.8641989778153300605368e+00
4.8643481603772587007484e+00
4.8622239793805972496443e+00
4.8604584998226227909868e+00
4.8596903912021982563374e+00
4.8592848183091019720337e+00
4.8579587344622376932080e+00
4.8600174808229166245610e+00
4.8600383008951428820410e+00
4.8643126348328609154237e+00
4.8652226151079549509859e+00
4.8670991450610925355136e+00
4.8696548345872763263742e+00
4.8695781911037325784264e+00
4.8667571693231499452281e+00
4.8612918929762161113217e+00
4.8604748237796915333320e+00
4.8578212867666490382135e+00
4.8591339675578719692339e+00
4.8620752587898250496323e+00
4.8626891245812284836347e+00
4.8620327164167802536099e+00
4.8648682317634603933243e+00
4.8664911385611056005018e+00
4.8671202599580105641053e+00
4.8703753585174798246271e+00
4.8642335709419493028349e+00
4.8611149433098264083242e+00
4.8578009961856185583429e+00
4.8583301335500523876476e+00
4.8576195909321127075486e+00
4.8596199383438465346785e+00
4.8572885500226172794669e+00
4.8611832116897266686806e+00
4.8643759596972104830570e+00
4.8649946477971379721339e+00
4.8690959968685652015097e+00
4.8681399249116044103403e+00
4.8623662431829570707009e+00
4.8598173713488828084905e+00
4.8568353170449780620288e+00
4.8571855066793805377756e+00
4.8556540483223358251053e+00
4.8578060823500139875364e+00
4.8580513824445645809647e+00
4.8623756699606532905023e+00
4.8628589082567090784437e+00
4.8652467201128954954470e+00
4.8693801762521600196010e+00
4.8647671496042743655153e+00
4.8614007896254900487065e+00
4.8574271161990747458503e+00
4.8540318715762342804965e+00
4.8546271951502637520548e+00
4.8566187398827009857882e+00
4.8564570202456653902345e+00
4.8566219953914568918663e+00
4.8636007223946915445367e+00
4.8613466731326866465679e+00
4.8647681761779795195366e+00
4.8669067593689696593628e+00
4.8627035841013599437588e+00
4.8609520224700251134209e+00
4.8569737259409127005938e+00
4.8569120867420583209650e+00
4.8552969676096342510618e+00
4.8581144986565405474721e+00
4.8566362191283483085158e+00
4.8595692769783127573646e+00
4.8620430713542424072671e+00
4.8663025797565717667226e+00
4.8685023814039354306260e+00
4.8732126772128268044071e+00
4.8693858074320690576542e+00
4.8634617992161350841229e+00
4.8607330574168212677932e+00
4.8596102380073906701341e+00
4.8607411316551427660215e+00
4.8621088255980655645772e+00
4.8618186320109071374418e+00
4.8606398149269232078495e+00
4.8666755696176435819211e+00
4.8672208094088231788987e+00
4.8695905916766761833969e+00
4.8682917566922911944971e+00
4.8650807525151096299965e+00
4.8627000474284107767176e+00
4.8587692572621570263891e+00
4.8573633838804317619520e+00
4.8558328790609008862589e+00
4.8560536599801249479924e+00
4.8532662239715866903111e+00
4.8575175261611143184837e+00
4.8554000454706063294452e+00
4.8603440598137677142176e+00
4.8641606316928509556874e+00
4.8625841345970224338657e+00
4.8617915210120923319437e+00
4.8618831100704715808547e+00
4.8592942678983890303357e+00
4.8610742387871876957206e+00
4.8618575643984396350561e+00
4.8600583033766406870768e+00
4.8598385354168875949199e+00
4.8608419500352004760657e+00
4.8628499134943652393304e+00
4.8654609762191514121810e+00
4.8681637760190783481562e+00
4.8639119613533221553325e+00
4.8586341624604498790063e+00
4.8609443207730684832768e+00
4.8573416472263692966749e+00
4.8581815547961895163098e+00
4.8614665243016412787824e+00
4.8600142033264690510919e+00
4.8579936371213072732189e+00
4.8618849686026344159018e+00
4.8625539370491788204731e+00
4.8630025049839256112705e+00
4.8666869717387299942857e+00
4.8670432726853061211614e+00
4.8628062084663232766957e+00
4.8614500008589853763397e+00
4.8618339604244287244228e+00
4.8629070876704592052420e+00
4.8634329218200385014370e+00
4.8618167236106968331910e+00
4.8629080243035982533684e+00
4.8653342076410694971855e+00
4.8731746365293702183408e+00
4.8685780897194357308422e+00
4.8684412982989337947970e+00
4.8664718778763020878841e+00
4.8620338634772455321809e+00
4.8600947958435298801305e+00
4.8576701435983364874005e+00
4.8582206016281261895529e+00
4.8618684705528512068895e+00
4.8605564514792041208580e+00
4.8621780881366305493430e+00
4.8639537465167448360148e+00
4.8655143931463422646289e+00
4.8666742176710524603322e+00
4.8624381792106126098929e+00
4.8600729427635291912679e+00
4.8551233984203934213042e+00
4.8548464967925726298859e+00
4.8554697649113451873859e+00
4.8554675095874078039060e+00
4.8574922972377470031802e+00
4.8583470110151525389597e+00
4.8629956031010772576906e+00
4.8634463226674968794327e+00
4.8639444658826871403789e+00
4.8647564454307481440765e+00
4.8640493156857340650845e+00
4.8593708440646059543155e+00
4.8559065757604891189203e+00
4.8526300905574277777532e+00
4.8540740056202151819775e+00
4.8589374406633734082561e+00
4.8585544893596708249106e+00
4.8584188656258522343023e+00
4.8611987930579605432513e+00
4.8635985929697955754136e+00
4.8640901193815153646938e+00
4.8689860557145516750666e+00
4.8688020944337875306474e+00
4.8663009825847494127515e+00
4.8626810591321136811871e+00
4.8591250531107172960787e+00
4.8576334223084138841386e+00
4.8562538596327975426448e+00
4.8563580596911437581298e+00
4.8594537669127735313168e+00
4.8587797688929912354183e+00
4.8607891883078240269356e+00
4.8627492965226180032801e+00
4.8652000859175004165991e+00
4.8628162894046562669814e+00
4.8591742259219321553587e+00
4.8570524982346734432781e+00
4.8584578075525550744374e+00
4.8573111965687676416792e+00
4.8576691710641979327079e+00
4.8580690492723030970978e+00
4.8618920924904474034633e+00
4.8656496605542898237218e+00
4.8648827700615564495479e+00
4.8648346744740349478775e+00
4.8681898475837428463819e+00
4.8657445805272150352039e+00
4.8594666098705925350032e+00
4.8588075991298369515903e+00
4.8556724767127041886283e+00
4.8569081613461833057954e+00
4.8580470875346133396988e+00
4.8566569775500640915311e+00
4.8584211029280632843097e+00
4.8611575566750557797491e+00
4.8635789865207907922695e+00
4.8655657881556333421713e+00
4.8705630214661059795844e+00
4.8667851428178092731969e+00
4.8623685970073911022382e+00
4.8592070305953418696276e+00
4.8566955049228575092002e+00
4.8591911850058036037581e+00
4.8603418196899461634075e+00
4.8587038985754480435730e+00
4.8604851041450558568613e+00
4.8589032748426079777460e+00
4.8596969995614802684258e+00
4.8642180545702506933026e+00
4.8617773769367875758007e+00
4.8598170549734733825176e+00
4.8558959918295681035261e+00
4.8548261009750275363217e+00
4.8544945967228176897379e+00
4.8549431910459643901845e+00
4.8579535143012568809695e+00
4.8573904697515049022627e+00
4.8610272741252043005034e+00
4.8598470787348437838205e+00
4.8642575653329656049095e+00
4.8615245921035326048809e+00
4.8597611186522975401658e+00
4.8568989739698533725232e+00
4.8571299461786408002695e+00
4.8586474021679251222849e+00
4.8596793214727629361960e+00
4.8614910954749763760674e+00
4.8611330603120697091413e+00
4.8619640096113752036899e+00
4.8621329420594516790288e+00
4.8638193645289247157848e+00
4.8659779504771538682917e+00
4.8678474285801049958877e+00
4.8648269352163175938131e+00
4.8615215388660830697631e+00
4.8573352918621015561484e+00
4.8560190719425877503568e+00
4.8604797879445245101238e+00
4.8623576694593024782876e+00
4.8628825339214358791651e+00
4.8612213320462851484649e+00
4.8607350246187728259883e+00
4.8604170431725242096377e+00
4.8637622612098638796851e+00
4.8677187155169407972721e+00
4.8634178043984350736650e+00
4.8584777885409859976562e+00
4.8565000200225920679031e+00
4.8554170409424592946834e+00
4.8568549739263682241130e+00
4.8579739775468899765087e+00
4.8569838894857042532749e+00
4.8576912198814730103891e+00
4.8592323353169240007787e+00
4.8618216449729185768547e+00
4.8669282091872787532338e+00
4.8658104125922276850247e+00
4.8582964710744924730079e+00
4.8533143582769175949920e+00
4.8531953409153150147404e+00
4.8551500456170719743909e+00
4.8553312991081920557690e+00
4.8577643470650029300373e+00
4.8577857510100441729151e+00
4.8576286611510894886123e+00
4.8593413618544811782840e+00
4.8621565791183742888393e+00
4.8620966072770368526790e+00
4.8582783917770768766786e+00
4.8563466832736983391783e+00
4.8551081710679451219903e+00
4.8529269817994560298757e+00
4.8533625797015327307804e+00
4.8531715162979969235835e+00
4.8563320152016702380138e+00
4.8571575808750191427521e+00
4.8576974982903431410364e+00
4.8557754649612139274950e+00
4.8582655166488732945140e+00
4.8614828805764966901393e+00
4.8650622166495143261500e+00
4.8596402297512844015159e+00
4.8579371440046763552800e+00
4.8554262852647323001065e+00
4.8579046544326098810984e+00
4.8599353751990728156329e+00
4.8583067850911589857787e+00
4.8575003922869228745185e+00
4.8607738297028477703066e+00
4.8601945374471338112699e+00
4.8636693831938977439222e+00
4.8684204478770753965478e+00
4.8647596178838510283526e+00
4.8601124137043623107957e+00
4.8559542996344644549822e+00
4.8557412473439205413683e+00
4.8571402813417758892456e+00
4.8580173353983635564646e+00
4.8532165671654539096380e+00
4.8572867005497339931708e+00
4.8593502908975825249627e+00
4.8606390263633016957101e+00
4.8636265931737341361440e+00
4.8610600285560083833047e+00
4.8581008524597244502274e+00
4.8589341735328908100655e+00
4.8587292174213532192084e+00
4.8605911973447586404973e+00
4.8586401269522747625729e+00
4.8589262310816225820531e+00
4.8556768224422395263673e+00
4.8560164441459532369549e+00
4.8571364596052530870907e+00
4.8575623928205873269803e+00
4.8569279674806411506438e+00
4.8547399546727731944884e+00
4.8538088919180069069625e+00
4.8535141272493342867733e+00
4.8541338654882082437325e+00
4.8558599701108660084969e+00
4.8551203514875718170174e+00
4.8591092292323443402324e+00
4.8605754576758801732694e+00
4.8601561623183915372692e+00
4.8606143202535312397572e+00
4.8607683432345956120457e+00
4.8647019212652109487749e+00
4.8621271748883128083207e+00
4.8573469916782032740343e+00
4.8581919640624144918206e+00
4.8578782842396872609925e+00
4.8578630398095139497627e+00
4.8619756554655850777635e+00
4.8576084311018838945984e+00
4.8588107713892307870651e+00
4.8618718366687829757211e+00
4.8614390399464175729349e+00
4.8639112912895852147699e+00
4.8625742324613154821122e+00
4.8604371149283158715093e+00
4.8583748363805785430714e+00
4.8571825949758755669450e+00
4.8586178057835551769017e+00
4.8579767309075592152112e+00
4.8576604015953366300096e+00
4.8567349579938889903019e+00
4.8598992606891675549718e+00
4.8614259979036900105598e+00
4.8621278563801491046092e+00
4.8650118564540898447035e+00
4.8639850539639528648195e+00
4.8594165375990856503563e+00
4.8558071610857336253275e+00
4.8537772122834628163446e+00
4.8573582790509135520551e+00
4.8570409925267545858674e+00
4.8590864500640895684569e+00
4.8574403339925575906477e+00
4.8620577889619491784856e+00
4.8629890197968546061702e+00
4.8669000321297684052979e+00
4.8657029837503005254007e+00
4.8623419826186120573652e+00
4.8571773555253292542488e+00
4.8563247028574707542248e+00
4.8566703841950689124474e+00
4.8530339177097872038757e+00
4.8576848668717964585539e+00
4.8596359387202001656192e+00
4.8580165316759051918893e+00
4.8580788138944823728593e+00
4.8579589890153327402800e+00
4.8610982756458520626097e+00
4.8632465717976822716651e+00
4.8647509293147912501354e+00
4.8604261555438981190491e+00
4.8579029477475552667443e+00
4.8540879339926474855815e+00
4.8536405408313179066226e+00
4.8541376712810935245557e+00
4.8543533248290113846224e+00
4.8589625489361738530647e+00
4.8606173383474002847038e+00
4.8645362866073718066673e+00
4.8693869822212443310150e+00
4.8686059428938177617852e+00
4.8653321080089133587876e+00
4.8574112928601440586363e+00
4.8562304455725042728886e+00
4.8548060291559274048723e+00
4.8547801405875388169875e+00
4.8552887444928742866068e+00
4.8564384182693602909353e+00
4.8591890971187776671059e+00
4.8597560625652702626098e+00
4.8593911174639439209955e+00
4.8619876225530394009411e+00
4.8655287933863862193107e+00
4.8639585468061277140350e+00
4.8627250073811154607029e+00
4.8591126953572931768122e+00
4.8585592924636369360769e+00
4.8605180860002636933359e+00
4.8605271540628232074255e+00
4.8579268504057271371721e+00
4.8618497277866925543321e+00
4.8633948872405907692951e+00
4.8668273006758688836726e+00
4.8669787669592894374659e+00
4.8647337619995640878301e+00
4.8624661845203673848914e+00
4.8589037950323241688011e+00
4.8551651183798627542387e+00
4.8562750219381793925777e+00
4.8573608142897910511238e+00
4.8606096117509522969158e+00
4.8565031079964429139295e+00
4.8581975596504438641432e+00
4.8618553931474721707673e+00
4.8639506055211363388935e+00
4.8690812456004577413182e+00
4.8678576297783360260496e+00
4.8639632733361395366956e+00
4.8594322140714831803621e+00
4.8579270515973762556428e+00
4.8579453436089243822948e+00
4.8599569982359698272489e+00
4.8593066719784037132968e+00
4.8599297455428338565753e+00
4.8607476341739470626635e+00
4.8595654694761183378660e+00
4.8594831420870034932591e+00
4.8587279935481939574515e+00
4.8571874361502977990313e+00
4.8533141570394713326664e+00
4.8537133580685933864629e+00
4.8522800203178872990861e+00
4.8540649594533551436371e+00
4.8573417973316121987182e+00
4.8557076353819201841588e+00
4.8572437992406563012082e+00
4.8574535306954116364864e+00
4.8596814841894229175523e+00
4.8620602420754712724715e+00
4.8630082307216691006602e+00
4.8621459475579937858924e+00
4.8588572777998964014046e+00
4.8560788687515019645957e+00
4.8530144260160987812469e+00
4.8566945022437479906330e+00
4.8571446181425708132906e+00
4.8606297957000954568230e+00
4.8586428429171562015654e+00
4.8628195300327519134953e+00
4.8654477811654999186430e+00
4.8676618570033074462344e+00
4.8656279149680550233370e+00
4.8630055664037454832282e+00
4.8590800127286239984414e+00
4.8575174020324096701984e+00
4.8579756932265789615144e+00
4.8580361316067053323309e+00
4.8587591012755542152490e+00
4.8585682696327374685552e+00
4.8588437945065638956521e+00
4.8625677655059025283890e+00
4.8623419619505821032135e+00
4.8624554607302430397908e+00
4.8607756226439535751638e+00
4.8598989025971803812354e+00
4.8560709275461464429213e+00
4.8540920067197070864040e+00
4.8561478542964513493985e+00
4.8590659047729483077660e+00
4.8582372998914120643121e+00
4.8600609737733169168905e+00
4.8633456643690768927968e+00
4.8665168773658766809831e+00
4.8699626919675509384433e+00
4.8688389664013822510924e+00
4.8655397438402241405697e+00
4.8609395343306163184138e+00
4.8603178830110245201013e+00
4.8582364393821482195790e+00
4.8578140563487623992955e+00
4.8597048045205477606601e+00
4.8596788791715450628317e+00
4.8595704289346137727534e+00
4.8623465898288165121244e+00
4.8636143645060698759153e+00
4.8654650635764760124857e+00
4.8665846544890323244204e+00
4.8646961361384937205798e+00
4.8596546115448555624994e+00
4.8577453203935094805388e+00
4.8563045026760738309690e+00
4.8567653560046455396559e+00
4.8587945378803460982908e+00
4.8560173786112628135925e+00
4.8610104245802254752107e+00
4.8622279454807522114379e+00
4.8612827689366540084848e+00
4.8618693814933457986172e+00
4.8678156125397178399794e+00
4.8661490575620209853014e+00
4.8611164197766187911043e+00
4.8582664304477711780805e+00
4.8570349839112783030259e+00
4.8565083921081795281793e+00
4.8612288034172177475511e+00
4.8600466138095104184913e+00
4.8617830183817050127004e+00
4.8615119497499854617217e+00
4.8634375447152145000018e+00
4.8648884324256425060184e+00
4.8643031584463001237850e+00
4.8624220981917760653346e+00
4.8597260531433503771837e+00
4.8548381694647533279863e+00
4.8546618307507038991844e+00
4.8535955661541150263361e+00
4.8537690711924543762734e+00
4.8538537253542148874885e+00
4.8609241648796048806958e+00
4.8633410332578366208622e+00
4.8670019520341520902207e+00
4.8674679551013451117569e+00
4.8678552581237113372481e+00
4.8636883091710947368824e+00
4.8604223604745726561305e+00
4.8579210163495778473930e+00
4.8596930226149845921668e+00
4.8621754458405854748548e+00
4.8606888789065143541279e+00
4.8587558719866299483670e+00
4.8584156697292861792903e+00
4.8601224115180192697494e+00
4.8625302784601069916448e+00
4.8653977396006169442444e+00
4.8641436151267392062891e+00
4.8594546354502581309021e+00
4.8534499639579928853550e+00
4.8537585268916094705105e+00
4.8529537975050214271278e+00
4.8554868595300479938714e+00
4.8551992778646422266320e+00
4.8569258506909331885026e+00
4.8563646119477805740416e+00
4.8577293111413579751456e+00
4.8610505639268755118110e+00
4.8648510696134188435735e+00
4.8640277875761688264333e+00
4.8592460512039892250868e+00
4.8568732530236200517493e+00
4.8548093406020091933328e+00
4.8540156687669622215253e+00
4.8573519103272113639491e+00
4.8575598553939993706763e+00
4.8587929166094889765759e+00
4.8614260613944741962200e+00
4.8627045116658731416237e+00
4.8642557340810874677572e+00
4.8629524940528208176715e+00
4.8597368703482199947530e+00
4.8569953593674934921864e+00
4.8534312095107088325108e+00
4.8564487715992257221842e+00
4.8542539152955912484799e+00
4.8514504023851854341842e+00
4.8498670356009956350363e+00
4.8543619499322323562751e+00
4.8575706852482314346275e+00
4.8584097864493385188212e+00
4.8640911114850426955059e+00
4.8608292783430018246804e+00
4.8586458388026541044269e+00
4.8532023280630207651143e+00
4.8507007063656315537514e+00
4.8499306989634645148612e+00
4.8509021315507778737697e+00
4.8523304044596455852911e+00
4.8539210872026767873422e+00
4.8586435072751630315224e+00
4.8615584087421614967184e+00
4.8653144217620329925467e+00
4.8674812895625354514095e+00
4.8621008901752507114224e+00
4.8556345792741275602111e+00
4.8533217045853351834239e+00
4.8533916465995723399374e+00
4.8527623585261849825656e+00
4.8556213585719794068041e+00
4.8575903277784853173671e+00
4.8623776173453432392080e+00
4.8616092373279329308389e+00
4.8637236286573370946940e+00
4.8647877807338106848078e+00
4.8667161428314766880021e+00
4.8615352438107439780879e+00
4.8563482992457105424933e+00
4.8535618107304348001207e+00
4.8572976189420238313232e+00
4.8574618290466080594570e+00
4.8595350080152961425028e+00
4.8562189124419044006231e+00
4.8616060073735551938512e+00
4.8608969904369381254128e+00
4.8665081818568207694398e+00
4.8665923117850482526592e+00
4.8653813777150842767583e+00
4.8584739354588961646186e+00
4.8554309544997655834209e+00
4.8551015212065813386744e+00
4.8572439976033372488473e+00
4.8569066102806832674332e+00
4.8565294833569385701821e+00
4.8588681309697303589701e+00
4.8578500757039888569011e+00
4.8594219498278947710901e+00
4.8598361470715074617033e+00
4.8620792785073758679459e+00
4.8612554958021778617194e+00
4.8603569601036085146006e+00
4.8539248853440177811081e+00
4.8548699540109829797530e+00
4.8529283146500912238253e+00
4.8548056952338232150623e+00
4.8546739340027089681939e+00
4.8568829834078641738415e+00
4.8610722528022272115322e+00
4.8657444634004125560978e+00
4.8669426272291627100230e+00
4.8690295327942667569232e+00
4.8642636063588424732984e+00
4.8590517181350474373858e+00
4.8565454843899535930518e+00
4.8597910108515085525482e+00
4.8611126108050619620826e+00
4.8604523022723364888975e+00
4.8566696040832892933281e+00
4.8561644106424379785381e+00
4.8581545742900731355007e+00
4.8616782040267372266840e+00
4.8670400859731781650908e+00
4.8684162602559712951233e+00
4.8635348615528224414106e+00
4.8585917019831530438978e+00
4.8546555389898484733635e+00
4.8558605259154141720046e+00
4.8543107602283681600852e+00
4.8542243542793430677307e+00
4.8546871724817108884054e+00
4.8577757213957806214921e+00
4.8606330031099487243296e+00
4.8632059418672550776819e+00
4.8647802773443329371617e+00
4.8595796281240142278079e+00
4.8555185147751611651756e+00
4.8522002875576237812538e+00
4.8522164808670629199128e+00
4.8506571550479860022165e+00
4.8510845410475775807413e+00
4.8513385084538169778057e+00
4.8515032670401776471181e+00
4.8593027305098219770230e+00
4.8615947102291423576048e+00
4.8651372201133362693781e+00
4.8662084600528059397107e+00
4.8612480265913244892317e+00
4.8593137970779487488926e+00
4.8608555582069010725377e+00
4.8596131659584154149911e+00
4.8578498497524638111145e+00
4.8599090477035602475553e+00
4.8573741577958671200577e+00
4.8574764210086351923223e+00
4.8581757992754850405959e+00
4.8612903958930191450349e+00
4.8639720206657584000709e+00
4.8654702524227415594282e+00
4.8640552389097120311590e+00
4.8578045913916145792655e+00
4.8549367570000647731376e+00
4.8546879259009525497959e+00
4.8554159895852304629216e+00
4.8555704077553576425430e+00
4.8571799483813311582026e+00
4.8587558284595617763557e+00
4.8602778970738231834048e+00
4.8608844027151754119132e+00
4.8642753633942374946741e+00
4.8631923999565147553881e+00
4.8634052033198029718619e+00
4.8603258635089758854519e+00
4.8583192782977331347638e+00
4.8597356741170729677037e+00
4.8572738149924941097879e+00
4.8582662793002837631207e+00
4.8597459243966456554631e+00
4.8620354880975265032816e+00
4.8639899132139898796368e+00
4.8668371193523629614219e+00
4.8669310743088276538515e+00
4.8622115056309445080274e+00
4.8559332920954298984384e+00
4.8549339321380893252922e+00
4.8541965797278878724796e+00
4.8534070849601205210888e+00
4.8562701769987839384157e+00
4.8536332802559130072950e+00
4.8544330409420339833559e+00
4.8566474224982165708298e+00
4.8622278890232522030601e+00
4.8648301002335001541610e+00
4.8627554825562153695273e+00
4.8617577776303333436658e+00
4.8553128139884753622368e+00
4.8532326399899146096573e+00
4.8535003282810791347401e+00
4.8547595226581607974481e+00
4.8531306307983204106904e+00
4.8496277088764516705055e+00
4.8505823662422553610440e+00
4.8533791035159383753239e+00
4.8576510108568662360540e+00
4.8615827078641808967063e+00
4.8637655127603913740586e+00
4.8623337009250731099996e+00
4.8574581044699360887762e+00
4.8557052838167695796301e+00
4.8551518479839597119962e+00
4.8535967748978983138386e+00
4.8533774717998934278285e+00
4.8548432119348561286643e+00
4.8552106962253214206271e+00
4.8595549878114603359336e+00
4.8586394849782106319935e+00
4.8589494368039440885809e+00
4.8558347405230248838848e+00
4.8523595162139097070053e+00
4.8510165374155178596993e+00
4.8514385056563202880398e+00
4.8550853768282520306343e+00
4.8549712238570803535254e+00
4.8578672549377639455770e+00
4.8579786199578167682489e+00
4.8625871322976843558195e+00
4.8629707788376261845542e+00
4.8631494559142236511207e+00
4.8644604931593784513666e+00
4.8625991851749512662195e+00
4.8558439801397925705828e+00
4.8548964342158544837957e+00
4.8530568420402433460481e+00
4.8540862693065776056756e+00
4.8542552149410314044076e+00
4.8527006278566542363251e+00
4.8541714352957265887767e+00
4.8581255147581767772635e+00
4.8622479729570136086636e+00
4.8669668311473994748440e+00
4.8674347688788284216344e+00
4.8647606113495989177409e+00
4.8595885541346106606397e+00
4.8577083481780665152883e+00
4.8553863657758862260039e+00
4.8561309645101689014268e+00
4.8571332954682908678024e+00
4.8576666402809980382926e+00
4.8588861668740710442194e+00
4.8618498854378371376583e+00
4.8630405573074666492062e+00
4.8655295357944572387510e+00
4.8690719737084258156301e+00
4.8635484618188655758786e+00
4.8583379166611031507728e+00
4.8573765696943889125237e+00
4.8553109372188227865763e+00
4.8576154157730577765051e+00
4.8600808604112621935656e+00
4.8647545780918957092354e+00
4.8625387781074742576948e+00
4.8651109435298414140902e+00
4.8654782625445083255045e+00
4.8656510692612728874451e+00
4.8616458848306063345035e+00
4.8588065030043212644273e+00
4.8554978442938327987122e+00
4.8527572961958389541337e+00
4.8546156520037255788225e+00
4.8533824950198427572445e+00
4.8533115757253657562842e+00
4.8577741541524419588427e+00
4.8607254747471770883749e+00
4.8642576179930978597099e+00
4.8686019311830106559569e+00
4.8702736471420466912718e+00
4.8664679343104779718487e+00
4.8595787047349450205047e+00
4.8570672672305459371955e+00
4.8581167180351805257033e+00
4.8575158080482481182116e+00
4.8595170155793114830090e+00
4.8560346118515154145712e+00
4.8563917965994649605932e+00
4.8583833090906241025664e+00
4.8571640103068336458136e+00
4.8597554850415383143059e+00
4.8621557097820806703226e+00
4.8598630130537587845652e+00
4.8586266585954351882037e+00
4.8590109826705178974748e+00
4.8612182611556971068012e+00
4.8633089805711318120984e+00
4.8640165242144268731295e+00
4.8595067192754015650280e+00
4.8615347442166845226552e+00
4.8624393254008175802028e+00
4.8646396888027796379106e+00
4.8651430889529025947127e+00
4.8624790064837375425100e+00
4.8574522620616660262272e+00
4.8543972930298426859963e+00
4.8515864825497798662468e+00
4.8508951948463652215082e+00
4.8500478939467850381106e+00
4.8490128968477890225586e+00
4.8501418310338522132952e+00
4.8556388247582713546535e+00
4.8559883845094580223645e+00
4.8594462693217357340814e+00
4.8602556698572474402908e+00
4.8600698543520151062580e+00
4.8566199106061471724161e+00
4.8562261014708401063444e+00
4.8564542553825091886210e+00
4.8545256867058652616720e+00
4.8565512089080353774762e+00
4.8536964238735409438164e+00
4.8543964783135331586550e+00
4.8565017996893287133275e+00
4.8568289521861087720822e+00
4.8565128802999799617623e+00
4.8579313295447343890032e+00
4.8564186956586867793817e+00
4.8539989852721037166816e+00
4.8517192125081924913843e+00
4.8523766873989533365830e+00
4.8516952672528939061181e+00
4.8542525013025592528493e+00
4.8532935314798795189972e+00
4.8553636984863741687946e+00
4.8577584114769685186275e+00
4.8573025891974230816572e+00
4.8567061825353770032621e+00
4.8588434240257667440233e+00
4.8567770588441598889062e+00
4.8532079392130498263214e+00
4.8504479506365782981447e+00
4.8508993848337125243120e+00
4.8526595242890646630940e+00
4.8525561025498067380113e+00
4.8510876844726231738036e+00
4.8533435632720420827013e+00
4.8553218341866202223400e+00
4.8570915135513050842064e+00
4.8602272653539806412937e+00
4.8583240929743256586448e+00
4.8519140489562095908127e+00
4.8507614158699121631457e+00
4.8548581268961434886933e+00
4.8555592792322377349024e+00
4.8559949830480277910283e+00
4.8607507575263024790502e+00
4.8582332407342647684345e+00
4.8627231424366899048550e+00
4.8624982831360821222688e+00
4.8610697934501017059006e+00
4.8623154363707872249734e+00
4.8572869212821281337256e+00
4.8525328304058588102521e+00
4.8523779429072053659411e+00
4.8490426840328346713704e+00
4.8520157020724736796069e+00
4.8540112653158145050725e+00
4.8533572723974316431850e+00
4.8544176276775958811527e+00
4.8566976648220281376211e+00
4.8578269711071877523523e+00
4.8605493401939918740595e+00
4.8633130520069673963235e+00
4.8630767642710592824074e+00
4.8604276729259074940614e+00
4.8592240752182442875551e+00
4.8572793704360108790752e+00
4.8581904844865153592082e+00
4.8594598516814029309785e+00
4.8559410114322858476044e+00
4.8578284443319130758709e+00
4.8561032963535755158091e+00
4.8564446635165685606239e+00
4.8588890671139113308641e+00
4.8584106800886646126969e+00
4.8531922703657404127853e+00
4.8516636443618308405235e+00
4.8505967735591974943077e+00
4.8510659657703287805930e+00
4.8513596830946932314532e+00
4.8485264866041921649753e+00
4.8514143619339487045750e+00
4.8580932285944884441165e+00
4.8593206979152503421915e+00
4.8618953818496528640480e+00
4.8653219660493558507142e+00
4.8626825104032889157679e+00
4.8594672515950039226595e+00
4.8536720744953685269252e+00
4.8523009917913419997149e+00
4.8548612238695545428868e+00
4.8567396933028543770661e+00
4.8545195333924926472946e+00
4.8544732733581517081234e+00
4.8550532045973948669371e+00
4.8573766516121272829309e+00
4.8587082242413339727705e+00
4.8604062854654932479548e+00
4.8607412687030020492784e+00
4.8561356292844299886724e+00
4.8530799804366626659657e+00
4.8543660490341213886722e+00
4.8563491855642659800196e+00
4.8590855960944567826232e+00
4.8572462681986525723232e+00
4.8598249910130464357394e+00
4.8585034504200050875511e+00
4.8603092217826917575962e+00
4.8628272489127031263934e+00
4.8637066585388435413506e+00
4.8572864129879613770413e+00
4.8571506131975192843697e+00
4.8547731906934288304001e+00
4.8569288670810779606768e+00
4.8582622572518125991792e+00
4.8584933189820036503193e+00
4.8590991483962273633779e+00
4.8589984438710756009527e+00
4.8591820087793360372075e+00
4.8604253845784066712099e+00
4.8659067855713837857934e+00
4.8647577839388027598488e+00
4.8581632939573680118883e+00
4.8578992132653269209186e+00
4.8571262598522757514274e+00
4.8562572304549735946466e+00
4.8580715050531821930235e+00
4.8545863106948550225184e+00
4.8545631721576372186178e+00
4.8563956085779240723355e+00
4.8587371952209776893028e+00
4.8620235853064333042539e+00
4.8614611601924613282222e+00
4.8564103445654369650697e+00
4.8532482093028681546798e+00
4.8513033556099820486907e+00
4.8520154486359947654250e+00
4.8531650374950725534973e+00
4.8550851504484420217977e+00
4.8546181537328445543267e+00
4.8572938716792588564886e+00
4.8596310191405072131943e+00
4.8596355591720570288317e+00
4.8599225442000797414721e+00
4.8607058882851248426960e+00
4.8574611761712365165522e+00
4.8559266217263195031251e+00
4.8561356801134385463570e+00
4.8527349375168897793742e+00
4.8545039902404143461467e+00
4.8533147510148113568107e+00
4.8520139677653801868473e+00
4.8510435940234319929232e+00
4.8491187531268664656636e+00
4.8510373764281755626371e+00
4.8569250471714866534967e+00
4.8568105113103552383791e+00
4.8560199423665624252067e+00
4.8551887859338620501148e+00
4.8551920316189445259170e+00
4.8552358604410148501529e+00
4.8573889650495036818256e+00
4.8577409667497661871494e+00
4.8543683311515986034124e+00
4.8572194738040339601071e+00
4.8589734899051801875203e+00
4.8610491053865212407459e+00
4.8595349614558118744867e+00
4.8580797848314292153304e+00
4.8571043086872869309900e+00
4.8539094762430865515057e+00
4.8529213855449713221901e+00
4.8515990664188173298044e+00
4.8523067725490820478740e+00
4.8507265271437463027837e+00
4.8532352082384715430408e+00
4.8562860291610965290943e+00
4.8597527727297622490710e+00
4.8583425976361489517785e+00
4.8590480361820462817946e+00
4.8546952613758911354580e+00
4.8569346873460492730601e+00
4.8542362880207763353724e+00
4.8552493661933668889219e+00
4.8546263374391145362097e+00
4.8536382065121701501198e+00
4.8522373114962569218278e+00
4.8554434180272858512240e+00
4.8571901684789757780436e+00
4.8598472741996445734003e+00
4.8616907154610640162673e+00
4.8614708944721520822441e+00
4.8583430394313866784728e+00
4.8603196232262275700009e+00
4.8584692491573493455803e+00
4.8587340513861017043951e+00
4.8584763380874944616039e+00
4.8572548988909067801956e+00
4.8567241187217788933594e+00
4.8614063437058163685833e+00
4.8608272799664833385691e+00
4.8612412150219865836220e+00
4.8633161721846240865830e+00
4.8590602106136957516469e+00
4.8525580762772344556311e+00
4.8524049767372421371192e+00
4.8523478773414483455895e+00
4.8540706654525882512985e+00
4.8547437868593519283422e+00
4.8551707127962693277823e+00
4.8573927937213268180017e+00
4.8586459396585821579606e+00
4.8610410490915958447999e+00
4.8599278391401785626158e+00
4.8611500678344210513160e+00
4.8584317285626159588219e+00
4.8551821190500703551152e+00
4.8529266422191996710467e+00
4.8536684997527617113633e+00
4.8533933322363740359151e+00
4.8528006601943758369089e+00
4.8525536909222521941842e+00
4.8581557964379937786248e+00
4.8644715552480608522501e+00
4.8648449842377061713705e+00
4.8673977465469979719614e+00
4.8627062127904663313416e+00
4.8572202840202800544489e+00
4.8575680429662577708427e+00
4.8576924019090412798505e+00
4.8566773637026816601292e+00
4.8579204889269922418293e+00
4.8553045977729567539427e+00
4.8559988660290134276920e+00
4.8588618723736178850459e+00
4.8602487591540945999213e+00
4.8601126816665063401501e+00
4.8621357086330831975829e+00
4.8592095108176511786269e+00
4.8572672381681778475127e+00
4.8574533061678595302624e+00
4.8539886419381916837779e+00
4.8546675746444813981384e+00
4.8559911801261490538195e+00
4.8545223689473662176397e+00
4.8566014954441785178574e+00
4.8593901191609356615686e+00
4.8630522600192822579857e+00
4.8636061530138388064870e+00
4.8623261980288647876591e+00
4.8582142800034251450825e+00
4.8519487337998121745386e+00
4.8506183351183320695554e+00
4.8515576277937650928607e+00
4.8519796535537818016337e+00
4.8515983388806107612368e+00
4.8542673272505476589345e+00
4.8565547975064884411722e+00
4.8584126173538937365493e+00
4.8596195873138876564212e+00
4.8622461148484177329010e+00
4.8597177729167144732969e+00
4.8551788425522088843422e+00
4.8574703787283315392642e+00
4.8545403571747192117414e+00
4.8530329579859392552521e+00
4.8523632785014365609300e+00
4.8537590962748176082187e+00
4.8535435325047959764788e+00
4.8550211502369737814888e+00
4.8567620310653767390363e+00
4.8588250361434548452166e+00
4.8590696496314471630740e+00
4.8574884284572981130168e+00
4.8530432444473428077458e+00
4.8538993531515117751951e+00
4.8517305695755403860403e+00
4.8503336243225811941215e+00
4.8495260314663015677183e+00
4.8476113838259475841141e+00
4.8487436738006417513702e+00
4.8518263261955967280414e+00
4.8525888056398684966553e+00
4.8551238097114319813841e+00
4.8572106022462406826889e+00
4.8576084309138041206211e+00
4.8540111706359656551513e+00
4.8521744701758091622423e+00
4.8530186735381599660855e+00
4.8562550042882364209618e+00
4.8584847168060676381174e+00
4.8594411314120184997023e+00
4.8599659759445694717783e+00
4.8635851490262904661677e+00
4.8614278014570500019431e+00
4.8617128397499236314161e+00
4.8579684814938621784108e+00
4.8565827676407389290603e+00
4.8517514772330025962788e+00
4.8518360402683393672874e+00
4.8512622439845296540284e+00
4.8534696423740486537213e+00
4.8531525901281904467055e+00
4.8543052035316378578500e+00
4.8522376206044537383377e+00
4.8538235042707036370757e+00
4.8541895978665330346757e+00
4.8582491026506851028444e+00
4.8567056852599694849459e+00
4.8534288188448542200604e+00
4.8518277509787415269216e+00
4.8518155183319224832417e+00
4.8512939965971906275399e+00
4.8530147568812669334193e+00
4.8516702263263651317970e+00
4.8544322085539119981945e+00
4.8560169276476372601792e+00
4.8584614946464323992359e+00
4.8609062726591707459534e+00
4.8616486000849468140927e+00
4.8597137282729505614043e+00
4.8565758257831062039145e+00
4.8562819306515612183262e+00
4.8562389954808455883040e+00
4.8548811316708935237330e+00
4.8561454690377825471614e+00
4.8551608126553293942607e+00
4.8558553587487924829702e+00
4.8585301513679937102097e+00
4.8627728154886247224908e+00
4.8632683498511450892465e+00
4.8646032030645969257421e+00
4.8632865499791639862792e+00
4.8582296234513044907999e+00
4.8553275675941822697723e+00
4.8532811149294516894770e+00
4.8545660352904418388675e+00
4.8550236364308743119977e+00
4.8571255178871979296673e+00
4.8586828354555624542854e+00
4.8662347413199977808063e+00
4.8643968895043672162615e+00
4.8657236348393695379855e+00
4.8630839608651328376254e+00
4.8592491284936620843382e+00
4.8559419963185668223105e+00
4.8524034578154582320053e+00
4.8537001666338603911299e+00
4.8555738297492530008981e+00
4.8534540480023471431537e+00
4.8549782181916238954500e+00
4.8577683572279406476468e+00
4.8558756010346497689056e+00
4.8569569401894785443119e+00
4.8530577680676829643858e+00
4.8550043802034847928439e+00
4.8525356758119819744479e+00
4.8549183401446303065541e+00
4.8544758989982099706140e+00
4.8555571552309784166823e+00
4.8552342928443206204747e+00
4.8579336000839221654246e+00
4.8567457698271718768979e+00
4.8591881663682006120553e+00
4.8592914841456282815102e+00
4.8620940932815193136207e+00
4.8633198288641033002477e+00
4.8610219863579349208749e+00
4.8568911484135677270046e+00
4.8533636114720746235207e+00
4.8538562850160094086505e+00
4.8552726563519792435386e+00
4.8579434780750201383626e+00
4.8551021151420661325915e+00
4.8566220722072870330521e+00
4.8584289842477872412019e+00
4.8620216704006500307855e+00
4.8649859541356272885082e+00
4.8640828528029498301066e+00
4.8582949578441150251251e+00
4.8505195440935002793026e+00
4.8488192533193625877175e+00
4.8482265763280647519196e+00
4.8498109983247212895208e+00
4.8518531825180346572779e+00
4.8547314827761010036511e+00
4.8583485042632412742591e+00
4.8576082786239203059608e+00
4.8579194193932631051780e+00
4.8605137353116587561885e+00
4.8565124582376109074744e+00
4.8524595523434843613586e+00
4.8523531129701193975734e+00
4.8509261216503958280555e+00
4.8512281354582329484515e+00
4.8552155979291100607043e+00
4.8528475048567063510063e+00
4.8572977794508460647194e+00
4.8570929943511007564894e+00
4.8589068025400008465908e+00
4.8574275940478868207606e+00
4.8572126477141672751259e+00
4.8527195405034921904530e+00
4.8502523298174091692658e+00
4.8490453386776373179146e+00
4.8489880541922900647478e+00
4.8486910738063278003551e+00
4.8512946156066201197632e+00
4.8504143628414766453716e+00
4.8551064401368657641456e+00
4.8556411925357085834776e+00
4.8579690953383574125723e+00
4.8609314509770760182050e+00
4.8632503914043514470222e+00
4.8566451335442133441234e+00
4.8532109138682111293406e+00
4.8509968312888505082014e+00
4.8521915496522805000268e+00
4.8563531719783821216652e+00
4.8565852386833565645929e+00
4.8545403526502690638722e+00
4.8563740157574013522890e+00
4.8557184054201014689056e+00
4.8562333309466971797974e+00
4.8626429135880462339969e+00
4.8626580081132928512488e+00
4.8540492365130276652962e+00
4.8517254332014072559787e+00
4.8518300451977509624157e+00
4.8525182603139205284037e+00
4.8565028113221373473607e+00
4.8556063033551195573523e+00
4.8540615976527181629763e+00
4.8564423053846965672165e+00
4.8602775550073058496992e+00
4.8639645077772808434702e+00
4.8646475828327444546062e+00
4.8573995352347294485185e+00
4.8529149999736640452852e+00
4.8498566325129095488933e+00
4.8501719510798722012623e+00
4.8519818966342400656799e+00
4.8525613902823225842553e+00
4.8493289092414695318212e+00
4.8545562036165597064041e+00
4.8563441353210574646937e+00
4.8565096173842281501720e+00
4.8590090467327913259510e+00
4.8602200718749095642579e+00
4.8580167833750307337937e+00
4.8547311970578581608038e+00
4.8510371908794587270108e+00
4.8499217013980997492695e+00
4.8514636450823438451607e+00
4.8531050105060735688767e+00
4.8527653061929987288181e+00
4.8535836750709657749780e+00
4.8540684669564813091824e+00
4.8596972180129656138092e+00
4.8629157307609967020312e+00
4.8616218683259599941948e+00
4.8581524083735079244661e+00
4.8582901002243836785510e+00
4.8556792892598670263737e+00
4.8551303748348813016378e+00
4.8567943863948466187708e+00
4.8544225454628504579091e+00
4.8525165797670455347657e+00
4.8555464486421904268809e+00
4.8588261138412738304737e+00
4.8595648803772348856000e+00
4.8602706062590277369395e+00
4.8578108565778803651369e+00
4.8555701755216915671554e+00
4.8544057937967588500783e+00
4.8584239636338137913185e+00
4.8589986225907697559023e+00
4.8592571556634425178345e+00
4.8569547506007575421449e+00
4.8610681394647254904839e+00
4.8621350647046597259759e+00
4.8611065961562047732514e+00
4.8624627305578558278398e+00
4.8625539567853870437375e+00
4.8575947309050109268469e+00
4.8563462022630954351143e+00
4.8563103863081202860030e+00
4.8571861599887453664337e+00
4.8572767365715376897128e+00
4.8542118020317142068620e+00
4.8529457248790777157410e+00
4.8545379509018182773161e+00
4.8545328862097782973706e+00
4.8560343689266671773908e+00
4.8598461065616529452882e+00
4.8579872711421678843635e+00
4.8535203455287483365055e+00
4.8513457940016708747066e+00
4.8500999647332552200396e+00
4.8508632825894899553987e+00
4.8510614168805474832880e+00
4.8533729772046187989076e+00
4.8554637045874331491291e+00
4.8552046309643870358741e+00
4.8580005388538314292646e+00
4.8593285681061324510210e+00
4.8584716691344498329386e+00
4.8550832887325539033441e+00
4.8527708056396852143166e+00
4.8510688427394379473867e+00
4.8534374522776264626600e+00
4.8550570607357634855816e+00
4.8534037604671276255885e+00
4.8566806445402903591457e+00
4.8580969497827730663175e+00
4.8622336176663845108692e+00
4.8623970702330083781817e+00
4.8655358633522425293449e+00
4.8599849056075976605484e+00
4.8551590616021202961861e+00
4.8530649407117021354452e+00
4.8523018899706489293067e+00
4.8499728878043706359335e+00
4.8521901435142700265146e+00
4.8487153439046490888131e+00
4.8518451689135426718735e+00
4.8566617051218248235500e+00
4.8568457355979228751153e+00
4.8595423704216402782663e+00
4.8606570538155420280191e+00
4.8548230633401150413420e+00
4.8532231472235931590831e+00
4.8487618157724856615687e+00
4.8474820560349893838747e+00
4.8486852250219163451561e+00
4.8516885879404219039657e+00
4.8518689586797112411887e+00
4.8556690159830484532222e+00
4.8568132870469495898647e+00
4.8582274705676482540184e+00
4.8573620020955408094210e+00
4.8595211662098360960726e+00
4.8525945098666172228263e+00
4.8516816981537145281322e+00
4.8506931565492594771172e+00
4.8540791392461706266204e+00
4.8542422706835353096722e+00
4.8536701927500232045531e+00
4.8505704504588837977508e+00
4.8544080342661048987907e+00
4.8550778517413428758687e+00
4.8576380673215711070156e+00
4.8597036995576825546550e+00
4.8556360097183217661154e+00
4.8519420728762661099154e+00
4.8501593111401710700648e+00
4.8491356693458991244938e+00
4.8489575843225969364880e+00
4.8528769969717124865838e+00
4.8541217191993366597558e+00
4.8532960987488991122518e+00
4.8555829090270288261877e+00
4.8575859888416674792211e+00
4.8589150054438370318621e+00
4.8593015059475686001633e+00
4.8567513371787303100291e+00
4.8555345328000747429087e+00
4.8533475538576587027251e+00
4.8532285334351223937688e+00
4.8529458836385614972642e+00
4.8537970962573373512328e+00
4.8513389872771854882672e+00
4.8546997387381125577122e+00
4.8534193898010808965182e+00
4.8548461581127249075962e+00
4.8574658877336975848493e+00
4.8527977986702044432832e+00
4.8479938545106131542184e+00
4.8495293097975906704278e+00
