1.8844139482036366825923e+05
1.8844139482036366825923e+05
1.8844139482036366825923e+05
1.8844139482036369736306e+05
1.8844139482036363915540e+05
1.8844139482036358094774e+05
1.8844139482036352274008e+05
1.8844139482036349363625e+05
1.8844139482037580455653e+05
1.8844139482051710365340e+05
1.8844139482082851463929e+05
1.8844139482124676578678e+05
1.8844139482176827732474e+05
1.8844139482270414009690e+05
1.8844139482354992651381e+05
1.8844139482472199597396e+05
1.8844139482547997613437e+05
1.8844139482664482784458e+05
1.8844139482757047517225e+05
1.8844139482872214284725e+05
1.8844139482965774368495e+05
1.8844139483094439492561e+05
1.8844139483191957697272e+05
1.8844139483326079789549e+05
1.8844139483412902336568e+05
1.8844139483554725302383e+05
1.8844139483626559376717e+05
1.8844139483772296807729e+05
1.8844139483845545328222e+05
1.8844139483991934685037e+05
1.8844139484067127341405e+05
1.8844139484216642449610e+05
1.8844139484282047487795e+05
1.8844139484434810583480e+05
1.8844139484543693833984e+05
1.8844139484727187664248e+05
1.8844139484711759723723e+05
1.8844139484875989728607e+05
1.8844139484914374770597e+05
1.8844139485047236667015e+05
1.8844139485132679692470e+05
1.8844139485322800464928e+05
1.8844139485342527041212e+05
1.8844139485522671020590e+05
1.8844139485617162426934e+05
1.8844139485778732341714e+05
1.8844139485841029090807e+05
1.8844139485922874882817e+05
1.8844139486004237551242e+05
1.8844139486160906380974e+05
1.8844139486211194889620e+05
1.8844139486363870673813e+05
1.8844139486439767642878e+05
1.8844139486560158547945e+05
1.8844139486648337333463e+05
1.8844139486825521453284e+05
1.8844139486861781915650e+05
1.8844139486955341999419e+05
1.8844139487032586475834e+05
1.8844139487193975946866e+05
1.8844139487288551754318e+05
1.8844139487393209128641e+05
1.8844139487449961598031e+05
1.8844139487663147156127e+05
1.8844139487699244637042e+05
1.8844139487840107176453e+05
1.8844139487954744254239e+05
1.8844139488030940992758e+05
1.8844139488103261101060e+05
1.8844139488251871080138e+05
1.8844139488338833325543e+05
1.8844139488494087709114e+05
1.8844139488513060496189e+05
1.8844139488725020783022e+05
1.8844139488824486033991e+05
1.8844139488939021248370e+05
1.8844139489071580464952e+05
1.8844139489179869997315e+05
1.8844139489198167575523e+05
1.8844139489372420939617e+05
1.8844139489467869861983e+05
1.8844139489627166767605e+05
1.8844139489696765667759e+05
1.8844139489864095230587e+05
1.8844139489945844979957e+05
1.8844139490143733564764e+05
1.8844139490203172317706e+05
1.8844139490283405757509e+05
1.8844139490398665657267e+05
1.8844139490548279718496e+05
1.8844139490614138776436e+05
1.8844139490798386395909e+05
1.8844139490883972030133e+05
1.8844139491017983527854e+05
1.8844139491090719820932e+05
1.8844139491238340269774e+05
1.8844139491376909427345e+05
1.8844139491477992851287e+05
1.8844139491549445665441e+05
1.8844139491752631147392e+05
1.8844139491797232767567e+05
1.8844139491994588752277e+05
1.8844139492083186632954e+05
1.8844139492195882485248e+05
1.8844139492316971882246e+05
1.8844139492486105882563e+05
1.8844139492555311881006e+05
1.8844139492690184852108e+05
1.8844139492747231270187e+05
1.8844139492924601654522e+05
1.8844139493034873157740e+05
1.8844139493195089744404e+05
1.8844139493230101652443e+05
1.8844139493383598164655e+05
1.8844139493524705176242e+05
1.8844139493655943078920e+05
1.8844139493709328235127e+05
1.8844139493881922680885e+05
1.8844139493903651600704e+05
1.8844139494052689406089e+05
1.8844139494119750452228e+05
1.8844139494326213025488e+05
1.8844139494399804971181e+05
1.8844139494510786607862e+05
1.8844139494646521052346e+05
1.8844139494779013330117e+05
1.8844139494835483492352e+05
1.8844139495019661262631e+05
1.8844139495034803985618e+05
1.8844139495221935794689e+05
1.8844139495377990533598e+05
1.8844139495471751433797e+05
1.8844139495574188185856e+05
1.8844139495729326154105e+05
1.8844139495816570706666e+05
1.8844139495975378667936e+05
1.8844139496065184357576e+05
1.8844139496174803934991e+05
1.8844139496246591443196e+05
1.8844139496471965685487e+05
1.8844139496530953329057e+05
1.8844139496644411701709e+05
1.8844139496751539991237e+05
1.8844139496912187314592e+05
1.8844139497002208372578e+05
1.8844139497127162758261e+05
1.8844139497265327372588e+05
1.8844139497441187268123e+05
1.8844139497440401464701e+05
1.8844139497611345723271e+05
1.8844139497703689266928e+05
1.8844139497832127381116e+05
1.8844139497966298949905e+05
1.8844139498082554200664e+05
1.8844139498167467536405e+05
1.8844139498383898171596e+05
1.8844139498433488188311e+05
1.8844139498566213296726e+05
1.8844139498643332626671e+05
1.8844139498773784725927e+05
1.8844139498874248238280e+05
1.8844139499036411871202e+05
1.8844139499114154023118e+05
1.8844139499275336856954e+05
1.8844139499369377153926e+05
1.8844139499538682866842e+05
1.8844139499578939285129e+05
1.8844139499702854664065e+05
1.8844139499798658653162e+05
1.8844139499944529961795e+05
1.8844139500006116577424e+05
1.8844139500184415373951e+05
1.8844139500310234143399e+05
1.8844139500412566121668e+05
1.8844139500524356844835e+05
1.8844139500716663314961e+05
1.8844139500774495536461e+05
1.8844139500954237882979e+05
1.8844139501022890908644e+05
1.8844139501153954188339e+05
1.8844139501317616668530e+05
1.8844139501468336675316e+05
1.8844139501496500452049e+05
1.8844139501662581460550e+05
1.8844139501773807569407e+05
1.8844139501965095405467e+05
1.8844139502077930956148e+05
1.8844139502218135748990e+05
1.8844139502319577150047e+05
1.8844139502425465616398e+05
1.8844139502539526438341e+05
1.8844139502687711501494e+05
1.8844139502762851770967e+05
1.8844139502956136129797e+05
1.8844139503049556515180e+05
1.8844139503213806892745e+05
1.8844139503340021474287e+05
1.8844139503514597890899e+05
1.8844139503548655193299e+05
1.8844139503703734953888e+05
1.8844139503882054123096e+05
