3.5450849471961225489736e+00
3.5450849471961145553678e+00
3.5450849471961070058512e+00
3.5450849471961030090483e+00
3.5450849471960976799778e+00
3.5450849471960967917994e+00
3.5450849471960821368555e+00
3.5450849471958929548521e+00
3.5450849479033630373692e+00
3.5450864054369835010050e+00
3.5455209086336774149117e+00
3.5460241501867688640459e+00
3.5470950443885191916138e+00
3.5477444709057976979238e+00
3.5482843108086008498958e+00
3.5497019152912852035797e+00
3.5508211134816152210192e+00
3.5521605958845077211095e+00
3.5534059993072903971267e+00
3.5548076918643296551181e+00
3.5559795843575074947296e+00
3.5570234336447845713280e+00
3.5581332635860576374398e+00
3.5589903279260646229432e+00
3.5597416707555185055867e+00
3.5605118040380872024286e+00
3.5614705225106058072981e+00
3.5624144259007803903216e+00
3.5632128657710375740919e+00
3.5638522064910773679003e+00
3.5647305579583483670092e+00
3.5653644829800836824063e+00
3.5661583415802460272914e+00
3.5669837275436679924212e+00
3.5682526665997040815625e+00
3.5690817090693909285903e+00
3.5702006642985475437513e+00
3.5705031781636766829990e+00
3.5709894220708542356135e+00
3.5718648056794202183539e+00
3.5722916518089333770547e+00
3.5723964991478118768953e+00
3.5734688128937213136282e+00
3.5737862202917525245027e+00
3.5739154862917170696335e+00
3.5746341615423395943196e+00
3.5750387274098871515093e+00
3.5750905133660686452401e+00
3.5751601478374239739821e+00
3.5757994457909556551556e+00
3.5761186096173966930678e+00
3.5759594564896581836422e+00
3.5765131391982984965239e+00
3.5768860690385793077439e+00
3.5775258785667816141540e+00
3.5775872485031583458692e+00
3.5785912876953482886222e+00
3.5788196116122357182121e+00
3.5787815329343728443234e+00
3.5789751202696642451428e+00
3.5795707242539549497451e+00
3.5791868421722550230868e+00
3.5799392000832099824947e+00
3.5800467280941878911449e+00
3.5803946356378864024350e+00
3.5815186968106074161255e+00
3.5810911382654881940368e+00
3.5822751599052620186114e+00
3.5829574696567516589596e+00
3.5828464544320213214235e+00
3.5829821112096773561007e+00
3.5827662743621337959610e+00
3.5828997104128714745741e+00
3.5837937137097028994503e+00
3.5845281398389210458788e+00
3.5842598391136015756331e+00
3.5851057876366754229025e+00
3.5846036102814053947441e+00
3.5852824460065710887591e+00
3.5859230078477968284290e+00
3.5853883817638609876610e+00
3.5857446854870600461140e+00
3.5859103777355110231895e+00
3.5860893802825448695160e+00
3.5865821942676632261282e+00
3.5872774488509096002531e+00
3.5871611454828151721586e+00
3.5879908635343409351037e+00
3.5877611356017045096678e+00
3.5883323395243631459550e+00
3.5884959102646352135935e+00
3.5885893418727023984616e+00
3.5884648871430613326083e+00
3.5885227902556051660099e+00
3.5883764333286474190743e+00
3.5889263282989576353543e+00
3.5891078225673327395384e+00
3.5895256620266562386234e+00
3.5900576849329572937108e+00
3.5896570537097174380392e+00
3.5900339438457034013652e+00
3.5903195527764877326149e+00
3.5906707553300938329244e+00
3.5897436521386363317276e+00
3.5902832303723877238610e+00
3.5904220838900271495220e+00
3.5903004159496187952527e+00
3.5910777496221664151221e+00
3.5919217775819922700009e+00
3.5915657397475633239026e+00
3.5920839468070440148040e+00
3.5920717914469642018105e+00
3.5925614336050633035313e+00
3.5920766442494258541274e+00
3.5925742445485453480103e+00
3.5918267546768087861153e+00
3.5926372767808785191335e+00
3.5922226171435198693871e+00
3.5927681334438634763728e+00
3.5933189327443177951693e+00
3.5930811703914931065640e+00
3.5931669176736904525171e+00
3.5935069032576620884356e+00
3.5934666379226585242179e+00
3.5937505283187887172858e+00
3.5932653377457866028521e+00
3.5932103390218741445494e+00
3.5939158946551805762226e+00
3.5932645075156282032935e+00
3.5944247217790379345104e+00
3.5949540689847712116034e+00
3.5937955013415283644918e+00
3.5946502661968930958380e+00
3.5947661722011279294975e+00
3.5943063647279855921113e+00
3.5947483432623443810883e+00
3.5938830511149939539450e+00
3.5940696870748300995047e+00
3.5945444047834489431636e+00
3.5943412666905327768063e+00
3.5953023681011302414845e+00
3.5951193009482804718857e+00
3.5952177617211380500351e+00
3.5957225266372683236682e+00
3.5959998908347006185693e+00
3.5955504879739694779062e+00
3.5957824782103551264356e+00
3.5955509956946736238592e+00
3.5953590820830001462127e+00
3.5959508745497674730984e+00
3.5963952886784888995919e+00
3.5961554962911601585063e+00
3.5977919945148912894695e+00
3.5965008072720650034171e+00
3.5975068311039435364762e+00
3.5968957495527797973978e+00
3.5971107416353604868675e+00
3.5971834206522461663269e+00
3.5975341124455368913004e+00
3.5968018565902313277149e+00
3.5974782806385912081737e+00
3.5972275559747886042317e+00
3.5986970158939515229690e+00
3.5984467821705332646331e+00
3.5982886193860275092504e+00
3.5986355743191480449639e+00
3.5980897668328588601128e+00
3.5982403544418537499894e+00
3.5986589227902294751971e+00
3.5978905142730925881267e+00
3.5984226730459076826207e+00
3.5979440554419173103895e+00
3.5989251502504626678558e+00
3.5985606477436355987720e+00
3.5990277437122433212835e+00
3.5993313621602789353915e+00
3.5989406545078241883573e+00
3.5991730198724760647622e+00
3.5990069592776205986695e+00
3.5991957138970058771577e+00
3.5990758788168917270411e+00
3.5992332095526680113551e+00
3.5993740693153304377461e+00
3.5998241741590186748567e+00
3.5995782517743304396163e+00
3.6004572004905561755095e+00
3.6001021898121097208900e+00
3.6004785058592516655551e+00
3.5996922401073025987728e+00
3.6000215020975252500079e+00
3.5999847757277252391361e+00
3.5996010787040830791739e+00
3.6003268572821083282065e+00
3.6003641723385788608880e+00
3.6009021351675096767053e+00
3.6005766561307797068991e+00
3.6013166936340597068522e+00
3.6014613295877020426872e+00
3.6010301122914518678897e+00
3.6008117565901840428921e+00
3.6018209074504361488778e+00
