1.7830593323201000544032e+01
1.7830593323201011202173e+01
1.7830593323201014754886e+01
1.7830593323201014754886e+01
1.7830593323201018307600e+01
1.7830593323201018307600e+01
1.7830593323201036071168e+01
1.7830593323201327393690e+01
1.7830593322089807628572e+01
1.7830591043295314079842e+01
1.7829780715595660467443e+01
1.7828842667001392641168e+01
1.7826811936921387768962e+01
1.7825767660439478135004e+01
1.7824886813693385789747e+01
1.7822372051634872036630e+01
1.7820418905042320290022e+01
1.7817991139851752535606e+01
1.7815829664840279633609e+01
1.7813334344813014809006e+01
1.7811266221304187240548e+01
1.7809575458683067239463e+01
1.7807766183069233534297e+01
1.7806449337191253334822e+01
1.7805164292073712317688e+01
1.7804006664928241576717e+01
1.7802290060668177318348e+01
1.7801103068727947231764e+01
1.7799695960998409560716e+01
1.7798804501976398739771e+01
1.7797460666702768605774e+01
1.7796586490916610046042e+01
1.7795356762478956369478e+01
1.7794075036785852006460e+01
1.7792111981439148848949e+01
1.7791028026066260991911e+01
1.7789159434794250103096e+01
1.7788983942092155388082e+01
1.7788177608966709186689e+01
1.7786973588973957305370e+01
1.7786139044832061983925e+01
1.7785944016362666530995e+01
1.7784666487223493192005e+01
1.7784224618413347229762e+01
1.7783822089380748820986e+01
1.7782857065069762825260e+01
1.7782256841392133139834e+01
1.7781982735258885952589e+01
1.7782024348552383230526e+01
1.7781123204073409738157e+01
1.7780564573753448343041e+01
1.7780487256426194875303e+01
1.7779562168915244768641e+01
1.7779274297790617964665e+01
1.7778397779660185307193e+01
1.7778228122216965800817e+01
1.7776789771443908705351e+01
1.7776588460140207104132e+01
1.7776370192965867289558e+01
1.7776391100883028428825e+01
1.7775333504349049462689e+01
1.7775979293619066368137e+01
1.7774517663369046260868e+01
1.7774423999747487101786e+01
1.7773838929603453351547e+01
1.7772237747072264113513e+01
1.7772850861122236665324e+01
1.7771166244635523412398e+01
1.7770391136536332510332e+01
1.7770323361354488866937e+01
1.7770117182979451087022e+01
1.7770545331312426640125e+01
1.7770116049159643267785e+01
1.7769323978320976209488e+01
1.7768167695215918655549e+01
1.7768304047795716371638e+01
1.7767171555923756187667e+01
1.7767990483140444268884e+01
1.7766791021054718413552e+01
1.7766544917548884541247e+01
1.7766567201803823650152e+01
1.7765854493563974614290e+01
1.7765869514312527144284e+01
1.7765692171033375501565e+01
1.7764960281546784415241e+01
1.7763959758967157398502e+01
1.7764196401346762144158e+01
1.7762899804909928036523e+01
1.7763205327718658566027e+01
1.7762901081051669649469e+01
1.7762414543912896647271e+01
1.7762120042002969455552e+01
1.7761999943720088168675e+01
1.7762238636404987346396e+01
1.7762222695091953283963e+01
1.7761535323517286144579e+01
1.7761464542374120867407e+01
1.7760429733592861367697e+01
1.7759799195044966069190e+01
1.7760611340377579381311e+01
1.7759878880224182040592e+01
1.7760080115474099926587e+01
1.7759233564686617512507e+01
1.7760271154572585317055e+01
1.7759650933452377330468e+01
1.7759383349349164404885e+01
1.7759282037706778822894e+01
1.7758501890601365857947e+01
1.7757238096845860297890e+01
1.7757571842741128875787e+01
1.7756947523298858726548e+01
1.7757246660803357229952e+01
1.7756832100535405061237e+01
1.7757084427718879737768e+01
1.7756392623553718834728e+01
1.7757586102686751416968e+01
1.7756147015170558489672e+01
1.7756925106921404022842e+01
1.7756433254857551418127e+01
1.7755247518299814402098e+01
1.7755558077267306060776e+01
1.7755401627739381353877e+01
1.7755272524228153940840e+01
1.7755274490207114013174e+01
1.7755181600110478967736e+01
1.7754962726373786807699e+01
1.7755393084533590553065e+01
1.7754331406309571406155e+01
1.7755619483569493155528e+01
1.7753955283063270087496e+01
1.7753418730268588632271e+01
1.7754439638685560964859e+01
1.7753417150049713768567e+01
1.7753532815140527389985e+01
1.7754488820606521670697e+01
1.7753371452033874788867e+01
1.7754513344820519904488e+01
1.7754113232851729264894e+01
1.7753465504463189716944e+01
1.7753687456057079430138e+01
1.7753027593703357922550e+01
1.7752970103214451569329e+01
1.7752691291747755286679e+01
1.7752063884570286944609e+01
1.7751960542970039114152e+01
1.7752358409913306047656e+01
1.7752524451025273322102e+01
1.7752136725758752788806e+01
1.7752394331971139251891e+01
1.7751338992796380722439e+01
1.7750662569849950500611e+01
1.7751004127027105283787e+01
1.7749314063456239409788e+01
1.7750663412453768330579e+01
1.7749175187712936008211e+01
1.7750190742919695452429e+01
1.7750196450732307340559e+01
1.7749903073078591830836e+01
1.7749597838873540922577e+01
1.7750517921181288016896e+01
1.7749234687995219417189e+01
1.7749337417204625211298e+01
1.7748222826950488695275e+01
1.7748443896001706576726e+01
1.7748411611405671806097e+01
1.7747954277317631976985e+01
1.7748921638412657131312e+01
1.7747910260752004063534e+01
1.7748201228363555514989e+01
1.7749208839096393575119e+01
1.7747835077480885956902e+01
1.7748614260031299494358e+01
1.7747428310291908815088e+01
1.7747870828311061330851e+01
1.7747408189811750389708e+01
1.7747217291716538056789e+01
1.7747320644246990184456e+01
1.7746810809431334376995e+01
1.7747545283462883958236e+01
1.7746960698494376629242e+01
1.7747263056919297952163e+01
1.7747014250843331950591e+01
1.7746743323129550162776e+01
1.7746105206286230782098e+01
1.7746806251251811659131e+01
1.7745555937781187338942e+01
1.7746008072714914760581e+01
1.7745294665460491501108e+01
1.7746623506871834763388e+01
1.7745951881907533476124e+01
1.7745773323937680032714e+01
1.7746715889657281195468e+01
1.7745009474476891142558e+01
1.7745087530011726784096e+01
1.7744481840537883243769e+01
1.7745124146197277070769e+01
1.7743963166827722233165e+01
1.7744067173603294662598e+01
1.7744043686373828450087e+01
1.7744929178591679175270e+01
1.7743447563322195748015e+01
