1.2566370614326906718361e+01
1.2566370614326906718361e+01
1.2566370614326901389290e+01
1.2566370614326906718361e+01
1.2566370614326906718361e+01
1.2566370614326904942004e+01
1.2566370614326910271075e+01
1.2566370614326901389290e+01
1.2566370614326912047432e+01
1.2566370614326894283863e+01
1.2566370614326899612934e+01
1.2566370614326904942004e+01
1.2566370614326912047432e+01
1.2566370614326908494718e+01
1.2566370614326908494718e+01
1.2566370614326915600145e+01
1.2566370614326906718361e+01
1.2566370614326906718361e+01
1.2566370614326908494718e+01
1.2566370614326904942004e+01
1.2566370614326896060220e+01
1.2566370614326906718361e+01
1.2566370614326910271075e+01
1.2566370614326910271075e+01
1.2566370614326910271075e+01
1.2566370614326906718361e+01
1.2566370614326906718361e+01
1.2566370614326910271075e+01
1.2566370614326912047432e+01
1.2566370614326910271075e+01
1.2566370614326912047432e+01
1.2566370614326896060220e+01
1.2566370614326910271075e+01
1.2566370614326906718361e+01
1.2566370614326901389290e+01
1.2566370614326910271075e+01
1.2566370614326899612934e+01
1.2566370614326903165647e+01
1.2566370614326906718361e+01
1.2566370614326904942004e+01
1.2566370614326917376502e+01
1.2566370614326904942004e+01
1.2566370614326913823788e+01
1.2566370614326906718361e+01
1.2566370614326915600145e+01
1.2566370614326906718361e+01
1.2566370614326906718361e+01
1.2566370614326910271075e+01
1.2566370614326899612934e+01
1.2566370614326908494718e+01
1.2566370614326908494718e+01
1.2566370614326910271075e+01
1.2566370614326906718361e+01
1.2566370614326910271075e+01
1.2566370614326908494718e+01
1.2566370614326903165647e+01
1.2566370614326906718361e+01
1.2566370614326906718361e+01
1.2566370614326903165647e+01
1.2566370614326915600145e+01
1.2566370614326901389290e+01
