3.5450849471961221048844e+00
3.5450849471932306400390e+00
3.5450849471923686628827e+00
3.5450849471906575871571e+00
3.5450849471900034437510e+00
3.5450849471886587416236e+00
3.5450849471877217133908e+00
3.5450849471860510497834e+00
3.5450849471835312876067e+00
3.5450849471805194745855e+00
3.5450849471725449646442e+00
3.5450849471664960255168e+00
3.5450849471454906058909e+00
3.5450849471328949036320e+00
3.5450849470891139247897e+00
3.5450849470618810421740e+00
3.5450849469893062071435e+00
3.5450849469162748484052e+00
3.5450849468213285753393e+00
3.5450849466640836915587e+00
3.5450849465644953539822e+00
3.5450849462926865562906e+00
3.5450849461550757446560e+00
3.5450849457596382841018e+00
3.5450849455707897917023e+00
3.5450849450800610007661e+00
3.5450849447464749530923e+00
3.5450849442695018254312e+00
3.5450849439510352389959e+00
3.5450849453879991202143e+00
3.5450849573646419088391e+00
3.5450850436354661709970e+00
3.5450856262060308488060e+00
3.5450895504233082000667e+00
3.5451159248876358276448e+00
3.5452463612295916917105e+00
3.5456301105285472630158e+00
3.5458247075965214634152e+00
3.5458116264946726303720e+00
3.5458114654091352768717e+00
3.5458127904860727852565e+00
3.5458142600074902262008e+00
3.5458157040937607895614e+00
3.5458171843854566773757e+00
3.5458186779503484409304e+00
3.5458204859641897499500e+00
3.5458228816827710438986e+00
3.5458278393212108170474e+00
3.5458393529216292172634e+00
3.5458731239493959108700e+00
3.5459814957215711750393e+00
3.5461754063174435458450e+00
3.5462329384683122235344e+00
3.5464572683469759439845e+00
3.5464309423238074003848e+00
3.5467454187419109601365e+00
3.5467769956163852640429e+00
3.5469028638406849829323e+00
3.5469207172941041861236e+00
3.5469450416985166540940e+00
3.5469513455784604794019e+00
