1.2566370614291789194888e-03
2.6637381465037936016660e-04
1.7292393554571249794823e-04
1.9506815789681352692198e-04
3.2798129357600606438063e-05
1.3707292370475376332151e-04
1.1693676245493273942519e-06
7.9117775814963874916018e-05
2.4516451710012345694431e-06
3.7554059520125996837758e-05
7.7124777547463391967316e-06
1.4219881121602188358763e-05
9.2599526870303901302916e-06
3.8641242190714462359166e-06
7.6165656867173762279268e-06
5.0742775674665954061139e-07
4.9223732567382062104964e-06
4.4013045733482343654474e-09
2.6036165573064749112877e-06
2.2912802804962660923847e-07
1.1205747829102831378799e-06
4.0254328259453851108081e-07
3.7040998343739286916243e-07
3.9598736929857162229567e-07
7.7694722672552398125880e-08
2.8877461385486288254242e-07
3.6528402823947225928990e-09
1.6918690620633076202611e-07
4.4315483271022786461330e-09
8.0881425136631286074975e-08
1.5879838410405384867825e-08
3.0593739909618142490988e-08
1.9711343505497653044058e-08
8.3126707202234730794718e-09
1.7413275516062922997785e-08
6.2665034383063822739155e-09
2.6809656960748181909795e-08
2.1796480812027414385965e-08
2.7652219008966686194767e-08
2.3590629748554785979674e-08
2.6102125930729567685012e-08
2.5587613139923397113837e-08
2.5639719100823936170200e-08
2.6738826506739452085067e-08
2.6266315744315997631530e-08
2.8263908954284184218798e-08
2.6662778182821087263187e-08
2.9736787056898851055811e-08
2.6048053037227832305090e-08
3.4367480022733782077406e-08
2.3477060072639178155419e-08
4.4486447236381768143454e-08
2.4399489780722783730060e-08
4.6138598475890087096125e-08
3.2222640761584463191826e-08
4.2637926349089419618787e-08
4.1381791944914925643617e-08
4.2171590341053975151002e-08
4.3120578596387994228494e-08
4.2476264874058718714367e-08
4.2711969196050499458276e-08
