1.7830593323193685506567e+01
1.7830593323193660637571e+01
1.7830593323193692611994e+01
1.7830593323193703270135e+01
1.7830593323193706822849e+01
1.7830593323193699717422e+01
1.7830593323193607346866e+01
1.7830593323193543398020e+01
1.7830593323193301813490e+01
1.7830593323193255628212e+01
1.7830593323192616139750e+01
1.7830593323192552190903e+01
1.7830593323191465060518e+01
1.7830593323191280319406e+01
1.7830593323190107923892e+01
1.7830593323189511067994e+01
1.7830593323188601573293e+01
1.7830593323187450494061e+01
1.7830593323186960219573e+01
1.7830593323185340182135e+01
1.7830593323185226495298e+01
1.7830593323183581588864e+01
1.7830593323183435927604e+01
1.7830593323182082343692e+01
1.7830593323181787468457e+01
1.7830593323180963238883e+01
1.7830593323180394804695e+01
1.7830593323180011111617e+01
1.7830593323179350306873e+01
1.7830593323179201092898e+01
1.7830593323178469233881e+01
1.7830593323178490550163e+01
1.7830593323180316644994e+01
1.7830593323178188569500e+01
1.7830593323168791641820e+01
1.7830593323173751230115e+01
1.7830593323188974608229e+01
1.7830593323186096910149e+01
1.7830593323167761354853e+01
1.7830593323154733553793e+01
1.7830593323143887118931e+01
1.7830593323147628126435e+01
1.7830593323168372421605e+01
1.7830593323121984639101e+01
1.7830593323143119732777e+01
1.7830593323135815353453e+01
1.7830593323161739505167e+01
1.7830593323149265927441e+01
1.7830593323151532558768e+01
1.7830593323144313444573e+01
1.7830593323152751139560e+01
1.7830593323156051610567e+01
1.7830593323151987306119e+01
1.7830593323153578921847e+01
1.7830593323152392315478e+01
1.7830593323154516838258e+01
1.7830593323127942539941e+01
1.7830593323048184117852e+01
1.7830593323011186157601e+01
1.7830593322786445042993e+01
1.7830593322855836646568e+01
