6.2844419434118679035350e+00
6.2844418185348498440135e+00
6.2844418924936320536290e+00
6.2844418502778340851478e+00
6.2844418638587127290407e+00
6.2844418696732891049805e+00
6.2844418545873228509890e+00
6.2844418727800057666855e+00
6.2844418556710133216825e+00
6.2844418699398625349772e+00
6.2844418593209772083696e+00
6.2844418665578274385553e+00
6.2844418622258189088825e+00
6.2844418644224795400532e+00
6.2844418637212795530900e+00
6.2844418635391070537821e+00
6.2844418641905788192048e+00
6.2844418633899126191977e+00
6.2844418641678352344115e+00
6.2844418635189720490075e+00
6.2844418640115735641416e+00
6.2844418636766521402137e+00
6.2844418638816357258747e+00
6.2844418637779817515820e+00
6.2844418638136474442035e+00
6.2844418638206205329766e+00
6.2844418637922769832471e+00
6.2844418638286825284922e+00
6.2844418637937478067101e+00
6.2844418638235151064464e+00
6.2844418638024830414679e+00
6.2844418638264256671278e+00
6.2844418638747114869147e+00
6.2844418642607129399380e+00
6.2844418668280672690685e+00
6.2844418781204076651647e+00
6.2844419050358109046783e+00
6.2844419361583492289469e+00
6.2844419641005595522643e+00
6.2844419923870278310574e+00
6.2844420206489299829400e+00
6.2844420489782200078821e+00
6.2844420771858491292505e+00
6.2844421056387504975760e+00
6.2844421337122486903581e+00
6.2844421624377053703370e+00
6.2844421899952020993396e+00
6.2844422196661851032218e+00
6.2844422458044864043814e+00
6.2844422783952280653352e+00
6.2844423003622953416425e+00
6.2844423439823282606653e+00
6.2844423617179447916214e+00
6.2844424074595064411142e+00
6.2844424359912807176443e+00
6.2844424701277512568254e+00
6.2844425020723981845094e+00
6.2844425327029780348198e+00
6.2844425645483843467787e+00
6.2844425953390166128543e+00
6.2844426267296702448562e+00
