1.7830593323194005250798e+01
1.7830593323193568267016e+01
1.7830593323193273391780e+01
1.7830593323193625110434e+01
1.7830593323193795640691e+01
1.7830593323194023014366e+01
1.7830593323193994592657e+01
1.7830593323194570132273e+01
1.7830593323194865007508e+01
1.7830593323197533095481e+01
1.7830593323204901423651e+01
1.7830593323211221701285e+01
1.7830593323237575731355e+01
1.7830593323254497306607e+01
1.7830593323321625831568e+01
1.7830593323366311864220e+01
1.7830593323497225810570e+01
1.7830593323635120839299e+01
1.7830593323828367147144e+01
1.7830593324161938539874e+01
1.7830593324385517917108e+01
1.7830593325016483419176e+01
1.7830593325349536115709e+01
1.7830593326338831872135e+01
1.7830593326825301403460e+01
1.7830593328133328867580e+01
1.7830593329044432948649e+01
1.7830593330404205687501e+01
1.7830593331465188100537e+01
1.7830593328411623588181e+01
1.7830593301276010720358e+01
1.7830593101868490890638e+01
1.7830591749359680164844e+01
1.7830582518663277369342e+01
1.7830517483014144630715e+01
1.7830251302778552968675e+01
1.7829721037556407026159e+01
1.7829476892042571023467e+01
1.7829508990625107855976e+01
1.7829508641925858825061e+01
1.7829507292739446455698e+01
1.7829505757119800790633e+01
1.7829504229921592894925e+01
1.7829502702693964977243e+01
1.7829501180932023629566e+01
1.7829499543226479119085e+01
1.7829497640563417348858e+01
1.7829494610615395089326e+01
1.7829488606327053901168e+01
1.7829472310664861822715e+01
1.7829413469988772078523e+01
1.7829246822741222189279e+01
1.7829002654459010557275e+01
1.7828649401224691217749e+01
1.7828390919526359681413e+01
1.7828154433956648006188e+01
1.7828058155496993464340e+01
1.7828007290352111624543e+01
1.7827980184411210018425e+01
1.7827974352544789127251e+01
1.7827969092872606893252e+01
