1.2566370614291728479567e-03
1.1209830240274029893727e-03
7.7740822625736543099312e-04
3.8078947639485111490917e-04
9.3054261407179506351839e-05
6.7036390811568052415138e-08
7.7339306223177877136314e-05
2.2006401767414514617990e-04
3.1358343157897154446917e-04
2.9878001185778342747856e-04
1.9508732277251499844482e-04
7.3753405672784830629518e-05
5.0938521082891244980573e-06
1.5319010004571034533902e-05
7.8023252220714347376918e-05
1.3939682804864122946803e-04
1.5598592889048772634764e-04
1.2053439499448379836847e-04
5.9536702955497204300950e-05
1.1980459699327266774507e-05
1.4631557552500705303276e-06
2.5724331424376220680888e-05
6.0279486557853987629355e-05
7.9734833107552053818590e-05
7.1248341715148303613520e-05
4.3498288337354903694120e-05
1.4245255832905722679369e-05
1.0975968928553536001403e-06
6.9382473081746437901739e-06
2.4531756351661002557747e-05
3.8230816635050318252204e-05
4.0129879742399075022875e-05
2.8565751825694729858782e-05
1.3578288669645566539971e-05
2.2253924815488757062176e-06
2.0033317157023807967122e-06
8.8145708089581012499667e-06
1.7613334829507035211990e-05
2.0484678162780610232536e-05
1.7765893601516906510690e-05
9.5488374073223661450596e-06
3.6409577703071335880668e-06
8.7673220856393352470209e-07
3.9324486562266517560818e-06
7.9334050697420802701664e-06
1.1164459544243541662899e-05
1.0448672316127980287236e-05
8.0174736286173179798838e-06
3.1050675501666117548890e-06
1.1410135628037002521537e-06
1.2315684064010522574334e-06
3.7789711082821953383047e-06
5.1725418700134767981992e-06
6.3536970164250055763443e-06
4.2740360810712676447741e-06
2.6932213823694649278172e-06
8.9451006027592578687927e-07
1.2483757617639180918377e-06
1.7060185215002763011523e-06
3.1824196937849890374789e-06
3.3266508756226188182523e-06
4.1574894689824387039828e-06
2.5894174534238373211817e-06
1.5640108623452665017863e-06
9.6257414483949045658012e-07
1.2867113115956894229164e-06
1.2689778287890324529258e-06
2.8083227586903009774478e-06
1.7470751639284198709342e-06
1.8327016285415215261995e-06
1.0985584221403799397499e-06
1.1805386825895555695889e-06
1.3661715248847176347327e-06
1.7242011355272033999329e-06
1.0532531736172047518682e-06
1.9826242646555634895099e-06
1.0986236506664878536093e-06
1.5325058026681917025660e-06
7.0608605959932318057055e-07
1.0174175313175246515227e-06
8.1532705277504672305891e-07
1.6202907805668903351928e-06
1.5349907053289594054092e-06
2.2203138844474113937453e-06
1.2691920772824831735985e-06
1.1942510713633117116973e-06
7.6559582537549480998467e-07
1.5240985526088527723297e-06
5.7389656644739651060238e-07
1.3491079014087182763425e-06
8.0301849646292271986392e-07
1.1944025535390943290387e-06
1.3825067103353391657531e-06
1.5645002543591873736263e-06
9.4813682045575520670945e-07
1.5229107249226319104610e-06
8.2815102336869022066508e-07
1.5962192797259220728513e-06
1.1348230841864918895648e-06
1.0763041780988261772597e-06
1.1167832015139486656358e-06
1.6099040372724000414579e-06
8.0557129297503466838586e-07
1.6228398087739210172770e-06
8.0383693841682214741625e-07
1.4609153626113209286687e-06
8.1932622785182417942908e-07
1.1788056650094276388155e-06
1.1364640354390507659551e-06
1.3181658379661041707680e-06
6.3768369010440133202875e-07
1.5457929144879756900135e-06
1.1879476401852470671063e-06
1.5357897042252835544492e-06
1.0188926866743691350306e-06
1.5563509468848412955957e-06
7.3208156159723644547117e-07
1.4645967550586622264546e-06
7.8154340329044850272863e-07
9.7136623049888570823138e-07
1.0587227310937399721010e-06
2.1074041879500550026618e-06
9.5919705379911530406553e-07
1.5285655807898820883689e-06
6.6289005760683957315017e-07
1.6333527973105013999085e-06
1.0846975960943418214040e-06
1.1517680313997668349970e-06
9.3854569413488485565204e-07
1.1926265398483780865303e-06
7.8829866968914756814122e-07
1.9747864618499311137074e-06
1.0015326718722379974630e-06
1.8892138174232315428393e-06
9.2914262251336480782059e-07
7.9194702505225431171069e-07
8.2139640083292577280082e-07
1.7970569507345029525505e-06
1.0453116644281560259917e-06
1.3300282305744315833047e-06
7.6525143841835044798743e-07
1.3912721232665493192556e-06
9.3213455036781813871767e-07
1.9659019302368580541212e-06
8.2761401408738313458603e-07
1.1971057870921703873739e-06
9.8519005117275038024393e-07
1.4540056647224892218747e-06
1.4358018635208305676716e-06
1.0816870429906816453527e-06
8.6917805060092919074833e-07
1.9924841197059402053270e-06
6.0929755676608980218526e-07
1.3009492864814268092948e-06
1.0166160354129103211428e-06
1.1912819334768375497693e-06
1.2854226355750420467675e-06
1.3848303087580920514858e-06
8.0238240654118741066348e-07
1.8228054627133148777614e-06
6.1532851943753822328195e-07
1.7623080772023077000154e-06
1.5486946733036464258652e-06
1.4627890855199438697716e-06
9.3908408954521840439171e-07
1.1668294752060416923160e-06
1.0508386996574486008891e-06
1.5533954799299380288762e-06
1.1617192442796002420792e-06
1.7126993924199822767762e-06
7.2793509094739552072660e-07
1.7097492812445971280180e-06
1.1431623964258467505934e-06
1.9566417814849846801479e-06
1.0299195035373424525455e-06
1.3041860311438033072687e-06
1.0142876970311133423308e-06
1.2294106125004804201835e-06
1.2281159274735045567370e-06
2.3281338575252456516058e-06
7.9937023673476142965149e-07
1.9120929804447344651076e-06
1.0640139986067115489081e-06
1.1310938002442118998541e-06
1.4155548910031835738231e-06
1.1734496396904818064753e-06
1.0154461416588487303981e-06
2.2337698726918307653945e-06
9.9438760848219034427003e-07
1.4803140062857690360988e-06
1.0555268970588325224449e-06
1.9038236410890032407285e-06
1.2063098789715483135428e-06
1.5600936252171817455976e-06
9.6023522316408331524174e-07
1.0428071657154203771362e-06
1.0790391007216662712766e-06
2.1118379893896011691254e-06
1.0652905521960572330877e-06
1.5162629087716947798466e-06
8.5693178058366127005545e-07
