3.1415926731834172613844e+01
3.1415926731834169061131e+01
3.1415926731834165508417e+01
3.1415926731834169061131e+01
3.1415926731834165508417e+01
3.1415926731834169061131e+01
3.1415926731834169061131e+01
3.1415926731834169061131e+01
3.1415926731834169061131e+01
3.1415926731834169061131e+01
3.1415926731834165508417e+01
3.1415926731834169061131e+01
3.1415926731834169061131e+01
3.1415926731834169061131e+01
3.1415926731834169061131e+01
3.1415926731834165508417e+01
3.1415926731834169061131e+01
3.1415926731834165508417e+01
3.1415926731834165508417e+01
3.1415926731834169061131e+01
3.1415926731834169061131e+01
3.1415926731834169061131e+01
3.1415926731834169061131e+01
3.1415926731834169061131e+01
3.1415926731834165508417e+01
3.1415926731834165508417e+01
3.1415926731834172613844e+01
3.1415926731834172613844e+01
3.1415926731834169061131e+01
3.1415926731834169061131e+01
3.1415926731834165508417e+01
3.1415926731834169061131e+01
3.1415926731834172613844e+01
3.1415926731834165508417e+01
3.1415926731834169061131e+01
3.1415926731834169061131e+01
3.1415926731834165508417e+01
3.1415926731834172613844e+01
3.1415926731834169061131e+01
3.1415926731834165508417e+01
3.1415926731834169061131e+01
3.1415926731834169061131e+01
3.1415926731834172613844e+01
3.1415926731834169061131e+01
3.1415926731834165508417e+01
3.1415926731834172613844e+01
3.1415926731834169061131e+01
3.1415926731834169061131e+01
3.1415926731834169061131e+01
3.1415926731834169061131e+01
3.1415926731834165508417e+01
3.1415926731834169061131e+01
3.1415926731834165508417e+01
3.1415926731834172613844e+01
3.1415926731834169061131e+01
3.1415926731834165508417e+01
3.1415926731834169061131e+01
3.1415926731834169061131e+01
3.1415926731834172613844e+01
3.1415926731834169061131e+01
3.1415926731834169061131e+01
3.1415926731834169061131e+01
3.1415926731834172613844e+01
3.1415926731834169061131e+01
3.1415926731834172613844e+01
3.1415926731834169061131e+01
3.1415926731834172613844e+01
3.1415926731834169061131e+01
3.1415926731834169061131e+01
3.1415926731834169061131e+01
3.1415926731834165508417e+01
3.1415926731834165508417e+01
3.1415926731834169061131e+01
3.1415926731834169061131e+01
3.1415926731834169061131e+01
3.1415926731834165508417e+01
3.1415926731834165508417e+01
3.1415926731834165508417e+01
3.1415926731834169061131e+01
3.1415926731834172613844e+01
3.1415926731834172613844e+01
3.1415926731834161955703e+01
3.1415926731834169061131e+01
3.1415926731834165508417e+01
3.1415926731834165508417e+01
3.1415926731834161955703e+01
3.1415926731834165508417e+01
3.1415926731834169061131e+01
3.1415926731834172613844e+01
3.1415926731834169061131e+01
3.1415926731834169061131e+01
3.1415926731834172613844e+01
3.1415926731834172613844e+01
3.1415926731834172613844e+01
3.1415926731834165508417e+01
3.1415926731834169061131e+01
3.1415926731834165508417e+01
3.1415926731834169061131e+01
3.1415926731834172613844e+01
3.1415926731834169061131e+01
3.1415926731834169061131e+01
